176
170688752776140689054917394
170688751855476306512274194
170688750934811923969630994
170688750014147541426987794
170688749093483158884344594
170688748172818776341701394
170688747252154393799058194
170688746331490011256414994
170688745410825628713771794
170688744490161246171128594
170688743569496863628485394
40354819085813995419479682
45402756538646025260982066
50450693991478055102484450
55498631444310084943986834
60546568897142114785489218
60259754269140298691971682
55240498279108448924600930
50221242289076599157230178
45201986299044749389859426
40182730309012899622488674
35163474318981049855117922
30144218328949200087747170
25124962338917350320376418
20105706348885500553005666
15086450358853650785634914
10067194368821801018264162
5047938378789951250893410
170688752776140688095404818
170688751855476305552761618
170688750934811923010118418
170688750014147540467475218
170688749093483157924832018
170688748172818775382188818
170688747252154392839545618
170688746331490010296902418
170688745410825627754259218
170688744490161245211616018
170688743569496862668972818
35306881632981964618464722
40354819085813994459967106
45402756538646024301469490
50450693991478054142971874
55498631444310083984474258
60546568897142113825976642
65279010259172147499829858
60259754269140297732459106
55240498279108447965088354
50221242289076598197717602
45201986299044748430346850
40182730309012898662976098
35163474318981048895605346
30144218328949199128234594
25124962338917349360863842
20105706348885499593493090
15086450358853649826122338
10067194368821800058751586
5047938378789950291380834
170688751855476304593249042
170688750934811922050605842
170688750014147539507962642
170688749093483156965319442
170688748172818774422676242
170688747252154391880033042
170688746331490009337389842
170688745410825626794746642
170688744490161244252103442
170688743569496861709460242
170688742648832479166817042
30258944180149933817449762
35306881632981963658952146
40354819085813993500454530
45402756538646023341956914
50450693991478053183459298
55498631444310083024961682
70298266249203996307688034
65279010259172146540317282
60259754269140296772946530
55240498279108447005575778
50221242289076597238205026
45201986299044747470834274
40182730309012897703463522
35163474318981047936092770
30144218328949198168722018
25124962338917348401351266
20105706348885498633980514
15086450358853648866609762
10067194368821799099239010
5047938378789949331868258
170688750934811921091093266
170688750014147538548450066
170688749093483156005806866
170688748172818773463163666
170688747252154390920520466
170688746331490008377877266
170688745410825625835234066
170688744490161243292590866
170688743569496860749947666
170688742648832478207304466
25211006727317903016434802
30258944180149932857937186
35306881632981962699439570
40354819085813992540941954
45402756538646022382444338
50450693991478052223946722
55498631444310082065449106
75317522239235845115546210
70298266249203995348175458
65279010259172145580804706
60259754269140295813433954
55240498279108446046063202
50221242289076596278692450
45201986299044746511321698
40182730309012896743950946
35163474318981046976580194
30144218328949197209209442
25124962338917347441838690
20105706348885497674467938
15086450358853647907097186
10067194368821798139726434
5047938378789948372355682
170688750014147537588937490
170688749093483155046294290
170688748172818772503651090
170688747252154389961007890
170688746331490007418364690
170688745410825624875721490
170688744490161242333078290
170688743569496859790435090
170688742648832477247791890
170688741728168094705148690
20163069274485872215419842
25211006727317902056922226
30258944180149931898424610
35306881632981961739926994
40354819085813991581429378
45402756538646021422931762
50450693991478051264434146
80336778229267693923404386
75317522239235844156033634
70298266249203994388662882
65279010259172144621292130
60259754269140294853921378
55240498279108445086550626
50221242289076595319179874
45201986299044745551809122
40182730309012895784438370
35163474318981046017067618
30144218328949196249696866
25124962338917346482326114
20105706348885496714955362
15086450358853646947584610
10067194368821797180213858
170688749093483154086781714
170688748172818771544138514
170688747252154389001495314
170688746331490006458852114
170688745410825623916208914
170688744490161241373565714
170688743569496858830922514
170688742648832476288279314
170688741728168093745636114
15115131821653841414404882
20163069274485871255907266
25211006727317901097409650
30258944180149930938912034
35306881632981960780414418
40354819085813990621916802
45402756538646020463419186
50450693991478050304921570
85356034219299542731262562
80336778229267692963891810
75317522239235843196521058
70298266249203993429150306
65279010259172143661779554
60259754269140293894408802
55240498279108444127038050
50221242289076594359667298
45201986299044744592296546
40182730309012894824925794
35163474318981045057555042
30144218328949195290184290
25124962338917345522813538
20105706348885495755442786
15086450358853645988072034
170688748172818770584625938
170688747252154388041982738
170688746331490005499339538
170688745410825622956696338
170688744490161240414053138
170688743569496857871409938
170688742648832475328766738
170688741728168092786123538
170688740807503710243480338
15115131821653840454892306
20163069274485870296394690
25211006727317900137897074
30258944180149929979399458
35306881632981959820901842
40354819085813989662404226
45402756538646019503906610
90375290209331391539120738
85786095045035143439639730
85356034219299541771749986
80336778229267692004379234
75317522239235842237008482
70298266249203992469637730
65279010259172142702266978
60259754269140292934896226
55240498279108443167525474
50221242289076593400154722
10029225937568182830725506
45201986299044743632783970
40182730309012893865413218
35163474318981044098042466
30144218328949194330671714
25124962338917344563300962
90831601943894728549870690
20105706348885494795930210
170688747252154387082470162
170688746331490004539826962
170688745410825621997183762
170688744490161239454540562
170688743569496856911897362
170688742648832474369254162
170688741728168091826610962
170688740807503709283967762
85358641625005933717888610
85358640704341551175245410
85358639783677168632602210
85358638863012786089959010
85358637942348403547315810
85358637021684021004672610
85358636101019638462029410
85358635180355255919386210
85358634259690873376743010
15115131821653839495379730
20163069274485869336882114
25211006727317899178384498
30258944180149929019886882
35306881632981958861389266
40354819085813988702891650
45402756538646018544394034
90375290209331390579608162
80738157592203112638624770
85356034219299540812237410
80336778229267691044866658
75317522239235841277495906
70298266249203991510125154
65279010259172141742754402
