47
74251679895304221831
74251656084022439751
74251632272740657671
74251608461458875591
74251584650177093511
74251560838895311431
74251537027613529351
74251513216331747271
74251489405049965191
74251465593768183111
74251441782486401031
74251417971204618951
74251394159922836871
74251370348641054791
35308907045603250247
30257103432170707787
30257103432160948425
2525926149928862865
4998085365007995487
2579671824402069052
4998085364998236125
12416801786807140943
14890104450073871958
74251679895299342150
74251656084017560070
74251632272735777990
74251608461453995910
74251584650172213830
74251560838890431750
74251537027608649670
74251513216326867590
74251489405045085510
74251465593763303430
74251441782481521350
74251417971199739270
74251394159917957190
74251370348636175110
74251346537354393030
35308907045608129928
30257103432175587468
4998085365012875168
7470244580092007790
2525929232769807916
7470244580082248428
14888937190155355396
74251656084012680389
74251632272730898309
74251608461449116229
74251584650167334149
74251560838885552069
74251537027603769989
74251513216321987909
74251489405040205829
74251465593758423749
74251441782476641669
74251417971194859589
74251394159913077509
74251370348631295429
74251346537349513349
37834808852324401158
44879662193731461409
44879662193721702047
7470244580096887471
9942403795176020093
4998088447853820219
9942403795166260731
14888984813177815007
14890104460838448244
74251632272726018628
74251608461444236548
74251584650162454468
74251560838880672388
74251537027598890308
74251513216317108228
74251489405035326148
74251465593753544068
74251441782471761988
74251417971189979908
74251394159908197828
74251370348626415748
74251346537344633668
74251322726062851588
44879662193736341090
9942403795180899774
12414563010260032396
7470247662937832522
12414563010250273034
2579671296200999207
19835517693005383386
14888937200919931682
74251608461439356867
74251584650157574787
74251560838875792707
74251537027594010627
74251513216312228547
74251489405030446467
74251465593748664387
74251441782466882307
74251417971185100227
74251394159903318147
74251370348621536067
74251346537339753987
74251322726057971907
44879665276577286141
12414563010264912077
14886722225344044699
9942406878021844825
14886722225334285337
2581933368433866502
2525928704568738071
14888985891099347907
12416801797561957867
3654497730207833213
14890128272125110005
14890104471603024530
14888938871712946720
74251584650152695106
74251560838870913026
74251537027589130946
74251513216307348866
74251489405025566786
74251465593743784706
74251441782462002626
74251417971180220546
74251394159898438466
74251370348616656386
74251346537334874306
74251322726053092226
74251298914771310146
32409094016254024284
32409094016244264922
14886722225348924380
17358881440428057002
12414566093105857128
17358881440418297640
2525926149894705098
2584195440666733797
4998087919652750374
12416801269380406746
14889008635219293692
14891175451101560930
14888984812728678918
14888937211684507968
74251560838866033345
74251537027584251265
74251513216302469185
74251489405020687105
74251465593738905025
74251441782457122945
74251417971175340865
74251394159893558785
74251370348611776705
74251346537329994625
74251322726048212545
74251298914766430465
32409094016258903965
20153496205305622867
20153496205295863505
17358881440432936683
19831040655512069305
14886725308189869431
19831040655502309943
2525926149899584779
4998085364978717401
7470247134736762677
14888984823932631931
12416849420135281389
7472484412982699855
3652259469261627679
14890103954405734698
3651140338788524912
2633413877039405971
14890128282889686291
9943522923164225434
14890104482367600816
14889008634779916965
2848384739402596287
74251537027579371584
74251513216297589504
74251489405015807424
74251465593734025344
74251441782452243264
74251417971170461184
74251394159888679104
74251370348606897024
74251346537325114944
74251322726043332864
74251298914761550784
74251275103479768704
20153496205310502548
22679398012021894097
22679398012012134735
32409097099099849016
19831040655516948986
22303199870596081608
17358884523273881734
22303199870586322246
4998085364983597082
7470244580062729704
9942406349820774980
7473674977315787905
14889009691582395934
14891199273592175704
3651139832165404449
2579671285407144835
3652257960166601938
4998084856090386724
14888984823493255204
14888938300399895240
14891175461866137216
14890103953966357971
14888937222449084254
4998084855651007788
2794641641147214688
2794642147770335151
74251513216292709823
74251489405010927743
74251465593729145663
74251441782447363583
74251417971165581503
74251394159883799423
74251370348602017343
74251346537320235263
74251322726038453183
74251298914756671103
74251275103474889023
22679398012026773778
20153499288151447599
22303199870600961289
24775359085680093911
19831043738357894037
24775359085670334549
7470244580067609385
9942403795146742007
12414565564904787283
12416802853925060109
12416801776008406890
7472483874021933405
12416802843150724461
2525926149880066055
3650021208315422145
2525928693774883699
2633416420934223615
14899301828339060139
14906161031807646984
7470244071174399027
14888936672723741518
14890128293654262577
9943522933928801720
14891199273152798977
