41
335771582621201
662954001333996
663148537886479
1318306792559695
3938992353654313
3938987606375833
3938982859097353
3938978111818873
3938973364540393
3938968617261913
3938963869983433
3938959122704953
3938954375426473
990335935727957
1318311537012414
1317717870121918
1317912406674401
2323827954858056
1318344878237096
1318335383680136
1318325889123176
663153279513437
1317907546298241
1318316281465133
3938982853445831
3938978106167351
3938973358888871
3938968611610391
3938963864331911
3938959117053431
3938954369774951
3938949622496471
1645099804515879
1318321025917852
1972481738909840
343956114026483
1317917148301359
663158021140395
335571721990430
1318325770370571
3938978103341590
3938973356063110
3938968608784630
3938963861506150
3938959114227670
3938954366949190
3938949619670710
3938973353237349
3938968605958869
3938963858680389
3938959111401909
3938954364123429
3938949616844949
3938944869566469
2299863673303801
1317912290750960
662953656384391
1318330514823290
1318302031152410
662948688560392
335771565666635
998520139136519
335980230955156
990335590778352
1988479971247811
1317917035203679
1318325877820132
1318316383263172
1319114638280870
662953543285030
1318335259276009
1318306775605129
3938968603133108
3938963855854628
3938959108576148
3938954361297668
3938949614019188
3938944866740708
662953435838872
1317717525172313
990335477678991
1318311520057848
662958183117352
1317921889928317
1319513765789719
1317727019730995
1318511143188575
1318910383798507
998330010566155
1319114632629348
662958287737749
1317907529343675
3939168132943079
1653084492246678
1318316264510567
1973493508297703
1973488761019223
1973484013740743
1973479266462263
1973474519183783
998524880763477
1317921779656398
1318302025500888
3939168130117318
2323842193867735
1318321008963286
369307892550525
1319513760138197
1319314142658992
1325711944960116
1318506393084334
1318715392019416
1318306769953607
1318515774540211
3939168127291557
369307895376286
3939168124465796
1317912273796394
1318311514406326
343756490895756
369502649650167
369502646824406
1319314137007470
1317736514287955
1318511137537053
3939168121640035
1318715386367894
2323827943555012
1318515768888689
1318316258859045
1317917018249113
1317727008427951
1318325643144086
1318320895865606
1318316148587126
3939168118814274
3939168115988513
1318515763237167
3939168113162752
1317912268144872
1317921762701832
3939168110336991
1317917012597591
3939168107511230
200474167278
2343528918066
205326069558
395002242478
784640849292
2343511963500
784742647331
200120740390
2343506311978
210189274882
784963197975
784623894726
2343503486217
2343500660456
200457212712
205320418036
394985287912
784731344287
2343497834695
204862367348
784618243204
1174251198496
784496668241
220045746345
813673057409
205190362387
1840188563739473869527
1542900828800903479357
16974015842864763445433
1335880805295043722071
10336401085108320363747
9410761084410573144306
7559440792421910439146
7559454223066142993226
7559441112008923773626
10336401086462100072432
7559455517393546997870
7722735223513398875
7722727238590995515
7722719253668592155
7722711268746188795
7722703283823785435
7722695298901382075
7722687313978978715
564095447636047481
7722727238588169754
7722719253665766394
7722711268743363034
7722703283820959674
7722695298898556314
7722687313976152954
7722679329053749594
1114424479352295922
564095447633221720
7722719253662940633
7722711268740537273
7722703283818133913
7722695298895730553
7722687313973327193
7722679329050923833
3934860766898060772
1664753511068544363
1114424479349470161
564095447630395959
7722711268737711512
7722703283815308152
7722695298892904792
7722687313970501432
7722679329048098072
7722671344125694712
3370773509388907802
2215082542784792804
1664753511065718602
1114424479346644400
564095447627570198
7722703283812482391
7722695298890079031
7722687313967675671
7722679329045272311
7722671344122868951
2806686251879754832
3370773509386082041
2765411574501041245
2215082542781967043
1664753511062892841
1114424479343818639
564095447624744437
7722695298887253270
7722687313964849910
7722679329042446550
7722671344120043190
7722663359197639830
2242598994370601862
2806686251876929071
3315740606217289686
2765411574498215484
2215082542779141282
1664753511060067080
1114424479340992878
7722687313962024149
7722679329039620789
7722671344117217429
7722663359194814069
1678511736861448892
2242598994367776101
2806686251874103310
