66
428188896276641348
428188813641666068
428188731006690788
428188648371715508
428188565736740228
428188483101764948
428188400466789668
428188317831814388
428188235196839108
428188152561863828
428188069926888548
24128355095192834
24133893023692322
47891035108992770
24133893042667058
71653715122792706
428188730835918164
428188648200942884
428188565565967604
428188482930992324
428188400296017044
428188317661041764
428188235026066484
428188152391091204
428188069756115924
428187987121140644
428187904486165364
428187821851190084
428187739216214804
95416395136592642
24133892966768114
24150589064671346
119179075150392578
428188482874068116
428188400239092836
428188317604117556
428188234969142276
428188152334166996
428188069699191716
428187987064216436
428187904429241156
428187821794265876
428187739159290596
428187656524315316
428187573889340036
24133892985742850
142941755164192514
166704435177992450
190467115191792386
24133892928818642
24150506372771858
214229795205592322
24499472545439696
428188234912218068
428188152277242788
428188069642267508
428187987007292228
428187904372316948
428187821737341668
428187739102366388
428187656467391108
428187573832415828
428187491197440548
428188152258268052
428188069623292772
428187986988317492
428187904353342212
428187821718366932
428187739083391652
428187656448416372
428187573813441092
428187491178465812
428187408543490532
237992475219392258
24499472564414432
24493934692839152
27058530298206002
47890942604859158
24133892852919698
24504927668191280
24128355000319154
24881500317088670
428188069604318036
428187986969342756
428187904334367476
428187821699392196
428187739064416916
428187656429441636
428187573794466356
428187491159491076
428187408524515796
47891025239834438
121006972284451706
24133892871894434
24865052181035486
24515920643543408
47891035014119090
24499472488515488
25961791220646008
47891107874809718
121006972303426442
24865052200010222
24499472507490224
24526913618895536
71653715027919026
25978156702749176
25612577010229178
72013747055604356
428193607703590148
214274758935466022
214274676300490742
214274593665515462
214274511030540182
214274428395564902
214274345760589622
214274263125614342
214274180490639062
214274097855663782
24537906594247664
95416395041718962
24133892795995490
24515920624568672
25618032170930234
72013912344529652
428193607684615412
120275814133065824
191203813568195936
24133892814970226
119179075055518898
25246997317709180
618344899514343410
428193607665640676
214274510973615974
214274428338640694
214274345703665414
214274263068690134
214274180433714854
214274097798739574
214274015163764294
144404073839381402
142941755069318834
24865052143086014
24499472450566016
618344899495368674
428193607646665940
71664623014871306
71665366729648826
71665284094673546
71664870919797146
71665118824722986
71665036189747706
166704435083118770
71665036113848762
24848927107112462
618344899476393938
428193607627691204
48622193165504972
122098172104980062
190467115096918706
47913186367623590
24133892758046018
168505463439318920
618344899457419202
428193607608716468
48622193184479708
47436411414657146
45675232549046564
122081889276826910
143307334761834476
214229795110718642
37975652099139614
24521621279842436
24516083465191364
618344899438444466
25945418222822408
428193607589741732
214274263011765926
214274180376790646
214274097741815366
214274015106840086
214273932471864806
214273849836889526
214274180357815910
214274097722840630
214274015087865350
214273932452890070
214273849817914790
24493933459189394
237992475124518578
168505132861468328
71681401652876138
618344899419469730
428193607570766996
47890942434086534
24493933478164130
48622193108580764
48638641244633948
71664622957947098
71665118767798778
71665036132823498
24488886500842766
71664870862872938
24510545650540292
71664622919997626
71664870824923466
96136719243586430
71681401671850874
145102824031788680
119899399257386366
71675781203249786
618344899400494994
24488638520017982
428193607551792260
214274097703865894
214274015068890614
214273932433915334
214273849798940054
47891025069061814
214273767163964774
48622193127555500
47913186386598326
96856886924873528
122130737761286366
24505090489839236
37948541603534366
96136719243582074
24521621222918228
618344899381520258
26681872376256836
428193607532817524
47891107704037094
24493933402265186
24510381538318370
47929799754652598
143662079271186302
71670160734648698
71686939486501946
72734079836056190
119899481892361646
71675781184275050
618344899362545522
71681401595951930
428193607513842788
214279635632365382
24493933421239922
47929799773627334
24527076440543492
192268143453118856
71681401614926666
96136967148512270
