58
275737496678342820046
275737512172300685454
350251508534878477642
32424480233718997322
36302093415019481454
32372228288393879242
36302093415008164958
32379655947133524170
300278220534524769066
36250227866912368478
300278236028482634474
450356419999945823000
27148890166335090726
327419908245909936274
27149013775368464598
227904264553286281630
227904264515228905582
126248436879664452454
227488315625808792978
252050322316262646436
227919119832708192074
250357842799528565584
227933719024024049262
28902192910017113046
400360455771798217718
300368534320165068242
126248439087637303510
27178722202342876758
227933847125163139962
27193707790888052182
277483630514252736634
227948446316478997150
300376474231231585234
300368531959906130514
350364365802759139604
202070361565194801170
250380512363365550672
300360079796490108466
700265900354536051960
700265772291465650440
700265644228395248920
700265516165324847400
125371714736754308914
150380644072118575212
250371929738540180336
150380648564269561388
250372185864680983376
150380643995981190124
375238152535044015434
48536896224900458922
32349817249093226442
325264864534690306858
325264880028648172266
400360458093988462902
28902199495900923158
28894765251277468118
126248436879653135958
27163738821781868886
227926547529505213050
327026114307684406394
27193709998872219734
350364493865840857620
227941146720821070238
505394936019270032588
276599489358792008722
700265772291454333944
700265644228383932424
700265516165313530904
150358358736919846706
250371801675458462320
150380644110164634764
150381028223317669708
250372057801599265360
150380646242056683212
150380644034027249676
50411778317029234026
32424482441703164874
36302100000903291566
32424466947745299466
350251508534855844650
350251524028813710058
128819296966422942110
27149018191336799702
178361652658715521170
27148876842292700326
128819296928365566062
250357840553475705488
277461603626139861834
178361780721797239186
27148885712286746582
28887337592537823190
350364496188031102804
227919119832708195438
277446876371742296722
127527281626015567042
227919247933847286138
27193712206856387286
277461603626139868562
38932268714400540544
178391235230592382866
252050322240147894340
227933847125163143326
300376474193140259698
300368531959883497522
351128617152389216274
250380512325274225136
700265644228372615928
700265516165302214408
700265388102231812888
150365914571645510284
227904264477148896542
175345002737085384498
150365918987613845388
126233709625210298134
250371929738517547344
150381028261363729260
150380643919866438028
75398422317194771818
75413412399158778038
27148879088356876918
736687040799056473920
36733023515085133650
27149007151427278438
558763975801232931462
32751142388181738904
375238152535021382442
375238168028979247850
352881666127019812598
27163738821804501878
28879909933809494758
302032170673803562278
250357845007512733136
153820796246010390346
28879909933798178262
227911948338189359226
27193714414840554838
300368534282073742706
227926547529505216414
425657744945986423826
175776200116807479554
700265516165290897912
700265388102220496392
200331646737250922290
150380648602292987948
150380641826043082124
126664644141900837372
202917373068561835154
250371801675435829328
150381028299409788812
150380643957912497580
150380646242034050220
75398429018575137174
150381028223272403724
75398422355240831370
75413284336077060022
75413540462217863062
27148879088345560422
736687025381235993600
206795755089886000076
384719076213872978566
79276813172991272350
103832524865118313618
27148870180271505126
27148885712298063078
277877424452478266514
27149020399320967254
252890908553451819422
79276813134933896302
252890908515394443374
27149004905363101846
27148876842281383830
178361908784878957202
227919247933847289502
700265388102209179896
700265260039138778376
250380512287182899600
126233716323375809794
150365916741560985292
126241137283949943062
150381032753446816460
150380643995958557132
150381030431256571276
75413412399136145046
75413542670202030614
202917620515063371154
202917748616202461854
227911948338189362590
700265260039127461880
150365921195598012940
126248436879607869974
126664637517959654576
75398426772522277078
150380646242011417228
150381284425573224844
150381032639240738828
25871058876770360854
75413284336054427030
202917748578145089170
700265131976045743864
150380648564201662412
75398431226559304726
150388327895067715724
25863503154948997910
208166483231400440
208166445174024392
208166407116648344
208166369059272296
208166331001896248
208166292944520200
208166254887144152
208166216829768104
208166178772392056
208166140715016008
208166102657639960
208166064600263912
208166026542887864
208165988485511816
208165950428135768
208165912370759720
208165874313383672
208165836256007624
208165798198631576
208165760141255528
208165722083879480
208165684026503432
208165645969127384
208165607911751336
208165569854375288
208165531796999240
208165493739623192
208165455682247144
7558016640129578
74426815558261424
7560262828787626
14985675379774506
74426853604320976
208165950269704824
208165912212328776
208165874154952728
208165836097576680
208165798040200632
208165759982824584
208165721925448536
208165683868072488
208165645810696440
208165607753320392
208165569695944344
208165531638568296
208165493581192248
208165455523816200
