96
6449583683665986757826
166026883061628530447906
166026875847732825544226
166026868633837120640546
166026861419941415736866
166026854206045710833186
166026846992150005929506
166026839778254301025826
166026832564358596122146
166026825350462891218466
166026818136567186314786
166026810922671481411106
70878164525688928086050
77327740918633762760834
31979156905739881718978
25596763600221386745026
19214370294702891771074
12831976989184396797122
6449583683665901823170
166026875847732740609570
166026868633837035705890
166026861419941330802210
166026854206045625898530
166026846992149920994850
166026839778254216091170
166026832564358511187490
166026825350462806283810
166026818136567101380130
166026810922671396476450
166026803708775691572770
64428588132744008476610
70878164525688843151394
38361550211258291758274
31979156905739796784322
25596763600221301810370
19214370294702806836418
12831976989184311862466
6449583683665816888514
166026868633836950771234
166026861419941245867554
166026854206045540963874
166026846992149836060194
166026839778254131156514
166026832564358426252834
166026825350462721349154
166026818136567016445474
166026810922671311541794
166026803708775606638114
57979011739799088867170
64428588132743923541954
70878164525688758216738
44743943516776701797570
38361550211258206823618
31979156905739711849666
25596763600221216875714
19214370294702721901762
12831976989184226927810
6449583683665731953858
166026861419941160932898
166026854206045456029218
166026846992149751125538
166026839778254046221858
166026832564358341318178
166026825350462636414498
166026818136566931510818
166026810922671226607138
166026803708775521703458
166026796494879816799778
51529435346854169257730
57979011739799003932514
64428588132743838607298
51126336822295111836866
44743943516776616862914
38361550211258121888962
31979156905739626915010
25596763600221131941058
19214370294702636967106
12831976989184141993154
6449583683665647019202
166026854206045371094562
166026846992149666190882
166026839778253961287202
166026832564358256383522
166026825350462551479842
166026818136566846576162
166026810922671141672482
166026803708775436768802
166026796494879731865122
45079858953909249648290
51529435346854084323074
57979011739798918997858
64428588132743753672642
57508730127813521876162
51126336822295026902210
44743943516776531928258
38361550211258036954306
31979156905739541980354
25596763600221047006402
19214370294702552032450
12831976989184057058498
6449583683665562084546
166026846992149581256226
166026839778253876352546
166026832564358171448866
166026825350462466545186
166026818136566761641506
166026810922671056737826
166026803708775351834146
166026796494879646930466
166026789280983942026786
38630282560964330038850
45079858953909164713634
51529435346853999388418
57979011739798834063202
63891123433331931915458
57508730127813436941506
51126336822294941967554
44743943516776446993602
38361550211257952019650
31979156905739457045698
25596763600220962071746
19214370294702467097794
12831976989183972123842
6449583683665477149890
166026839778253791417890
166026832564358086514210
166026825350462381610530
166026818136566676706850
166026810922670971803170
166026803708775266899490
166026796494879561995810
166026789280983857092130
32180706168019410429410
38630282560964245104194
45079858953909079778978
51529435346853914453762
57979011739798749128546
70273516738850341954754
63891123433331846980802
57508730127813352006850
51126336822294857032898
44743943516776362058946
38361550211257867084994
31979156905739372111042
25596763600220877137090
19214370294702382163138
12831976989183887189186
6449583683665392215234
166026832564358001579554
166026825350462296675874
166026818136566591772194
166026810922670886868514
166026803708775181964834
166026796494879477061154
166026789280983772157474
166026782067088067253794
25731129775074490819970
32180706168019325494754
38630282560964160169538
45079858953908994844322
51529435346853829519106
76655910044368751994050
70273516738850257020098
63891123433331762046146
57508730127813267072194
51126336822294772098242
44743943516776277124290
38361550211257782150338
31979156905739287176386
25596763600220792202434
19214370294702297228482
12831976989183802254530
166026825350462211741218
166026818136566506837538
166026810922670801933858
166026803708775097030178
166026796494879392126498
166026789280983687222818
166026782067087982319138
19281553382129571210530
25731129775074405885314
32180706168019240560098
38630282560964075234882
45079858953908909909666
51529435346853744584450
83038303349887162033346
76655910044368667059394
70273516738850172085442
63891123433331677111490
57508730127813182137538
51126336822294687163586
44743943516776192189634
38361550211257697215682
31979156905739202241730
25596763600220707267778
19214370294702212293826
166026818136566421902882
166026810922670716999202
166026803708775012095522
166026796494879307191842
166026789280983602288162
166026782067087897384482
166026774853192192480802
19281553382129486275874
25731129775074320950658
32180706168019155625442
38630282560963990300226
45079858953908824975010
89420696655405572072642
83776631991477628512482
83038303349887077098690
76655910044368582124738
70273516738850087150786
63891123433331592176834
57508730127813097202882
51126336822294602228930
12743114539224735605954
44743943516776107254978
38361550211257612281026
31979156905739117307074
90218590510468478940482
25596763600220622333122
166026810922670632064546
166026803708774927160866
166026796494879222257186
166026789280983517353506
166026782067087812449826
166026774853192107546146
83046701235716686118210
83046694021820981214530
83046686807925276310850
83046679594029571407170
83046672380133866503490
83046665166238161599810
83046657952342456696130
19281553382129401341218
25731129775074236016002
32180706168019070690786
38630282560963905365570
45079858953908740040354
89420696655405487137986
77327055598532708903042
83038303349886992164034
76655910044368497190082
70273516738850002216130
63891123433331507242178
57508730127813012268226
12736910588845474636994
12743114688731473437890
51126336822294517294274
