189
10464414479549619752144
10464414433971262631624
10464414388392905511104
10464414342814548390584
10464414297236191270064
617077584652409080202
309365884569079697312
311002695013598748470
311028584238825484313
617077588479210597944
617077630230766200722
2785851430614813248417
309365884567803707471
311002695012322758629
311045858919774311132
924797952528564396053
10464423686659751852045
5233022340588511361804
5233022295010154241284
5233022249431797120764
5233022203853440000244
5233022158275082879724
5233022112696725759204
5233022067118368638684
5233022021540011518164
5233021975961654397644
5233021930383297277124
5233021884804940156604
5233021839226583036084
5233021793648225915564
5233021748069868795044
5233021702491511674524
5233021656913154554004
5233021611334797433484
2785851430613537258576
309365884566527717630
311002695011046768788
311063133600723137951
1232518316577918194162
10464423686658475862204
2785851430612261268735
309365884565251727789
311002695009770778947
311080408281671964770
1540238680627271992271
312630845320170891992
10464423686657199872363
2785851430610985278894
309365884563975737948
311002695008494789106
311097682962620791589
1847959044676625790380
312656734551777577040
310994034873099861152
10464423686655923882522
2785851430609709289053
309365884562699748107
311002695007218799265
311114957643569618408
2155679408725979588489
312682623783384262088
309357224426028830312
926426099008335021833
10464423686654647892681
2785851430608433299212
309365884561423758266
311002695005942809424
311132232324518445227
2463399772775333386598
312708513014990947136
617077588475382628421
317541276657556014989
322529284533046952090
926426190166325252714
10464423686653371902840
1857779907125538868733
2785851430607157309371
309365884560147768425
2771120136824687184707
311002695004666819583
312734402246597632184
924797952524736426530
317593009541136274724
315904466210484984149
15388096737775713737564
10464423686652095912999
1857779907124262878892
3091934984450608943768
309365884558871778584
3078840500874040982816
311002695003390829742
312760291478204317232
1232518316574090224639
317644742424716534459
314267655763413953309
15388096737774437747723
10464423686650819923158
1857779907122986889051
2782577809954184150540
3386560864923394780925
309365884557595788743
311002695002114839901
1540238680623444022748
312630845316342922469
15388096737773161757882
10464423686649543933317
1857779907121710899210
2473220635457759357312
3694281228972748579034
309365884556319798902
1847959044672797820857
311002695000838850060
310994034869271891629
15388096737771885768041
10464423686648267943476
1857779907120434909369
2163863460961334564084
4002001593022102377143
309365884555043809061
2155679408722151618966
311002694999562860219
309357224422200860789
15388096737770609778200
10464423686646991953635
1857779907119158919528
1854506286464909770856
4309721957071456175252
2463399772771505417075
309365884553767819220
311002694998286870378
617077588471554658898
15388096737769333788359
10464423686645715963794
929708383636264489049
1857779907117882929687
1545149111968484977628
4617442321120809973361
2771120136820859215184
309365884552491829379
924797952520908457007
15388096737768057798518
10464423686644439973953
929708383634988499208
1857779907116606939846
1235791937472060184400
4925162685170163771470
3078840500870213013293
309365884551215839538
1232518316570262255116
15388096737766781808677
10464423686643163984112
620351209139839695821
929708383633712509367
1857779907115330950005
602276919816768846932
5232883049219517569579
593780408035046568569
3386560864919566811402
338811151849194702575
1540238680619616053225
15388096737765505818836
10464423686641887994271
5233021656894014706389
5233021611315657585869
5233021565737300465349
5233021520158943344829
5233021474580586224309
5233021429002229103789
5233021383423871983269
5233021337845514862749
5233021292267157742229
620351209138563705980
929708383632436519526
1857779907114054960164
5540603413268871367688
34319790441676395661952
3694281228968920609511
338811151847918712734
1847959044668969851334
15388096737764229828995
10464423686640612004430
617077539052360132385
310994034643414902593
620351209137287716139
929708383631160529685
2163863460957506594561
479463945178253524211
4002001593018274407620
2155679408718323649443
338811151849194738296
15388096737762953839154
10464423686639336014589
5233021611314381596028
5233021565736024475508
5233021520157667354988
5233021474579310234468
5233021429000953113948
5233021383422595993428
5233021337844238872908
5233021292265881752388
617077584630717252905
5233021246687524631868
310994034642138912752
620351209136011726298
929708383629884539844
1854506286461081801333
593668692354293073758
4309721957067628205729
21958873154734525370930
2463399772767677447552
15388096737761677849313
10464423686638060024748
617077630209074373425
310994034640862922911
620351209134735736457
929708383628608550003
1545149111964657008105
30941379037430844703877
4617442321116982003838
15778413827574835685033
2771120136817031245661
15388096737760401859472
10464423686636784034907
5233030271462536422392
310994034639586933070
620351209133459746616
929708383627332560162
1235791937468232214877
479386505381599020872
4925162685166335801947
936246965030120852390
9597955412000152052984
3078840500866385043770
15388096737759125869631
10464423686635508045066
5233030271461260432551
310994034638310943229
620351209132183756775
929708383626056570321
513915136793140658249
5232883049215689600056
19809715056612054400010
17621480121935157979688
3386560864915738841879
338750849993313705131
15388096737757849879790
10464423686634232055225
5233030271459984442710
310994034637034953388
620351209130907766934
