44
8404631410097536682
7207947528803388842
6011263647509241002
4814579766215093162
3617895884920945322
16789542698514337798
16789528650294460678
16789514602074583558
16789500553854706438
3645725742636615574
4870239481627693186
9601315291387936426
2298636968556590862
8404631410093788586
7207947528799640746
6011263647505492906
9764599754774833410
1748897307814388294
4814579766211345066
16789528650290712582
16789514602070835462
16789500553850958342
8408426389684848034
8408412341464970914
8408398293245093794
8408384245025216674
3645725742632867478
4870239481623945090
9601315291384188330
1940629119475905850
8404631410090040490
7207947528795892650
1747056990519484998
1748897939113693766
6011263647501744810
1444680106994655346
16789514602067087366
16789500553847210246
16789486505627333126
8408412341461222818
8408398293241345698
8408384245021468578
2298637599855896334
2081029353310189614
9601315291380440234
17166719014746190694
1691425393668074198
8404631410086292394
1745216673224581702
7207947528792144554
1444061985155145842
1444681057571770482
4923426382956897422
16789500553843462150
16789486505623585030
8408398293237597602
8408384245017720482
8408370196797843362
1940627849620981050
1940630070053020986
1859022988440776138
9601315291376692138
6228968716048244850
8595125062214437122
1743376355929678406
8404631410082544298
1443443863315636338
9682964547180078222
3699530765801579282
16789486505619836934
16789472457399959814
8408384245013972386
8408370196794095266
18331897171309310822
1442235404062371954
13603864731813409638
1691426344245189334
21926257178969371494
1442825741479874930
12159215588826235250
9601315291372944042
9764598158385785090
9764614115016204402
8595127282646477058
1442825741476126834
2475635148646261142
16789472457396211718
8408370196790347170
8408356148570470050
10009504724153348966
18331894943620957030
3862798314405863538
5032270779281656066
13354663226437617922
12157993400623407218
2476253270485770646
16789458409172586502
8408356148566721954
9764613802998458626
10009502496464995174
9764597839107975426
9764615065593319538
13354665446869657858
9764612845161279602
9764600066796329218
13356503536476207362
1442825741479876866
8408342100343096738
8672429742903302
8672422490337542
8672415237771782
8672407985206022
8672400732640262
8672393480074502
8672386227508742
8672378974942982
8672371722377222
8672364469811462
8672357217245702
8672349964679942
8672342712114182
8672335459548422
632505376067754
1250627215577258
632831928931754
1868749055086762
8672378948706310
8672371696140550
8672364443574790
8672357191009030
8672349938443270
8672342685877510
8672335433311750
8672328180745990
8672320928180230
8672313675614470
632831925183658
2486870894596266
632831921435562
3104992734105770
632831917687466
3723114573615274
632831913939370
4341236413124778
8672342667137030
8672335414571270
8672328162005510
8672320909439750
8672313656873990
8672306404308230
8672299151742470
8672291899176710
4959358252634282
647206829195302
719081446704018
646880287575590
1250618995493562
647206825447206
647526099508774
632505361075370
8672335410823174
8672328158257414
8672320905691654
8672313653125894
8672306400560134
8672299147994374
8672291895428614
1250626248059322
632831902695082
647206821699110
648171911441958
1250627200584874
1882796468701238
1250633500625082
2544370424343662
632831898946986
647206817951014
648817723375142
1868749040094378
676914500632350
1882810977580854
8672661986175750
4343239152014754
4343231899448994
4343224646883234
4343217394317474
4343210141751714
4343202889185954
4343195636620194
2544370420595566
632831895198890
2486870879603882
647206814202918
12383679932113514
8672661982427654
3148117498608238
632831891450794
3104992719113386
12383679928365418
8672661978679558
2515620732600450
3723114558622890
632831887702698
12383679924617322
8672661974931462
1279376892328086
1192132517085842
747177882706290
4341236398132394
904307276706374
12383679920869226
8672661971183366
4343202870445474
4343195617879714
4343188365313954
4343181112748194
1279376888579990
4959358237641898
747177878958194
746539323338866
12383679917121130
8672661967435270
1321536383345774
1250618969256890
646880126320298
1279376884831894
1047707732389034
747177882708226
12383679913373034
718428029707786
8672661963687174
1322486960460910
2543731838739566
4343195614131618
4343188361565858
4343181109000098
1250626221822650
4343173856434338
646880122572202
1279376881083798
876210833205974
903356699591238
12383679909624938
8672661959939078
1323437537576046
3765927294133358
1250633474388410
744964703232114
875898815458262
744957450666354
