133
78237235595456840464
91543684912400694262
26141879447403621960
26337704198930540635
78232779794369029706
573082983255456458521
26239808406591226169
39261420946499765022
14500605095498895102
13221162573540307500
390769281917680634236
26141873748220496807
13218915863157796899
52579699220549331945
118482817508093357482
105060743696445577231
117293167641380375626
131003859023894733592
105060743695819775789
65502662806672561332
117305776316065850053
91935351226370449065
130902331839993794614
78229835142313988289
78233516019106012966
78234263271713636691
78237230062433391021
104761144467042427394
52576754153877397544
39163491987312160813
78232757737689046613
65402552929450211953
573082983255143557800
52185840628980623840
78230543610561972884
78232768765559687078
78233521512075799662
65402552929450229642
39457234710835471777
39164975341679708712
39167233581540947185
52380956993305549933
78232038115777220334
13218195824751620243
13224849025286848693
39165008548581625558
39164964271878001174
78232032580876366565
390769281917367733515
13120300031473603614
195433226358275454516
195433220823687501468
195433215289099548420
195433209754511595372
195433204219923642324
195433198685335689276
195433193150747736228
26141879282808449855
195433187616159783180
13223354852703817474
118480614617553557420
26011348488708253302
275412892770432104480
130314780181288914479
104279713549085314795
117305776316378750774
78238713539777998006
52382401686916248208
13415515164104281986
52576765347594866331
78232774300460540847
91347893328660749804
78234257736812782922
78233510525197524107
52185104527220699666
573082983254830657079
78229846211176993664
78234263229782569618
78236488383841581649
14401957097992299796
14401956515651103142
26141901503457839255
26141879364480225621
390769281917054832794
13417706984842374510
13223365671545137880
130902265420870648665
26141884817396402903
26342868759593268899
65502663221289543027
130512819059629917451
39951939278570329257
118479878475740006143
13218234817202037800
13218190540498413416
13218218213438178656
13218207144262272560
14016262986791131215
13218218212499476493
13218190539559711253
143336392721197453332
91739509788156274907
79119095116471066771
13222623995143580222
39262140567159935084
52283753107068473937
117782801327150161309
65206717067129238519
26142654373576848011
26142637769812988867
52481055800100372643
573082983254517756358
78234263270774934528
78233516018167310803
52185126625205984034
78235015975359980039
26337715267793546010
78232779793430327543
39164964272190901895
13414015330827373999
52185846162942775446
39165717018707014479
13121750260298091757
39164980875641860318
78230543609623270721
39261432015362770397
13121772316978110494
39163491904388764474
390769281916741932073
13224107348259542926
78232043649739371940
13223365671858038601
13218201358713771849
26142637768874286704
39164222594224893965
91641586362617957227
13222623995143633555
39164969805840152780
78232038114838518171
14107483142658244110
195433968038744668214
130321466135307107194
130321460600719154146
130321455066131201098
130321449531543248050
130321443996955295002
130321438462367341954
26339176980723804976
104280466295601427379
144217609782224987948
156358005261105992185
104278960802882102932
78424187649954548481
78228329607037777372
52576776292542110457
573082983254204855637
78620001496587850133
78232774299521838684
78233521511137097499
52380973597069409077
52185104444297303327
390769281916429031352
13318305742340568468
13122513993692515540
195433968038431767493
26339176981036705697
13222607639836955775
195522974897970291875
14016262987416932657
14016999129230483934
14016999128604682492
486402318497472148333
169379617801014531038
104761122328064813760
13218185004345956763
13221882318429175176
13711417039057720698
91641602967320482890
13221140641401869409
104663270814306528004
573082983253891954916
78426374018715130508
65304662672011768945
52576798431206823370
39457251314599330921
39166480834086132438
78230549144524124490
39458701541546379360
78234263228843867455
39460179360074335683
39164969806153053501
13219679178180430335
14106011358448923916
390769281916116130631
26141907037419990861
26143362841824832606
39164986409604011924
39164964271252199732
13221882318429228509
26141884898442377227
13222623994830732834
78232049183701523546
13318305742027667747
52185840627103219514
13218206892675923455
39164975339802304386
78232043648800669777
14106010859031141556
13122502922952105839
195433968038118866772
91543690487042310057
13319041883528318303
78232060170892770844
78232054636304817796
78232049101716864748
78232043567128911700
78232038032540958652
13218915860967491852
14016262987104031936
14409362715227495444
182401230340923069891
104281196902514124887
78619990427411944037
13221882318116274455
573082983253579054195
65502668340008911496
26337726336656551385
14204659938296715876
78229807425878652371
78232779792491625380
39167222510800537484
13416223756268027830
390769281915803229910
39165717017768312316
104467374026457997025
39261443084225775772
39164233663087899340
13418437591755072018
13318305741714767026
195433968037805966051
13515602818174053886
13221140432059488098
13218915861280392573
1062094851811673853749
65995164358387406963
20911268818922850307
92137038017739358219
26339176979785102813
26342863223753712967
14016999128917583213
