109
8727613961547161344
17396727347097305116
17396918536227624668
2252520022275649603
15224656263985837123
15224473459226806488
15224466751390995768
43461667336803475073
15224473458944490166
10919436236852982743
2212115295489016934
43461667336662316912
15224475136044601007
2252520022134491442
15224468428208790287
2212115357603775900
13212168117567366830
13051654389607013719
21741255245781101888
2232596088205246930
21741443080711199758
19569180808187095891
2192005172531217774
17396918535945308346
15224656263703520801
43461667336521158751
15224470105026584806
19568992973256998021
10879943883725215197
4363898451973527163
43461667336380000590
10879943883442898875
15224471781844379325
2212115357321459578
2213034408182200446
2231859841962378536
2231868226757141936
2231864872839236576
37221298557643617556
2231859841538904053
13131182522884587363
10939908659173817167
26086153783589394521
2232227126463178232
15303075802326896752
21741443080428883436
10879772818949276771
17396730700732894154
6535791731415836552
19569180807904779569
17396918535662992024
43461667336238842429
10879945560543009716
15224656263421204479
10879945560260693394
10879583306072119094
10880321245790775895
10880319568831823215
10880317891872870535
10880316214913917855
2451065288464086036
8747905256773720499
19569368643399510083
8707685010858145941
43461667336097684268
4364081225675184310
4364081225392867988
35049405278201308167
2231859841680062214
2231861518639014894
19646862361211515530
2232961696311726590
2232778892117328599
6555901854373623831
2232961696029410268
10879578290300455330
43461667335956526107
2312298593590514530
17396918535380675702
15224656263138888157
4364082902492978829
2212668722996925705
4363898405952081590
4364082902210662507
35049405278201320048
2232778892540803082
2653984494703399322
13051471569742764719
43461667335815367946
10879943883160582553
4364084579310773348
6535791685394390979
4364084579028457026
2513763753892558627
2231861518497856733
2232778892399644921
2513763753751400466
2212480964580990272
21818755640653824919
2233328981236000769
2232409930375259901
10979214869859179895
15224104496920105146
2232227126322020071
4365374346939533722
43461667335674209785
8787942682542729735
15224656262856571835
10879948914178598754
10879766109984200763
4363901775116375357
4364086256128567867
2212484241984733195
10879945559978377072
4363900082769876109
10879948913896282432
2232778892258486760
43461667335533051624
2452517657160074342
4364081225110551666
2652153023597667263
43461667335391893463
10879579951871897412
6655357291027040195
2212851526909007374
4364267382940538695
4364082901928346185
2733687000371007006
43461667335250735302
10879950590996393273
6555719019404180555
184668909257250
3658102478404550
186360126491210
367411553517038
1281463582964302
3658101066822940
184591406951716
208286234155442
1464297140873819
3658100361032135
3658100219873974
3658099937557652
184667497675640
186359561858566
367410424251750
367410283093589
193129512488202
187975253001246
1281462171382692
1281461889066370
3658099796399491
367410141935428
188006310410704
186267801271752
191436883672632
189744254857062
1647130698783336
1464296011608531
1281461606750048
1829965668274463
184590277686428
1829904400428384
1829965385958141
565460701095703
216671170041360
1112195054913547
739756294662538
555259753777180
367363555869092
186266954358756
367363273552770
915806490705589
191359945975980
370763212891822
188005886936221
194714146209543
196483148053478
186266672006464
367362991236448
194790519237908
186343186204871
3400772389876163644949248031
3091353220687621335829576343
578058506612927184882683033
611810955314904702814917145
490578706535668787264127345
560896514126149529485316838
15453797642067344715225523749
453727589255828086363163443
2781934051499079026427588333
12050186780995386803741681167
416876471975987385462199541
425314698733476987698054548
8646575919923428892257838585
380025354696146684561235639
385650916671853392311363365
1544257374744909790231217903
5242965058851470980773996003
5853364925046392495708360118
1234838205556367481111546215
6157158525762925457620599895
3709933731461535704496050990
3709933968217828789983506270
3709933733613684484333429286
5242965058853478469606672680
3709933981210430683075827094
1234838205556367480970388054
5853364925048398307440925954
567978789721317313429819
567978769795691037686059
567978749870064761942299
567978729944438486198539
567978710018812210454779
567978690093185934711019
567978670167559658967259
567978650241933383223499
567978630316307107479739
567978610390680831735979
567978590465054555992219
26043212535886422042749
567978769795690896527898
567978749870064620784138
567978729944438345040378
567978710018812069296618
567978690093185793552858
567978670167559517809098
567978650241933242065338
567978630316306966321578
567978610390680690577818
567978590465054414834058
567978570539428139090298
51847476588940499893458
26043212535886280884588
567978749870064479625977
567978729944438203882217
567978710018811928138457
567978690093185652394697
567978670167559376650937
567978650241933100907177
567978630316306825163417
567978610390680549419657
567978590465054273675897
567978570539427997932137
286236208404181706930460
77651740641994577744167
51847476588940358735297
26043212535886139726427
567978729944438062724056
567978710018811786980296
