134
28173702364910645160
25655362809085874948
181191434267949988874
23862310979170062626
15499994298728825178
529465556534212301066
362298448352660768288
181200818784284472262
181200812995270431382
181200807206256390502
181200801417242349622
181200795628228308742
181200789839214267862
181200784050200226982
28173702364588227224
195121179878853001738
21043094606599691136
15499994298406407242
529465556533889883130
70589015622770873454
362298448352338350352
27964226242460417726
14139221824602364442
28173702364265809288
27834404801995998710
18951545722551925610
15499994298728843134
529465556533567465194
70591337146690858670
98344553519122399086
362298448352015932416
181200812994948013446
181200807205933972566
181200801416919931686
181200795627905890806
181200789838891849926
181200784049877809046
27964232031474458606
181200778260863768166
14139221824279946506
28173702363943391352
24600150898693108180
23855352196746565794
17691623441172853176
529465556533245047258
70593658670610843886
126100091415473924718
362298448351693514480
42833477726096929886
27964237820488499486
14139221823957528570
28173702363620973416
22301471134821823806
21037675787674239360
15496115442979000522
529465556532922629322
70595980194530829102
153855629311825450350
362298448351371096544
42837345002851418974
70589015622448455518
181201594558594132966
14139221823635110634
28173702363298555480
25849130767000282604
21458132137009774284
18947672656460977706
529465556532600211386
70598301718450814318
181611167208176975982
14976319651702414084
362298448351048678608
42841212279605908062
98344553518799981150
181201594558271715030
14139221823312692698
28173702362976137544
22822783514606392266
18639685746510861214
17689301917252867960
529465556532277793450
209366705104528501614
362298448350726260672
126100091415151506782
181201594557949297094
14139221822990274762
28173702362653719608
20628057076189607988
364981088437241700488
15495339671893519178
529465556531955375514
237122243000880027246
362298448350403842736
153855629311503032414
181201594557626879158
41997931009426309504
14139221822667856826
23863856732004566498
28173702362331301672
42521606085292528514
19576811427468558274
14662114863486538698
154787394329362700706
529465556531632957578
264877780897231552878
14871584722297128274
362298448350081424800
181611167207854558046
181201594557304461222
195744958026099840232
41997942587776809200
14139221822345438890
21045416130519676352
28173702362008883736
17488359838426259308
17070225013333145492
529465556531310539642
14662114863164120762
362298448349759006864
209366705104206083678
181201594556982043286
167271848945756612486
15489926642304526218
17069455031906540900
378806880722690195300
15593885756773049238
17277361682493105200
15489920853290485338
15593879967759008358
15801798196696054398
14139221822023020954
18954643017557392170
18327825770469796818
15491460816788530394
15817267303714010750
99172353633177085542
126927885740514588250
15604717605609911910
15604717605287493974
182542914858672157566
529465556530988121706
362298448349436588928
237122243000557609310
181201594556659625350
167271848945434194550
18534962439629774482
561245042722586838546
17069455031584122964
18846822415670838878
378806892301040694996
561245060090273779102
17277361682170687264
19158682391711903274
198136012661119510192
14139221821700603018
17695490717927342264
529465556530665703770
42521606084325274706
362298448349114170992
264877780896909134942
181201594556337207414
167271848945111776614
18524883204854975826
15489920853290503294
380366256431756671506
15489920852968067402
18836748970232499038
196368707144120652378
15593879967436590422
15697839082227549334
380574197818039552810
15490685045703049050
15819588827633995966
57487070125922547046
71312856622357036890
15609366442786341158
15599292997348001318
252087689587732703834
238157949765843713894
15809526960868573758
15500764280477847706
14139221821378185082
15500764280155429770
15711768225747460630
99172353632854667606
15604717605609929866
182542909069335698750
362298448348791753056
15491460816788548350
181201594556014789478
167271848944789358678
17069455031906558856
378806869144017295624
18514803970080177170
199487470140926504466
196368712933134693258
378806880722367777364
18826675524794159198
196368701354784193562
15707900949315389478
28173702360719211992
362298448348469335120
181201594555692371542
167271848944466940742
196368701354784211518
17059375797131760200
197928082853187128584
196368707143798234442
15707900948992971542
15489915063954044478
15593874178422567498
15697833292891090518
15714865520752927190
57487070125600129110
15609366442786359114
279947175020202288702
99068388729372121662
15599292997348019274
238157949765521295958
15704797864651046166
15490685045703067006
15500764280477865662
181201594555369953606
782217868221450
20177072809945920
788046542092652
29486887519281082
782215611295898
20177068618512752
782213999206218
793877150471470
852204513843426
20177065071915456
782213676788282
788044930002972
29486883327847914
20177064749497520
5477624460928094
10091474440829910
788044607585036
29486881715758234
788044285167100
793876505635598
805541591408466
29486881393340298
1569604707089304
985922870373064
2386115245323054
10091470894232614
788000756321546
