253
59476052142851268366422
59476051618350247565126
59476051093849226763830
59476052667344094863556
59476052142843074062260
59476051618342053260964
59476051093841032459668
135923745466537298166745
135923745466533201014664
25667329477432725198250
12774711992746110128361
135923745466529103862583
135923745466525006710502
4280730575908488855870
4280730575900294551708
42689263752992985308842
4280730575883905943384
42689263752984791004680
17005151040073564279034
17005147893067439471258
17005150515572543477738
17005149991071522676442
17005148942069481073850
17005149466570501875146
25667992457088812801324
106578549530963434370349
4584422476058790157091
89624027804372377503739
25667528266425250166832
42621851204023782064860
17005149466545918962660
4314239362258480932785
17021735751981295660294
59476116919780305411295
59476185368224682369402
135923745466520909558421
135923745466516812406340
59576372930614838931470
59476185368216488065240
135923745466512715254259
135923745466508618102178
4280730575892100247546
183293569466246708387965
4785862338140512859463
17005149991055134068118
17005147893051050862934
17005149466554113266822
4280666051908795671663
17005148942053092465526
4414960350610537990077
101947422951948448055667
17005147893042856558772
17005148942044898161364
38357576065148489942025
4415490104925988806819
76530894657205895798080
21302333350197181457925
17005414868233345236894
4348343484234812844773
4415490104917794502657
17005414868225150932732
59476185368208293761078
135923745466504520950097
135923745466500423798016
34161509696750906551314
34161509696742712247152
93485416383796952664690
29796380868667552521791
17005281118383493345104
59476185368200099456916
135923745466496326645935
135923745466492229493854
4280730575875711639222
4347813205418341226735
4347812156416299624143
4414960875119753095535
4347812680917320425439
4414960350618732294239
4280730575867517335060
4281261903702419164014
4347812156408105319981
4414960350618732422257
4584687877721633518839
4786127215294141115753
4348343484243007148935
38357577114150531288581
55345671102089232069757
55312098840741588155191
4348077558070948681729
4415224703263145445071
34043404627902738053724
17005214243458567399209
17005481480903663630060
17072096246136838556553
8511234122324562876128
17005481480895469325898
17005347993300224986837
17005414868216956628570
21302334399199223060517
4348476185066234525647
4415357404086372821783
59476185368191905152754
17005414868208762324408
135923745466488132341773
135923745466484035189692
115072597049433805434215
63839718620559603133623
4415092002431723764197
4348476185074428829809
29897102906029845485837
59476185368183710848592
135923745466479938037611
135923745466475840885530
4685208495260754795985
4280995977522166392646
68086742379794788665556
4415025652016012923760
4348675498576168903849
17189604938673974151160
51081861736681245253819
4348143908486659522166
4415556193087092094527
34127338961088147040653
4381916794576303673715
38357577114150531416599
8511234122308174267804
59476185368175516544430
135923745466471743733449
135923745466467646581368
135923745466463549429287
135923745466459452277206
66631472440854378
2123511199033125398
66894702186860924
2123511133478692102
2123511100701475454
67421260010523960
72678848671042154
2123511084312867130
2123511076118562968
66631406886421082
66894677603948438
68474424823675004
929186925848504699
2123511072021410887
68474416629370842
66894669409644276
67421243621915636
929186893071288051
67947826028491158
136137121487437479
75825887572810542
68466132058308844
136137113293133317
929186876682679727
929186868488375565
265676450833911669
401014275115693769
265676426250999183
666942520365503021
132981830792336825
68466156641478378
265676434445303345
66884319841673424
67941622843203386
132973505249111903
67941631037507548
68466132058180826
68466123863876664
69515125905223220
132981822598032663
67941631037636578
533715098343070481
69523402281981056
201698683795669359
68998909455739958
134559431070828689
533715090148766319
66893595939540515
296916745530044931026529107142347
279446992891150718753684516435123
261977240252256506480839925727899
279446992891150718753680419283042
244507487613362294207995335020675
261977240252256506480835828575818
227037734974468081935150744313451
244507487613362294207991237868594
261977240252256506480831731423737
30437059349820705617682316908141
32913052906877821629375601401677
34770048064069720281447774024194
27887650703501014139090421082161
28988092536405570668588721751157
32289417979940642666480871283915
209567982335573869662302056454146
26576238848451150995297856620059
27539125722990435719495126594173
29464899446586464509984288308181
30427786291429692301484184042285
1938518916565206467374447868196775
25264826993401287851505292157957
26502824833719160187501380464425
28566154602918741936487496800655
227037734974468081935134355705127
1641533121704005986168647694267785
23953415138351424707712727695855
1693667266467692202999154251304370
24297303596037131633685300309470
24985080541121389335757269960000
1344547326842805504962847520338795
22642003283301561563920163233753
22917114261804632587242220499927
23192225282745030872214341123221
1379211721120888983867758148903063
122219219141102808298083200070107
1047561531981605023757047346409805
21330591428251698420127598771651
21536924927572133540799140690384
977957637806829867791635976105339
21949591955925847632269048951150
1151692266550645759447610135722493
750575737120404542551247172480815
20019179573201835276335034309549
802709881884090758594989906859213
20156735593339634494356060880841
680971842945629386061326587070891
87279713863314383752394018655659
20294291655914760974027150809253
453589942259204061345446998551825
505724087022890277126935125377494
69809961224420171479549427948435
383986048084428904331017198036443
87279713863314383752389921503578
488254336537287537890066159141532
122219219141102808298070908613864
314382149611599682733436096518036
314382150686113480475108781511556
314382151760627278216781466505076
314382149615829985925657542707116
453589942259205188778004867733796
314382150724303717627107948496306
69809961224420171479545330796354
505724087022891404297238387006736
314382151786076245039827944372716
87279713863314383752385824351497
383986048084430031239065852112956
9244042775049664482693899251
9244042758263009311948420771
9244042741476354141202942291
9244042724689698970457463811
