31
147421705882686028957
147397117886967642368
147370070236919851386
352427406256938656779
246694290866758612123
301964477242218904015
445319077452111876325
301939888556907386726
196155162970989908924
147554812686608290693
147687619790042079814
196256798532658659284
147607296217917961316
147634316632223206315
196256797708167739635
196207620835439811224
123716363630582746470
126057229887745907813
123716363635902227430
123716363633242486950
226219909900870022405
147420883753416445661
147527710313029903467
75670575640047765934
75670575637388025454
147608853511663224841
149761745441683846246
148947800816999724454
147421705854285911165
148947800822319205414
147423374165984964800
148947800819659464934
147370067651624399196
74119126895522713132
100088121937492808525
100088121934833068045
148947801675210242855
124505666529155776234
147420887107290085597
98510359770250924744
147397118739858679809
150477235070051892807
98535769013060235715
126057225625068499494
126847351556395399977
223038922227545681938
147370066827133479547
147397117034961338045
377658870764298533161
246694290866759535644
445319077452112799846
445319103891734036996
301964477405516810756
220572709268434951515
222939062363525419066
220991977229063475013
147608061206096921324
150474776185190950404
147581013472626554891
123741772965689669702
147500662579559537034
99323405497508602750
99272643128742189312
147323353156995943933
49679396072399160162
123718005448489560875
147502248047138737359
123718005451149301355
147452142319238446097
147452195253507995661
147449681728598199375
147420883782704067134
147397142706037664988
147502219901734501806
147452142291725831986
147452221693130156332
147449681700198081583
147581805778192858408
174179291739128888837
147421705828545533853
147420910988239133945
147397144410929465626
147370067680024516988
98535769865951273156
147420886339599401532
147397117119276958303
147421705883570762075
147397117887852375486
26810919916404932102
249873554932177699134
445319103891734960517
244990255565879994106
220964929495593108580
147660572056571713381
147452142292613335667
150475595813477931205
147449681701085585264
147452222546021193773
251302355580386133346
147473614846089170601
147452142345863556527
147452167960994797549
147449681756110813486
147554758044722491975
126057225625068498533
224667526222657125981
174104655436170034915
126846531928108419176
147421681094705448064
124505668232278110636
124505668234937851116
98510417766841470732
147420885458308246299
147371707761089398239
123767184001259186856
174893961739209954597
147397117007448723934
147423374166869697918
98535770718842310597
150474771922513542085
74119945669140878567
147420887108174818715
225380602832330422851
147420883780926289209
147421705967886382333
147397118740743412927
223038922172520453716
98511180249651165061
275104992999915415806
98535769013944968833
76433702616026466404
152054303975339222980
248346585725972613103
174893137848245565477
25232342221998223403
147450501356826013266
249823557606671870273
246694290866755841560
246694291005206415796
445319104055032867258
321550998692804427728
269407801863325036697
220937881762122742147
27728299095367179283
196256796912076937778
147634316630445428390
147449710756178323279
150476415441764912006
147529295780609103792
123742595152649762826
123767183145708408935
123767183148368149415
147529267635204868239
147502247194247699918
147502191756330266253
147527710311252125542
148998673215834039558
76458238423836315695
76458238421176575215
150474771922513541124
124530257936438312587
147420887080662204604
147421705856058147964
147397143558038428185
250513845847367703425
147423375019760735359
98510359740073029027
100089763752739882450
147397119593634450368
147397145262930228823
150475591550800522886
98535769098260589091
98535769866836006274
147372528241377142237
147344605467437197524
49649888519443265994
147450528649339211378
147449681728539032465
98484924823524880070
27675734398979058529
149761694431519506527
445319077697061045239
321550998692805351249
321600996018310256589
321551025132426588399
293825348160770079288
147507113788729560339
26967712163742143260
99323405389230383105
175681068553538676700
175017722230991976734
346757900954475871013
196388266879593230600
27754527228063179026
196388238734188995047
27728299122879793394
196388210588786606536
222939007776721244917
147608061204319143399
147449710781915930028
147449681757883050285
147581013470848776966
147529294927718066351
147500662577781759109
49679395989860394308
99272671272368646940
49678655762978661374
99323405469105714395
99272643100339300957
202466416036266168004
147530114554227269227
148974903995511596329
147530087261714071115
147503012209078583248
147449681701082814701
147449763661160251370
147449681728595428812
147449736368647053258
148947804233883355178
98535768986432354722
147502219899956723881
147502220726195838000
126062147657467792619
150475591550800521925
174894781367496935398
147371708613090161436
199309864517403627267
74118306412566916965
273349585458242132335
98511236540459636167
126848990812969361579
273349531726106773552
147448862073626941234
98535770719727043715
100851248913471508995
74120764442759044002
147397117089986566267
128424420461682730150
125294150808568635075
74067434816888308585
126845708037144030056
147448862100252051664
248346585670947384881
149711697106013677666
174993132499257223199
98535769014829701951
74091966435763069274
26047079205531223590
248346585643434770770
174890836803310021270
