34
568018616744138786
353636113191692222
353072941972783306
353323279296572294
353325171680645558
353636113190355886
282943027947343544
353446607220337254
353198057274053006
353696831731935774
423387009089857918
353199843067957902
353317864675496730
353316137584159642
353385783546450586
353325063544336438
353196273020943518
353323384343272582
353192809574788190
353321493417060906
353571717928659426
212695256194711890
353316078880255498
425326168080887388
714346623378143444
858856851026771472
353319707623156010
1688083760061496296
1688081974268927736
1688080188476359176
1688078402683790616
1688076616891222056
1688074831098653496
1688073045306084936
1688071259513516376
774206056688125578
633828582589724874
774206056682780234
493450682127978026
493450841242832874
353073472196477802
353196379657920638
423388686747453694
353696885800090334
353256988472914574
353316078881591834
74819948519517692
714346623379479780
353507429349419506
353507429348083170
353571771996813986
282884099832744274
353323330273781686
353636006506563010
353192750870884046
353319650464056282
1688081974267591400
1688080188475022840
1688078402682454280
1688076616889885720
1688074831097317160
1688073045304748600
1688071259512180040
844394900326157962
865605315668228302
1057276036592844946
1057276195707699794
704017426227757258
844394900320812618
576281485500545126
576342202493311590
563639525766010410
563639684880865258
423262315834510186
568018508607829666
353578862645074418
423324560371341118
353078410708826874
353192811118256270
353696831729263102
704580226288342790
704580332879847494
704576653158401254
704576762839514790
704573080028459718
74820001042867836
74757445732846332
353198058814848414
353325116067686582
353323330275118022
353192750872220382
353443140768843250
704580278811692934
704576707226555814
704573135641418694
497581495088210810
353446605671523830
353199844608753310
353325168591036726
353323276206963462
353443140767506914
353319650465392618
353571717925986754
353192808028647438
353317921829251114
353196274561738926
353196268387866606
353323277662152378
212695257735507298
353317864670151386
497824044829566970
497581386951901690
642091614600529718
353321491868247482
1688080188473686504
1688078402681117944
1688076616888549384
1688074831095980824
1688073045303412264
1688071259510843704
1688069473718275144
914583743964190346
774206269865789642
914583743958845002
633828369404042794
633828528518897642
493451159472542570
74694942948847644
282944816828184600
353325116069022918
74820053566217980
74694942946174972
353378852188266994
285010980376149272
427515549824691230
353378852186930658
353317864671487722
353507429345410498
282884211058662226
353385781997637162
353446550057228518
282884101373539682
353316078876246490
425326432243778860
1688078402679781608
1688076616887213048
1688074831094644488
1688073045302075928
1688071259509507368
1688069473716938808
353321436253952170
865664246867089870
1057276513937409490
844395113503822026
576402919486078054
576401133692173158
852968821537321574
704017213042075178
704017372156930026
563640003110574954
99912732441179128
353078622348368202
74632440162176284
353078515755527162
142572754403021346
353197955308943534
282946605709025656
74632440159503612
283005536907887224
704635638433435398
704580224743538374
704580331335043078
704576651613596838
704576761294710374
704573078483655302
353510894252100086
353446550058564854
353325221114386870
353201630402658206
353323222138808902
353325061999532022
353323382798468166
353256990013709982
704576707223883142
704573135638746022
142569182815211554
353196381157252638
353317920368716854
353192809569442846
353319704619153670
353316078877582826
353323276205627126
353323382797131830
353443140764834242
353196379613784558
353198060355643822
353446604125383078
353192808025974766
353199846149548718
714346728424843732
497581278816928906
353321436255288506
353317972892066998
642091508009025014
353319706074342586
355137429402613654
353325063450711930
353196269928662014
1688076616885876712
1688074831093308152
1688073045300739592
1688071259508171032
1688069473715602472
1688067687923033912
355137642673902226
353321490322106730
353319650460047274
353131928819390270
425326378174287964
353323276113338954
914583957141854410
774206056680107562
774206215794962410
633828846748607338
99728848192324984
74569937375504924
74569937372832252
282948391502930552
285010983463085432
353378852184257986
353319758685971894
714346569309988884
353446658193537638
353319650461383610
425326378175624300
1688074831091971816
1688073045299403256
1688071259506834696
1688069473714266136
1688067687921697576
425326324107469740
353321544390261290
353317864666142378
353323222043848058
853027752736183142
1129595440581331558
844394900318139946
844395059432994794
704017690386639722
99912784964529272
