50
6276112039190670952
5084148597889145452
9867388393795012802
24513872768482387802
9871293862557512802
9867389175045012802
5084148597876645452
48945672848208028102
48945594707595528102
48945674441958028102
48945596332595528102
24521647019126392902
19634844657875630152
48947587707620528102
48945595520083028102
48945517395095528102
9871293862545012802
24525671269120142902
24521646222245142902
24525671253501392902
24517814970988382702
34474730565363637802
24521606362257387802
44435750144120142902
24523716549757387802
24521724362232387802
24517736799119632702
34474732143488637802
24525670456620142902
117332441820790813752
117332402758297063752
117332363695803313752
117332324633309563752
117332285570815813752
24521685299732387802
24517699330369632702
34474732143482387802
24521567299751137802
24521723549738637802
24521685284113637802
19632854767863385252
24517697720988382702
24521724330982387802
24521684487232387802
24517619611594632702
63576251613795502602
63576253973170502602
53810633691920502602
5082156410389145452
39461133690376135252
5082156410376645452
19632969657875630152
24527702503501392902
24525670456626392902
24519650908488382702
24521567299757387802
34474729768488637802
117332402758290813752
117332363695797063752
117332324633303313752
117332285570809563752
29494221158794760252
24521684487238637802
29494221955663510252
24517698517863382702
24521725112232387802
24521645424732387802
54308951709421252902
58693446191920502602
6276112820440670952
6276108117315670952
6270213601690670952
44345942302533502802
24513873549732387802
9871293065682512802
9867389956295012802
9867386815670012802
9867308690670012802
48949736973233028102
48947587707608028102
9871294643795012802
24527702519120142902
48945517395083028102
24517699345988382702
29494219596288510252
24517738392869632702
34474730565357387802
117332363695790813752
117332324633297063752
117332285570803313752
117332246508309563752
24515668080344632702
24517698517869632702
24521646237232387802
29494223533794760252
24521645424738637802
29494223533788510252
34572427471294762802
19632855564738385252
24517699314738382702
19632856361613385252
24515667267844632702
24521606362232387802
14845786049100885252
24517697736594632702
63576258691920502602
73443637615033502802
117332324633290813752
117332285570797063752
117332246508303313752
24515666470975882702
24515665674100882702
24521606362238637802
24611411830669762802
24517700111613382702
19632854752238385252
24521567299732387802
73447504802533502802
9871293065670012802
48949736957595528102
48947587707595528102
48945439270083028102
117332285570790813752
117332246508297063752
117332207445803313752
24523716549732387802
24521567299738637802
24517699330344632702
19632856361600885252
19632855564725885252
19632854767850885252
24517697720975882702
24517619595969632702
9867307111282007702
24517736799094632702
24517698517844632702
117332246508290813752
117332207445797063752
24515666470969632702
19632891470350630152
24517698517850882702
24517737580344632702
48949736941958028102
48947587707583028102
117332207445790813752
117332168383297063752
24517738392844632702
24517737580350882702
9869300876907007702
24517738361594632702
14845786033475885252
9871293064407007702
9869300080032007702
117332168383290813752
24517739142844632702
9869261814407007702
9869300861282007702
54308954021896252902
117332129320790813752
5871452472232640402
46933570790813752
46933555172063752
46933539553313752
46933523934563752
46933508315813752
46933492697063752
46933477078313752
46933461459563752
46933445840813752
46933430222063752
46933414603313752
46933398984563752
46933383365813752
46933367747063752
46933352128313752
46933336509563752
46933320890813752
46933305272063752
46933289653313752
46933274034563752
46933258415813752
46933242797063752
46933227178313752
46933211559563752
1993004470502602
1993801408002602
1993801383002602
3946129470502602
46933383290813752
46933367672063752
46933352053313752
46933336434563752
46933320815813752
46933305197063752
46933289578313752
46933273959563752
46933258340813752
46933242722063752
46933227103313752
46933211484563752
46933195865813752
46933180247063752
46933164628313752
46933149009563752
46933133390813752
46933117772063752
5899254470502602
1997020133002602
7852379470502602
9808628026137802
9805504470502602
5900815169752702
1993801370502602
1996207620502602
11758629470502602
9808643632387802
46933320790813752
46933305172063752
46933289553313752
46933273934563752
46933258315813752
46933242697063752
46933227078313752
46933211459563752
46933195840813752
46933180222063752
46933164603313752
46933148984563752
46933133365813752
46933117747063752
46933102128313752
46933086509563752
13711754470502602
2001020120502602
15664879470502602
5900830769752702
9807049244632702
9808659238637802
46933289540813752
46933273922063752
46933258303313752
46933242684563752
46933227065813752
46933211447063752
46933195828313752
46933180209563752
46933164590813752
46933148972063752
46933133353313752
46933117734563752
