53
315436273009727063731
315436210750044542851
315436148490362021971
315436086230679501091
315436023970996980211
315435961711314459331
315435899451631938451
315435837191949417571
315435774932266896691
315435712672584375811
315435650412901854931
315435588153219334051
315435525893536813171
9447350106716267167
315436459788766735890
315436397529084215010
315436335269401694130
315436273009719173250
315436210750036652370
315436148490354131490
315436086230671610610
315436023970989089730
315435961711306568850
315435899451624047970
315435837191941527090
315435774932259006210
315435712672576485330
315435650412893964450
315435588153211443570
315435525893528922690
315435463633846401810
18716386036088458764
9447350106708376686
315436397529076324529
315436335269393803649
315436273009711282769
315436210750028761889
315436148490346241009
315436086230663720129
315436023970981199249
315435961711298678369
315435899451616157489
315435837191933636609
315435774932251115729
315435712672568594849
315435650412886073969
315435588153203553089
315435525893521032209
315435463633838511329
160425685340913268914
27985421965460650361
18716386036080568283
9447350106700486205
315436335269385913168
315436273009703392288
315436210750020871408
315436148490338350528
315436086230655829648
315436023970973308768
315435961711290787888
315435899451608267008
315435837191925746128
315435774932243225248
315435712672560704368
315435650412878183488
315435588153195662608
315435525893513141728
315435463633830620848
315435401374148099968
150978398720591614904
37254457894832841958
27985421965452759880
18716386036072677802
9447350106692595724
315436273009695501807
315436210750012980927
315436148490330460047
315436086230647939167
315436023970965418287
315435961711282897407
315435899451600376527
315435837191917855647
315435774932235334767
315435712672552813887
315435650412870293007
315435588153187772127
315435525893505251247
315435463633822730367
315435401374140209487
141531112100269960894
150978398720583724423
46523493824205033555
37254457894824951477
27985421965444869399
18716386036064787321
9447350106684705243
315436210750005090446
315436148490322569566
315436086230640048686
315436023970957527806
315435961711275006926
315435899451592486046
315435837191909965166
315435774932227444286
315435712672544923406
315435650412862402526
315435588153179881646
315435525893497360766
315435463633814839886
315435401374132319006
315435339114449798126
132083825479948306884
141531112100262070413
55792529753577225152
46523493824197143074
37254457894817060996
27985421965436978918
18716386036056896840
9447350106676814762
315436148490314679085
315436086230632158205
315436023970949637325
315435961711267116445
315435899451584595565
315435837191902074685
315435774932219553805
315435712672537032925
315435650412854512045
315435588153171991165
315435525893489470285
315435463633806949405
315435401374124428525
315435339114441907645
122636538859626652874
132083825479940416403
141531112100254179932
65061565682949416749
55792529753569334671
46523493824189252593
37254457894809170515
27985421965429088437
18716386036049006359
9447350106668924281
315436086230624267724
315436023970941746844
315435961711259225964
315435899451576705084
315435837191894184204
315435774932211663324
315435712672529142444
315435650412846621564
315435588153164100684
315435525893481579804
315435463633799058924
315435401374116538044
315435339114434017164
315435276854751496284
113189252239304998864
122636538859618762393
132083825479932525922
74330601612321608346
65061565682941526268
55792529753561444190
46523493824181362112
37254457894801280034
27985421965421197956
18716386036041115878
9447350106661033800
315436023970933856363
315435961711251335483
315435899451568814603
315435837191886293723
315435774932203772843
315435712672521251963
315435650412838731083
315435588153156210203
315435525893473689323
315435463633791168443
315435401374108647563
315435339114426126683
315435276854743605803
103741965618983344854
113189252239297108383
122636538859610871912
132083825479924635441
83599637541693799943
74330601612313717865
65061565682933635787
55792529753553553709
46523493824173471631
37254457894793389553
27985421965413307475
18716386036033225397
9447350106653143319
315435961711243445002
315435899451560924122
315435837191878403242
315435774932195882362
315435712672513361482
315435650412830840602
315435588153148319722
315435525893465798842
315435463633783277962
315435401374100757082
315435339114418236202
315435276854735715322
315435214595053194442
94294678998661690844
103741965618975454373
113189252239289217902
122636538859602981431
92868673471065991540
83599637541685909462
74330601612305827384
65061565682925745306
55792529753545663228
46523493824165581150
37254457894785499072
27985421965405416994
18716386036025334916
9447350106645252838
315435899451553033641
315435837191870512761
315435774932187991881
315435712672505471001
315435650412822950121
315435588153140429241
315435525893457908361
315435463633775387481
315435401374092866601
315435339114410345721
315435276854727824841
315435214595045303961
84847392378340036834
94294678998653800363
103741965618967563892
113189252239281327421
122636538859595090950
102137709400438183137
92868673471058101059
83599637541678018981
74330601612297936903
65061565682917854825
55792529753537772747
46523493824157690669
37254457894777608591
27985421965397526513
18716386036017444435
9447350106637362357
315435837191862622280
