38
1732039706783702724398
1732774936180942113474
2085371191608555461120
1732039706666276205422
2085371191608553375984
1732768657966085274002
1732278448397817593118
5186833305189300811914
3456722702035072286838
3456465116966370359030
3456465295343274556342
699048351318716665722
1732278113617822928926
1732768657969094125250
1732291009289743163422
1732278113732238511518
1732039706898118306990
1732762379754237285778
1741350142898889557030
1387542005623532739192
1732039876347594040606
1732039706898116221854
1387542005506106220216
1732278444050025454622
5186833470405402074762
699048351433132248314
1732039876468031495966
1732039876347596125742
1732762379757246137026
1732039876462009623198
1732039706666274120286
1387542005620521802808
1732278439702233316126
1732291004821513569566
3456722702032057180182
3456452556194882244086
1732291004941951024926
1732278113846654094110
1732278113500396409950
1387542175187426140536
1732039876576425205790
1732291004821515654702
1732291004935929152158
698558315667999902502
1732291005050344734750
3456722702029042073526
1199638808939546670
1199638811944227646
245024412758223762
245024412749883218
1199647510610387630
5736084239236721676
5736079891446668316
5736075543656614956
5736071195866561596
5736066848076508236
5736062500286454876
5736058152496401516
5736053804706348156
5736049456916294796
5736045109126241436
5736040761336188076
5736036413546134716
2933795897710138974
1953716123818793894
1953716123810453350
483596462981776274
251472769683371556
483596462973435730
1199639070884756670
1199638814948908622
5736079891444583180
5736075543654529820
5736071195864476460
5736066848074423100
5736062500284369740
5736058152494316380
5736053804704263020
5736049456914209660
5736045109124156300
5736040761334102940
5736036413544049580
5736032065753996220
722168513205328786
245024876434086354
722168513196988242
5736075543652444684
5736071195862391324
5736066848072337964
5736062500282284604
5736058152492231244
5736053804702177884
5736049456912124524
5736045109122071164
5736040761332017804
5736036413541964444
5736032065751911084
2895447901017027494
2895447901008686950
960740563428881298
483596926657638866
960740563420540754
251808013362238884
251472652252682308
1199647513612983470
1199647510533185614
1199974079869169090
1199638817953589598
5736071195860306188
5736066848070252828
5736062500280199468
5736058152490146108
5736053804700092748
5736049456910039388
5736045109119986028
5736040761329932668
5736036413539879308
5736032065749825948
5736027717959772588
1199312613652433810
722168976881191378
1199312613644093266
245024412745712946
251807432247346500
245024759003397106
257921238017335830
1438223911628674478
5736066848068167692
5736062500278114332
5736058152488060972
5736053804698007612
5736049456907954252
5736045109117900892
5736040761327847532
5736036413537794172
5736032065747740812
5736027717957687452
1463676236873121354
2173114175695790666
2895448364692890086
1463676236864780810
2173114175687450122
1437884663875986322
960741027104743890
1437884663867645778
483596462969265458
483596809226949618
251473344768050628
1199651861405121966
1199647754487894190
1438384779937798830
1199647513537866590
1199978424644115794
1199638820958270574
1199638808922865582
1199974076851977298
5736062500276029196
5736058152485975836
5736053804695922476
5736049456905869116
5736045109115815756
5736040761325762396
5736036413535709036
5736032065745655676
5736027717955602316
5736023370165548956
1676456714099538834
1199313077328296402
1676456714091198290
722168513192817970
722168859450502130
245025451518765426
1438545648246923182
973636234877545902
1200839980466144638
1201344676800690690
1200161031913932626
483596347856753594
5736058152483890700
5736053804693837340
5736049456903783980
5736045109113730620
5736040761323677260
5736036413533623900
5736032065743570540
5736027717953517180
5736023370163463820
3591990053341129290
1463676700548983946
2173114639371653258
3591990053332788746
1915028764323091346
1437885127551848914
1915028764314750802
960740563416370482
960740909674054642
483597501742317938
1201013895160535726
1201013892151684478
1199651861330005086
1199639064850373086
722168398155425874
1199639061841521838
1200839863037540526
1199973947381712786
1199647516542547566
1199982769419062498
722168398080306106
1237021839619977062
1199638811927546558
1199978421626924002
5736053804691752204
5736049456901698844
5736045109111645484
5736040761321592124
5736036413531538764
5736032065741485404
5736027717951432044
5736023370161378684
5736019022371325324
2153600814546643858
1676457177775401426
2153600814538303314
1199312613639922994
1199312959897607154
722169551965870450
1200839863039625662
1199473845731918446
1200492274525754206
960740448378978386
960740448303858618
1199978295165510738
5736049456899613708
5736045109109560348
5736040761319506988
5736036413529453628
5736032065739400268
5736027717949346908
5736023370159293548
5736019022369240188
3591990517016991882
2392172864770196370
1463676236860610538
2173114175683279850
2173114521940964010
1915029227998953938
2392172864761855826
1437884663863475506
1437885010121159666
960741602189422962
