109
567978431060042232669724
284107713323416805172218
284107693397790529428458
284107673472164253684698
284107653546537977940938
48654029997852794986240
51494906074134874938300
234149823556348774849133
42972276020603714487112
103933861436771032286048
309890117119480713767904
1146115536020221817372079
38189344522192953362893
1249095875797313593226757
284085853066426494759034
40989135233076424733810
258281589013372275750164
1013977429333282413865803
232477324960318056741294
181581258105861704150582
104407374207438124631245
676147818376071327649320
206673060907263837732424
104403030420879240024348
363883603069136617157878
28897302425397189820054
28895129619775287213161
156485071482151734782769
567978470911294642999083
567978450985668367255323
567978431060042091511563
284107693397790388270297
284107673472164112526537
284107653546537836782777
284107633620911561039017
41291028241442734581972
1355414614818114325662009
1381218898805180179798802
41291030248931567258649
40107327573666772612261
103933861436770891127887
309890117119480572609743
35797888006262162450888
859640421364638063539507
35087659707796799764641
40973991756999579273850
284085853066426353600873
1013966609718138036122700
258281589013372134592003
258757313897564725979308
104409546100717566940634
676141322621859417623074
232477324960317915583133
207383350265636339703783
363879279208204149441021
78362009890242992651078
441059658860839638986604
28892957726495844903772
104403030420879098866187
311073919433016990163622
130444050951515487409499
567978450985668226097162
567978431060041950353402
567978411134415674609642
284107673472163971368376
284107653546537695624616
284107633620911419880856
1017330952122410639841935
38189343427046580983720
1352076195642070692906192
38189345434535413660397
1300704383971087072752932
37242379126729830737410
309890117119480431451582
129974901893032990758553
32459466824406797129235
573165306709054309706935
31985974893400646166389
1013955790102993658379597
284085853066426212442712
335933369689267747808034
676134826867647507596828
258281589013371993433842
310363670110393439383218
363874955347271681724164
518235714652542660815330
78364181783522434960467
28890785833216402594383
207383350265636198545622
78362009890242851492917
104403030420879240036229
567978431060041809195241
567978411134415533451481
284107653546537554466455
284107633620911278722695
284107613695285002978935
35797887276723614235053
730855837466826886009363
35087658612650427385468
35087660620139260062145
1014229269315503318920360
35797889282535346800889
34377430679792888862559
309890117119480290293421
103931709469117301087775
441042343491483351217255
389670531825531031396518
286690192053470555874363
676128331113435597570582
284085853066426071284551
363870631486339214007307
78366353676801877269856
28888613939936960284994
310363670110393298225057
78364181783522293802306
78362009890242992662959
567978411134415392293320
567978391208789116549560
284107633620911137564534
284107613695284861820774
598708967509179392686239
28884309823504097499230
598709007360432085320039
312257719740742380942470
129977073786312433067942
32459466094868248913400
444380722811243132176791
31985975805743106463893
727754154659919565087788
32459468100679981479236
129977053860686016166021
28886442046657659133766
492666015070314434485154
29134038792856401531574
518235714650865701862650
309890117119480149135260
312257700175692629041406
103931709469117159929614
389670533831342763962354
312257721927680925479134
286690194060959388551040
28886442046657517975605
78366353676801736111695
52320989359606745289689
567978391208788975391399
284107613695284720662613
284107593769658444918853
315335535660502959775242
598708965500013459898721
315572311879214864132443
598709005352943252643362
103933881362396743397164
518218399283186373045981
492650851670288131075953
157905608155659378344219
441279040004335811255216
209514156189070909888357
235318440169428363581786
103933861436770326495243
52323161252886187599078
567978371283162558489478
284107593769658303760692
312257721746554254678348
315335533651337026987724
312257741672180530410227
29121046190963309222631
312257699992888716959737
103933881362396602239003
492650853676099863641789
312257722840023385776638
441279042011824643931893
312257720832534553099961
209514158194882642454193
103933861436770185337082
312257702002054649747255
28886442046657659145647
441289879543429505789399
492666015070314293326993
29134038792856401543455
284107573844031886858771
47805673625307283709
47805671948348331029
47805670271389378349
47805668594430425669
47805666917471472989
47805665240512520309
47805663563553567629
47805661886594614949
47805660209635662269
47805658532676709589
47805656855717756909
47805655178758804229
47805653501799851549
47805651824840898869
47805650147881946189
47805648470922993509
47805646793964040829
47805645117005088149
47805643440046135469
47805641763087182789
47805640086128230109
47805638409169277429
2192005265985690530
4363898545427999919
2192189748268306489
6535791824870309308
47805655177206064458
47805653500247111778
47805651823288159098
47805650146329206418
47805648469370253738
47805646792411301058
47805645115452348378
47805643438493395698
47805641761534443018
47805640084575490338
47805638407616537658
47805636730657584978
47805635053698632298
47805633376739679618
47805631699780726938
47805630022821774258
2192189748127148328
8707685104312618697
2192189747985990167
10879578383754928086
2192189747844832006
13051471663197237475
2192189747703673845
15223364942639546864
2192189747562515684
17395258222081856253
2192189747421357523
19567151501524165642
2192189747280199362
21739044780966475031
2192189747139041201
23910938060408784420
47805640083305066889
47805638406346114209
47805636729387161529
47805635052428208849
47805633375469256169
47805631698510303489
47805630021551350809
47805628344592398129
47805626667633445449
47805624990674492769
47805623313715540089
47805621636756587409
