133
14409362715540396165
104370203681319611044
117391816221228149897
13414004262903070787
13414031935842836027
13414020866666929931
195422842880831608744
13218212677598622724
13218185004658857484
13218190539246810532
117306517994031857983
117306517993718957262
104281196902827025608
13421404633122490979
13416965432356578367
26729353990182410618
13220398965000365084
91641602967320465201
13219657288285960038
65696284748705707336
117782729374064863754
13221882317803373734
13221140641088968688
573082983253266153474
39163508591076055601
52382407220252598372
78234274256714507920
144119713865031210070
65598372351976749973
13323492112164853957
78233521510198395336
390769281915490329189
52185840627416120235
39166475298246576506
52185851696904927052
13323492111851953236
78230549143585422327
52380934853389234136
26142626699385479887
39164975340115205107
39164964270939299011
65402547393297772989
78229812959840803977
39163508590137353438
39164991943566163530
39164969805214351338
52185104484350966074
13120266823007183163
195433968037493065330
13416218096512710649
52185846161065371120
13220393303680526343
39164980873764455992
26020885122879297289
1075116464351582392602
79109547082682275994
14407890430974591448
13421404634061193142
208444455420740147597
196304059941859143360
78619990427411908659
104279713548459513353
104663215507229021743
13220398964687464363
573082983252953252753
78235752158165896226
39262146100496285248
14007362778601131956
390769281915177428468
26144846195566543419
78234263227905165292
78229807424939950208
26141912571382142467
39165717016516709432
26141879362915722016
195433968037180164609
52185115553213971449
26346549467722323121
15191875927505812306
288434571728212151020
13417701785390021681
13421404633748292421
13218207142697768955
13707769123213637005
13218190538933909811
78619990427411926348
104281944114129383702
91347898987477400466
13422140775561843698
13218915611571554992
39750966530090949471
104663215507229004054
13222618460242726453
13422140774936042256
104281196901575422724
13222618459929825732
65696284748705725025
13418432181082827152
573082983252640352032
91641614036496388986
65696295817881631121
52577490791979670904
78235010439520424107
78619984891885288826
65304640532095453148
390769281914864527747
13224101813671589878
78232779791552923217
13219673642340874403
13224101813358689157
13418432181708681661
78424159933206311842
26144098983638383883
39164222593599092523
65402536406732398155
39165717016829610153
52283753105191069611
26240527942763496287
52185846161378271841
39262140482672035140
39164980874077356713
52185840626477418072
39164969804901450617
13121761245298998630
39163491902824260869
195433968036867263888
39164975339176502944
65304640531156750985
13218920936817126729
78229812958902101814
13120272356969334769
13515591663571492350
65209694842537052334
65209689307949099286
65209683773361146238
65209678238773193190
13421404633435391700
14008845799710555516
13612768459209928738
52579699217733225456
104281196901888323445
13416223755642173321
573082983252327451311
13221882316864671571
390769281914551627026
13417696039895130384
13812290276050001164
78233521509259693173
13220409784154425680
26144846194314940535
52185104442732799722
195433968036554363167
13614240243419284310
13122491852211696138
668509080333787052593
288434571728212168709
17755997701084451825
117306517992780255099
144217665129668986655
104370203680693809602
13422140775248942977
117391816220602348455
65991489183281802184
79011629151052464862
13414020865728227768
13414015331140274720
65998833996714753647
13222618459616925011
13414004261651467903
52772606742939235875
573082983252014550590
14007373307992709913
13612048506543325932
104663209971702366532
13418432182021582382
390769281914238726305
13416954363493626059
117684822511610905385
78230560212448427702
26144846194627841256
26146329548056651348
39166469762407020574
26143362841199031164
26145587871029345581
78229093462783476754
13709944339249150533
52283753104878168890
52185840626164517351
26240533476725647893
195433968036241462446
39165717015578007269
39164975338863602223
26240527941824794124
13512647179553566613
52185846160439569678
13220398713414015979
26141884896877873622
52185851695027522726
681530692873695591446
92140707656379605624
144217665129669004344
13417696039269275875
573082983251701649869
13417696040520931826
14795809282556510217
13617948837272446347
390769281913925825584
104761122326500310155
13419168323522232938
78232779790614221054
14203906566569619713
14401203851119649356
39164233662462097898
78229818493802955583
39165717015890907990
195433968035928561725
39262146016634186746
39457965398168324478
13612767959792181756
13612031817978630479
78229082351050702143
13218915859402988247
13222596568470744632
78620018100351673899
13223332710284295909
13222618458678222848
13414004261338567182
13417696040208031105
390769281913612924863
13415476544965669736
13419168323835133659
130706435051519444238
65696279213179069814
13416954363180725338
195433968035615661004
78230565746410579308
14201703676029819651
65696290282042057500
52185104483725164632
52185851695340423447
14106741465943839064
78230560211509725539
39359327846817027758
13610565069252381694
65403283616783082343
26240539010687799499
13218179218171654610
52185846160126668957
26240533475786945730
79011629150739564141
