107
168605268622595067579314
212071960250169133388917
170171635699089531780357
168586744468549230231554
126495342366768177164624
106229970657833551440265
128063564619084756898343
126504534830940786250064
126513830860528347790895
168586745271439968470769
126489705749572268087456
168586745432018116118612
148325138330599752457888
63345967968689879470772
84589485413724123467218
126502662006503645866503
126890524220144677204305
126493400014939507589926
84394521864401787178202
126500823059526332171663
105639825252091174123254
148133937131764445113599
126886846824445504803050
22821036045093744135487
126493433895427537694147
126500805877664533852462
106036915267629545531514
126497093954661763165002
84396343141752409013508
84591237000130743710451
381039281677232031653423
63347841608023338749138
126495238151494508858095
22427519867328693428934
63351621617618968973358
85966543395691321650161
126498915710773682907153
63349714430959355542047
232715948899275084991159
84392666544470099405476
631707648628930810200931
631707631447069142961331
631707614265207475721731
631707597083345808482131
631707579901484141242531
84392701229363755934268
127276687210862525117651
168980192407993886028708
126498967580516440625337
211864230262223502289521
42295695903263175894656
126499019123099981640439
168980192730650911676243
21453102281628878216679
126498967256358684625953
84589382322553333552012
63345967968689486231969
63347910329466824140940
42295627169813323369658
148325206733860874068294
21454958083281113258629
21453102281628747137078
84392666223313017632184
42295661541039916369300
21247159677135617625840
315952293646235534444897
315952276464373867205297
315952259282512199965697
315952242100650532726097
315952224918788865486497
315952207736927198246897
63542717792454482783652
168785315407446227536867
189833834930444576487510
315926381129538459363661
316128663674768654463880
316128664479160123054944
336974900652536677234703
169774510365363059969180
1740845722555142205831997
379673254450539354328828
169776348824575480123687
1593702801029882719709745
421573578360806964618264
274627337445459802568109
1103433013509646920165921
273829342083541237143971
956290091984387434043669
273829342887932705735035
168607158628893613043273
231732304646327476424813
168605268460516320659223
421573577880572989867382
421573578360806702459062
168607158304735463805086
253972284160436874757954
168610870074621789421831
168607158465313611452929
21848423365347931593669
212071959609357273149394
21846567563695565472118
127276651721619480236401
127276651724620678780897
189635263991547579182197
21841000479894762403151
190232797446135698394662
148718654352289239822397
148325188429480826050741
189635264794438317421412
126498950239605147438353
126502679027773531943157
126498950562262173085888
126504552011301460978613
189635264955016465069255
24014213904188366062527
126504534990018203546058
106036898555524662950605
126504534665860447546674
126886915559410114433803
148332507902606910030367
126888703103372203016842
105638021161104148423893
63345968294348365822005
148325137845863848810661
126500806042744479317049
84394539046263585497403
128260314921427786137558
126495238634743839986980
84394505165775555393182
126493400177018385589618
126502696047542294429159
105639756523129092661094
105643433447570618972208
84789824964812403037709
84786251137558352643901
168980192570072764028400
63347858626305135477995
126498933057715426690941
126502696206619711725153
126498898528911884587952
84394504837115477258650
169570390169702152662038
126493417195300182318475
63351604435757170654157
631707631447069011881730
631707614265207344642130
631707597083345677402530
631707579901484010162930
631707562719622342923330
126498984601799698057892
84394522018977275577851
63347824096000863023157
42297500318449513536715
84589381677239151177341
63345968782085468013728
126493417514969511857016
126498967419937899738691
169570390330280300309881
168980192245915008029016
21451246640554659742971
84394539208342070258292
126498950074496886306752
63347841605021484806637
21247107973973928962895
63344146692811672320301
148325137844362987379211
84589416365092712466517
21451246640554528663370
85179630820910993063965
42295678722901714688501
126499001620081888025552
84589381998395446473027
315952276464373736125696
315952259282512068886096
315952242100650401646496
315952224918788734406896
315952207736927067167296
336974900652536808314304
2059552077077889848665035
1912409155552630362542783
443021097005465865135617
421573578360807095697865
274627337445459933647710
463473902271074705987301
23841520633726759775322
169778187283787769198593
169778170101925970879392
274625516168109180732803
1103444027083059642773762
294877861606539586094614
294877862410931054685678
252780824169325825375456
168605268624095797931163
23026909602498142133980
463473901790840731236419
168607158627392489452621
168607158465313742532530
463473902271074443828099
212660350400023461231128
168607158303234864532838
168605268784673945579006
21846567563695696551719
295872608070704616126991
168603378617797383546805
253972283519625014518431
168603378617797252467204
21842856120968980876859
85179596133197568061229
210683783514545928132840
127276668906482477100098
148327009703830249341551
126495342045611881868938
21842855310503539517315
169375529226828598292194
126495341885033734221095
169381027422604060436514
21449390675322554155717
210683784317436666372055
210683784478014814019898
126511975057361093483988
126500823224606277636250
126504534829439662659412
126888719654898937949908
148330686625256288195061
169381027425605258981010
126504552168878147922758
126502679186850949239151
126498950398682564734347
84789808093630103172255
126504551847721852627072
126502678862693193239767
23815642965292155223371
84789808416287128819790
126500788860882680997848
126502661842924037514962
84392666377903057104143
84392666705062011648023
126504551849208425145414
338548777671867752382839
84394505327854433392874
84396343302330556661351
317303525669185612747547
63542734661995260543904
126504552006785112089559
126493434377161980637676
170160604143926126625295
631707614265207213562529
631707597083345546322929
631707579901483879083329
631707562719622211843729
