176
489814528380016421826
2917590725026078067298
7502501146662791363778
200894202394920027666
1945369136044923030114
8103040837947233314754
173142807022938851474
5510360498038398608146
493497275578572602834
2755643226632224972386
163888814744463280738
326851671561760094994
489814528379056909250
818512757039947001474
4571105271152956868114
2107406067541302446690
170365031054429459074
493512968721473207762
8103040837946273802178
5510360498037439095570
493518170047245188562
978687405684208696786
2755643226631265459810
163888814743503768162
326851671560800582418
489814528378097396674
12537615614020038956658
978703098829987839442
2269442999037681863266
179582435900766204770
8103040837945314289602
170365031053469946498
5510360498036479582994
493539064515917774290
1463877535789844790738
2755643226630305947234
487957414434532109586
163888814742544255586
323852339480716999042
326851671559841069842
489814528377137884098
330550111905135906082
220338484885820951234
7988612208645804970434
2431479930534061279842
8103040837944354777026
172216881700102397666
5510360498035520070418
493559958984590360018
1949067665895480884690
2755643226629346434658
175020663953955071122
487957473877295705362
163888814741584743010
18563365377021813104594
326851671558881557266
650925534719560543170
330550111904176393506
6026675780355392279570
200868076878613906962
2593516862030440696418
8103040837943395264450
5510360498034560557842
493580853453262945746
2434257796001116978642
2755643226628386922082
2593606295131047992930
656439237929115918466
163888814740625230434
259206155398950212642
326851671557922044690
655549900220731162066
228693005840229464690
2755553793526820112994
181470814372691689826
2771205685196217561954
169439105731593005266
978703098827109301714
8103040837942435751874
5510360498033601045266
2919447926106753072594
2755643226627427409506
2593606295130088480354
1788856429636767522946
330534418759356763426
163888814739665717858
12375578801410146213234
326851671556962532114
9767335797571969929666
2917590725023199529570
8103040837941476239298
330550111902257368354
169439105730633492690
5510360498032641532690
3404638056212389166546
2755643226626467896930
2593606295129128967778
2921273621344419127426
330555313228029349154
179535445637649052514
197206343538018023442
5702601620148815591442
180456139742053218914
199047672304062791442
5702601679591579156242
181376833846457385314
179535415916747010914
180456110021151177314
181376804125555343714
182297498229959510114
163888814738706205282
9283066064355960634562
212031610968507594178
179545818568290972514
4711966265060565928034
182433267693538986082
1476751561992186509922
3742506580070089864034
181439457809711546722
180550149991108590178
200915096863592613394
8103040837940516726722
5510360498031682020114
2755643226625508384354
2593606295128169455202
330576207696701934882
213867738409739924930
8472881258265715324354
197206343537058510866
216629731559286848706
5702601679591579187218
8472881347430340443330
2950735777860871976978
199047672303103278866
5702601739034342752018
8472881436594965562306
2932321922588192750178
200889001069148046866
2952577225513403418130
163888814737746692706
6188712592966244566546
655549900217852624338
489814528372340321218
8103040837939557214146
5510360498030722507538
2755643226624548871778
2593606295127209942626
330597102165374520610
213778840321831384514
179535415916747041890
5720094751594269554114
179535415915787498338
216540863193239862466
180456110021151208290
5721015505142396828866
2932321922588192781154
2932321952309094791778
181376804124595831138
182297498229959541090
5722857012238651378370
182386277430421833826
179540587520657437538
5197156395166202021986
182454162162211571810
829524500390170999394
4713807504664864207714
181408101245771891042
180591968650315315810
180503100284268329570
181496939889957323106
1961941662376920593250
3580469678294612458082
182365353239887693922
2448052546028764874850
179629485608565977954
163888814736787180130
179629485607606465378
179545818568291003490
182433267693539017058
184170153837122867042
3742506580069130351458
3418432776518175539554
2771205625753453997154
489814528371380808642
5510360498029762994962
180550149991108621154
2755643226623589359202
2593606295126250430050
330617996634047106338
197206343538018054418
5702601560705092514066
213689942233922844098
2967308244922823783874
199047672304062822418
2932321952309094822754
5702601620147856078866
216451994827192876226
2969149662854453214402
2932321892866331226978
200889001070107590418
2970991080786082644930
181465613046919709026
326851671553124481810
5510360498028803482386
2755643226622629846626
2593606295125290917474
2932321892866331257954
197117445450109514002
2949815054033646743826
2932321922587233268578
198958803938015836178
2950735777859912464402
182386277430421864802
179535386194885487714
180456080299289654114
182297468508097986914
184138856716906319714
179540587520657468514
182454162162211602786
184154490416083816290
4713807504663904695138
4550849968225827144034
4228617344837366590562
1475830838165920820322
1800825454704887841122
1961941662375961080674
184243239894684585826
182365353239887724898
179629485608566008930
180591968650315346786
180503100284268360546
2755643226621670334050
5264013710723682
177891519900574482
5293889099772946
261591152991971266
5264005075110498
177891503588860690
5264002196572770
5263999318035042
5263998358522466
5323772164922818
5742250218530146
177891489196172050
5263997399009890
261591136680257474
177891488236659474
47381225299087330
88960790240501346
5353660987148146
