59
528109443880636251667
557754068657286902164
46637402079810546218
617554581878675395320
45615016807661343940
1008558898153666067085
46637369853882844494
948247268178976932528
918091526649025640630
37842206132214647744
549496177289471072740
38405315750143473210
519331772721520592262
39453545625769866320
422702516750944290984
428837829589749383864
122174974360368676770
428838162984663040644
279080941908690874180
428838006241812151530
399193232103916119936
37842206132202530383
61854385113089583995
784789963094090436647
392650908287023074687
392650761456597587727
436506843631259900210
827511127595961802969
437018254045423629411
428838118399851102949
437529664459587358612
122183637356199449070
129323847838281259083
158968472657112443221
189635771600362961521
218768985920681470018
609773302195672141783
579106737615451709083
549461672178802473585
519305930606670648046
122183490525761844749
61863048108908238934
784789816263652832326
392650761456585470366
428838003795353321194
436506811320971131204
428838150625778804673
38344951104088774309
428838150625766683831
428837827101097899045
122183637356187331709
428838172897088446279
158968504883040144945
428838021131540526803
609773334463780377148
428837988863432291438
549461704404730175309
428838140671160744555
122183490525749727388
428837859411386668051
609825133297965933455
38405315750143476691
38933763430191743125
519331772721508474901
37842206132214651225
392650614626147866045
225451640412000035
225451598243583755
225451556075167475
225451513906751195
225451471738334915
225451429569918635
225451387401502355
225451345233086075
225451303064669795
225451260896253515
225451218727837235
225451176559420955
225451134391004675
225451092222588395
225451050054172115
225451007885755835
225450965717339555
225450923548923275
225450881380506995
225450839212090715
225450797043674435
225450754875258155
225450712706841875
225450670538425595
225450628370009315
225450586201593035
8812410189637908
17475406008292847
8814941154947339
26138401826947786
225451092065062702
225451049896646422
225451007728230142
225450965559813862
225450923391397582
225450881222981302
225450839054565022
225450796886148742
225450754717732462
225450712549316182
225450670380899902
225450628212483622
225450586044067342
225450543875651062
225450501707234782
225450459538818502
225450417370402222
225450375201985942
225450333033569662
8814941142829978
34801397645602725
8814941130712617
43464393464257664
8814941118595256
52127389282912603
8814941106477895
60790385101567542
8814941094360534
69453380920222481
8814941082243173
78116376738877420
8814941070125812
86779372557532359
8814941058008451
95442368376187298
8814941045891090
104105364194842237
8814941033773729
112768360013497176
225450628079192651
225450585910776371
225450543742360091
225450501573943811
225450459405527531
225450417237111251
225450375068694971
225450332900278691
225450290731862411
225450248563446131
225450206395029851
225450164226613571
225450122058197291
225450079889781011
121431355832152115
8964302994295006
8961772101689741
10607284838728356
17475355403732244
8964302982177645
8966791585193020
8812410104816381
225450585898659010
225450543730242730
225450501561826450
225450459393410170
225450417224993890
225450375056577610
225450332888161330
225450290719745050
225450248551328770
225450206382912490
225450164214496210
225450122046079930
225450079877663650
17475397572148524
8814940997421646
8964302970060284
8971811068696299
17475405923471320
17475439740564804
61835918328174875
8814940985304285
8964302957942923
8976830552199578
26138401742126259
225453117009376773
112799236152050988
112799193983634708
112799151815218428
112799109646802148
112799067478385868
112799025309969588
112798983141553308
112798940973137028
112798898804720748
112798856636304468
112798814467888188
112798772299471908
112798730131055628
61835918316057514
8814940973186924
8964302945825562
8981850035702857
34801397560781198
225453116997259412
61835918303940153
8814940961069563
8964302933708201
8986869519206136
43464393379436137
26285224482954197
225453116985142051
61835918291822792
8814940948952202
8964302921590840
8991889002709415
52127389198091076
9726044766397110
26285308831904118
225453116973024690
61835918279705431
8814940936834841
60790385016746015
8964302909473479
329441977031029382
225453116960907329
70349552816620228
8814940924717480
69453380835400954
8964302897356118
329441977018912021
225453116948789968
61537195001095410
78116376654055893
8814940912600119
8964302885238757
329441977006794660
225453116936672607
52724837185570592
86779372472710832
8814940900482758
8964302873121396
329441976994677299
225453116924555246
43912479370045774
95442368291365771
8814940888365397
329441976982559938
225453116912437885
35100121554520956
104105364110020710
8814940876248036
329441976970442577
225453116900320524
