65
1401492941430238905107
1420614886355072462017
1401492941430203203857
1242864603133018942637
1051461614469815940107
1242864603132983241387
1401492941430131801357
887364036688911903877
701430287509392975107
887364036688876202627
701430287509357273857
701430326878018180107
122830057275951147202
351398980157881572607
1226750744886578277667
1226750107596988197667
1226749470307398117667
1226748833017808037667
2802265571212548875072
2802265252567753835072
2802264933922958795072
2802264615278163755072
2802264296633368715072
2802263977988573675072
2802263659343778635072
2802263340698983595072
2802263022054188555072
1489000773170326795732
1489000773170291094482
1138969446209903830732
1489000773170219691982
788938119249480865732
788938119249445164482
788938158618106070732
122809345363113256577
540004551311385829502
438906811897969463232
352766260599419396147
2802265252567735984447
2802264933922940944447
2802264615278145904447
2802264296633350864447
2802263977988555824447
2802263659343760784447
2802263340698965744447
2802263022054170704447
1420635279623097462017
354133580290990553237
709634146735026189497
704164907251342115737
1242885315045856833262
1242884996401043942637
531883863512972670117
1229253968764750013867
1226477277949991721357
1242884996401008241387
531883863512936968867
1229253968764714312617
1229254008133375218867
887384748601749794502
887384429956936903877
1234702814980337685127
876445950989568756357
887384748601714093252
887384429956901202627
1234702814980301983877
876445950989533055107
876445990358193961357
122788633450275365952
540004565942650610752
526414643638057353857
1226750739908931496417
1226750749788806168292
1226750102543922525792
1226750112574634978917
1226749465178913555167
1226749475360463789542
1226748827813904584542
1226750107596952496417
1226749470307362416417
1226748833017772336417
2802264933922923093822
2802264615278128053822
2802264296633333013822
2802263977988537973822
2802263659343742933822
2802263340698947893822
2802263022054152853822
2802262703409357813822
1313985109690079611982
963953782729656646982
963953782729620945732
963953822098281851982
122767921537437475327
540004580573915392002
613922475378145244482
2802264615278110203197
2802264296633315163197
2802263977988520123197
2802263659343725083197
2802263340698930043197
2802263022054135003197
2802262703409339963197
1401492941430167502607
1065114319910965423257
1065114319910929722007
1582041593271763466377
1051461614469744537607
1582041593271727765127
1051461614469708836357
1051461653838369742607
2395383073238522615952
122747209624599584702
540004595205180173252
701430307118233135107
1226749470307326715167
1226748833017736635167
1226748195728146555167
2802264296633297312572
2802263977988502272572
2802263659343707232572
2802263340698912192572
2802263022054117152572
2802262703409322112572
2802262384764527072572
1489000773170255393232
1138969446209832428232
1138969446209796726982
1138969485578457633232
122726497711761694077
540004609836444954502
788938138858321025732
2802263977988484421947
2802263659343689381947
2802263340698894341947
2802263022054099301947
2802262703409304261947
2802262384764509221947
1065135031823803313882
1065134713178990423257
354133580290919150737
704164907251270713237
1065135031823767612632
1065134713178954722007
354133580290883449487
354133619659544355737
1929380371563189247627
704164907251235011987
1226477277949920318857
704164946619895918237
133977621853458267042
1929380371563153546377
1226477277949884617607
1226477317318545523857
114793212587362075652
130949779029259125002
2656560294124323397202
1960536463207008944077
114626879995033169402
2395300862876796834702
122705785798923803452
95608783712354321762
876445970598408916357
351462719370536859347
351461444791356699347
351462082080946779347
351462082080911078097
1226748833017700933917
1226748195728110853917
2802263659343671531322
2802263340698876491322
2802263022054081451322
2802262703409286411322
2802262384764491371322
2802262066119696331322
1313985109690008209482
1313985109689972508232
1313985149058633414482
122685073886085912827
963953802338496806982
351524860086768714972
2802263340698858640697
2802263022054063600697
2802262703409268560697
2802262384764473520697
2802262066119678480697
1401492941430096100107
133977631657914048292
1065114319910894020757
1401492941430060398857
1401492980798721305107
114793222391817856902
95775783309423326722
2395218652515071053452
122664361973248022202
1051461634078584697607
617962548816384657602
351462729174992640597
351462072125653216847
351503510884305043097
618024365910085438852
95691641168161665512
101118809274861371112
1226748195728075152667
1226747558438485072667
2802263022054045750072
2802262703409250710072
2802262384764455670072
2802262066119660630072
2802261747474865590072
1489000773170183990732
1489000773170148289482
1489000812538809195732
122643650060410131577
1138969465818672588232
705532197499371249477
351482161681877072472
351482161681841371222
705532197650173329477
2802262703409232859447
2802262384764437819447
2802262066119642779447
2802261747474847739447
133977636560141938917
174367768356667528567
709634146734883384497
354133580290847748237
704164907251199310737
704164926860110873237
114793227294045747527
95775788211651217347
130949774127031234377
114793188000803731902
130784721016181781252
114626884897261060027
114626855408474825652
138781421435993415302
122622938147572240952
798365221965051518312
1226477297558760478857
95608803321265884262
451026443673625737062
705470380556472548227
351462734077220531222
351462714392890078097
351462067148006435597
351461439738291027472
351462086983174669972
351461444791320998097
351462077103264296847
