92
2858692863517123242
503630667836852186
959889190959594406
14171722028375680022
503349905481504598
513895045442890474
7088455613973467778
1904100895314764370
3315508581103173954
503125540804523774
2838270800562185938
498161332254950058
7088455613901828482
954645353808844454
954756923129091750
503292288429893374
56505436327050
1674363609157398
57117379980726
2455447724925610
56504863212682
168022310380354
335383455493718
1674362534567958
1674362176371478
56504576655498
1674361889814294
1674361818174998
56504433376906
57730040027362
57729825109474
168021665626690
56438947273482
168008840652258
2455446650336170
1674361674896406
1674361603257110
112236575667266
68084932746062
335389044146050
56504361737610
1674361531617814
2455446435418282
451893892132686
58955789956410
56425764085642
837491609497218
168021235790914
58955575038522
335382380904278
2455446220500394
2455446292139690
57729753470178
113442622436646
57051249123638
335382165986390
837491251300738
57116806866358
446997699098778
59489780711782
2455446148861098
57044944078346
57031904169098
58342556795406
57038137575094
226303178699486
335434612249014
225631337594718
502808510714442
112229769180942
56438302519818
168008124259298
57650940900322
837490964743554
837490893104258
113507821982886
229967245247822
335414622523698
335434397331126
58889874017210
168007694423522
57070737390994
837490749825666
837490678186370
558533989719974
335427734089354
335388184474498
510123245568674
57110143624586
340930210493774
169839656041282
335401296040154
168007766062818
781705659866242
837490606547074
59476454228238
226302892142302
229967101969230
113441977682982
168007551144930
558533774802086
62021382732622
446997269263002
510123102290082
340930067215182
60708724086426
57044299324682
168007479505634
56424689496202
335368338061814
57050604369974
172963283527474
113507535425702
63167460309126
57070809004714
58283304072586
446997197623706
57690418875882
59509340592858
112822367854502
112229124427278
446957361477242
62021311093326
64446659450942
284532532135474
57109857067402
60167926819338
58283232458682
112822152936614
279576799778506
58316620306838
63167460317590
113507392147110
58283304097978
58889587451562
60167855180042
60722050604010
57030829579658
173569423610930
284532388856882
57109713788810
58889515812266
60721978964714
60702060878694
171058312884318
57109642149514
114660634526018
72935414551870
396714512420942
546780566241590244946861522
478386537557833689020530586
478386537557833688877251994
341598480190320577167868714
341598480190320577024590122
473978581668222785080151602
473978494785400358120628274
473978407902577931161104946
473978321019755504201581618
409992508874077133094199650
409992508874077132950921058
47865882442544125018326494
41215569897822781394981438
135685103080688740442261586
41215567531883776230822462
41215569897878566055105086
135685103080744525102385234
135685102603395188424329298
46459601832612077755274494
409992508874077132807642466
36067800353889214335325966
41247627765856054767030846
68058729492147354121251162
41215569897934350715228734
135685189958491154488936530
272089330056970591631162318
135685102126101636549675602
135685103080800309762508882
135685102126101636406397010
36051639193992322800979838
37526388940458852146947902
37522392566679994731276094
36051639194048107461103486
37518396192901137315604286
36051639194103892121227134
37514399819122279899932478
36051639194159676781350782
36035653699100031778787198
476152385178011885588843358
37510403445343422484260670
36051639194215461441474430
4040295163528780012106
4040295163528636733514
4040295163528350176330
127942680156449374258286
127942675024260714521966
127942669892072054785646
127942664759883395049326
127942659627694735313006
127942654495506075576686
127942649363317415840366
127942644231128756104046
127942639098940096367726
127942633966751436631406
127942628834562776895086
127942623702374117158766
127942618570185457422446
127942613437996797686126
127942608305808137949806
127942603173619478213486
64600728581598848150994
56520148633139897798554
56520148633139754519962
40358988736221997093674
40358988736221853815082
40358988736221567257898
8036668942386195683914
8036668942386052405322
8036668942385765848138
127942675024260642882670
127942669892071983146350
127942664759883323410030
127942659627694663673710
127942654495506003937390
127942649363317344201070
127942644231128684464750
127942639098940024728430
127942633966751364992110
127942628834562705255790
127942623702374045519470
127942618570185385783150
127942613437996726046830
127942608305808066310510
127942603173619406574190
127942598041430746837870
12033042721243611355722
12033042721243468077130
12033042721243181519946
127942669892071911507054
127942664759883251770734
127942659627694592034414
127942654495505932298094
127942649363317272561774
127942644231128612825454
127942639098939953089134
127942633966751293352814
127942628834562633616494
127942623702373973880174
127942618570185314143854
127942613437996654407534
127942608305807994671214
