60
10265686519035722
111025523728155722
30409594998267842
60651175245858422
302584527320945462
302584480677905462
302584434034865462
302584387391825462
302584340748785462
302584294105745462
302584247462705462
302584200819665462
302584154176625462
302584107533585462
302584060890545462
302584014247505462
302583967604465462
302583920961425462
302583874318385462
302583827675345462
302583781032305462
302583734389265462
121103219728155722
60642588208399442
10279963255035722
131180915728155722
60651221862978422
302584480664945462
302584434021905462
302584387378865462
302584340735825462
302584294092785462
302584247449745462
302584200806705462
302584154163665462
302584107520625462
302584060877585462
302584014234545462
302583967591505462
302583920948465462
302583874305425462
302583827662385462
302583781019345462
302583734376305462
141258611728155722
10251409757115722
10265639837115722
10268485853115722
151336307728155722
10422218112055382
10422218086135382
60642682998267842
30409641589467842
60645481632299102
60651268480098422
302584387352945462
302584340709905462
302584294066865462
302584247423825462
302584200780785462
302584154137745462
302584107494705462
302584060851665462
302584014208625462
302583967565585462
302583920922545462
302583874279505462
302583827636465462
302583780993425462
302583734350385462
302583687707345462
302584340696945462
302584294053905462
302584247410865462
302584200767825462
302584154124785462
302584107481745462
302584060838705462
302584014195665462
302583967552625462
302583920909585462
302583874266545462
302583827623505462
302583780980465462
302583734337425462
302583687694385462
302583641051345462
161414003728155722
10422218125015382
10419372031255382
12642727257630962
20326202377135322
10251409705275722
10251409679355722
10425017407255382
10248563624475722
30409546825523042
60651315097218422
302584294040945462
302584247397905462
302584200754865462
302584154111825462
302584107468785462
302584060825745462
302584014182705462
302583967539665462
302583920896625462
302583874253585462
302583827610545462
302583780967505462
302583734324465462
302583687681425462
302583641038385462
20326249020175322
82158902152708142
82158902126788142
10251409718235722
10430662783255382
20326259624475722
60642729589467842
20326295663215322
82158902165668142
10447692262135382
10436308159255382
30403955624475722
10607116553075042
50565033589467842
30409548290427842
30415473602427842
60651876317497742
111865514450137742
60651736388377742
60651596459257742
60651456530137742
30409688180667842
10248555975915722
13838283381518462
60645528249419102
30409593442643042
60651361714338422
11973490430512322
302587140406865462
151376805123250562
151376758480210562
151376711837170562
151376665194130562
151376618551090562
151376571908050562
151376525265010562
151376478621970562
151376431978930562
151376385335890562
151376338692850562
151376292049810562
151376245406770562
151376198763730562
151376152120690562
82175884910788142
10436354854135382
10441953535255382
40481651624475722
20326251975915722
13835484034478462
60642681442639442
11788685223732662
11976289790512322
302587140393905462
10593026441075042
10447598911255382
50559347624475722
10422218034295382
50564940290427842
30412487618427842
30406795508667842
10254434631915722
30403947975915722
40484442635863382
30409640059763042
60642728059759442
60651408331458422
10248554446203722
11802682023732662
302587140380945462
10593026454035042
10422218047255382
10453244287255382
60637043624475722
80798121589467842
40823260789467842
40481643975915722
13832684674478462
81632426450141342
10777878264974702
10760988792974702
60639788692879442
20326250446203722
11634672976953002
11463864570173342
30571907320234982
302587140367985462
131869842865132082
10458889663255382
70714739624475722
10251409627515722
10436308146295382
30574756382691782
40652452382691782
50559339975915722
30409594881627842
50565080180667842
214995534082482062
10772232888974702
10590180386195042
30409734771867842
10248602567115722
60651035200098422
40484489252983382
30574754852979782
30409686676883042
30403946446203722
60651454948578422
10248601063323722
11461065210173342
11290256803393682
11466663930173342
30572000619274982
302587140355025462
151376571843250562
151376525200210562
151376478557170562
151376431914130562
151376385271090562
151376338628050562
151376291985010562
151376245341970562
151376198698930562
151376152055890562
151376105412850562
151376058769810562
81817286065132082
10251409640475722
80792435624475722
60637035975915722
10593026402195042
10422217995415382
214995534082485662
10791921720974702
10783476984974702
10419371979415382
10789538479600322
