PermutationGroup<2538|
\[2,1,3,6,8,4,11,5,9,15,7,18,20,22,10,25,17,12,29,13,
32,14,23,35,16,38,40,42,19,30,45,21,48,50,24,36,54,26,57,
27,60,28,63,44,31,65,47,33,69,34,72,52,74,37,55,78,39,81,
82,41,85,87,43,90,46,93,83,95,49,70,98,51,101,53,103,105,
77,56,108,110,58,59,67,115,61,117,62,119,89,64,122,124,66,
127,68,130,97,71,132,100,73,135,75,137,76,120,140,79,143,80,
145,112,147,149,84,152,86,155,88,106,159,91,161,92,125,164,
94,167,168,96,171,99,174,150,102,166,104,179,181,107,183,185,
109,188,111,191,113,192,114,134,151,116,198,200,118,203,205,
206,121,209,123,212,163,126,215,136,128,129,220,170,131,223,
225,133,201,228,186,231,138,233,139,235,141,238,142,177,241,
144,216,245,146,148,248,250,252,253,254,153,257,154,175,259,
156,260,157,158,246,263,160,262,266,162,221,270,165,189,271,
218,255,169,213,236,172,267,173,226,276,176,277,279,178,281,
180,283,182,222,287,184,289,290,187,293,294,296,190,207,300,
193,285,194,282,195,196,197,219,272,199,305,202,204,308,210,
208,299,312,211,224,313,314,214,217,256,318,320,275,227,229,
278,230,323,232,251,234,325,249,327,237,329,239,240,291,332,
242,243,295,244,333,337,264,247,340,341,342,343,258,346,348,
261,351,353,311,265,268,269,356,357,359,273,358,274,321,322,
280,361,284,334,286,363,288,347,331,292,297,326,335,365,298,
355,339,301,302,303,304,369,370,306,330,307,368,372,309,374,
310,354,338,315,316,319,317,376,324,362,328,364,336,366,367,
349,344,345,371,350,373,352,375,360,377,378,380,379,383,385,
381,388,382,391,393,384,396,398,386,401,387,404,406,389,409,
390,412,414,392,417,419,394,422,395,425,427,397,430,431,399,
434,400,437,439,402,442,403,444,446,405,449,451,407,454,408,
457,459,410,411,463,465,413,468,470,415,473,416,476,478,418,
481,420,484,421,487,489,423,492,424,494,496,426,499,501,428,
504,429,507,509,511,432,514,433,517,519,435,521,436,523,525,
438,528,530,440,533,441,536,538,443,541,543,445,546,548,447,
551,448,554,556,450,559,452,562,453,526,566,455,569,456,571,
573,458,576,578,460,581,461,584,462,587,589,464,592,594,466,
597,467,600,469,603,471,606,472,497,610,474,613,475,615,617,
477,620,622,479,624,480,627,629,482,632,483,635,637,485,640,
486,642,644,488,647,649,490,652,491,655,657,493,660,662,495,
665,667,668,498,671,673,500,676,502,679,503,645,683,505,686,
506,688,690,508,693,695,510,698,586,512,702,513,705,707,515,
710,516,712,714,518,717,719,520,722,602,522,726,728,524,731,
733,735,527,738,740,529,743,531,746,532,715,749,534,751,535,
753,537,755,757,539,760,540,763,765,542,768,684,544,771,545,
774,776,547,778,549,781,550,574,785,552,787,553,789,791,555,
794,796,557,799,558,802,804,560,807,561,810,812,563,814,564,
565,754,818,567,821,568,824,826,570,829,831,572,834,836,838,
575,634,841,577,844,579,847,580,736,850,582,853,583,855,857,
585,860,862,864,588,867,869,590,872,591,875,877,593,876,595,
881,596,618,884,598,718,599,888,890,601,893,895,897,604,899,
605,902,904,607,907,608,734,609,691,912,611,915,612,918,920,
614,922,924,616,926,928,619,931,621,933,623,669,625,937,626,
939,941,628,944,906,630,948,631,950,952,633,955,956,636,959,
961,638,963,639,966,641,969,971,643,974,976,978,646,981,648,
984,650,986,651,957,846,653,991,654,993,995,656,998,1000,658,
1003,659,972,1007,661,1010,1012,663,1015,664,1018,666,1021,
1023,1025,670,1026,885,672,1030,965,674,1033,675,1035,1037,677,
1040,678,946,1044,680,1046,681,1020,682,996,1051,685,1053,1055,
687,1057,793,689,1060,1062,692,1064,1065,694,1068,696,1069,697,
979,1072,699,861,700,1076,701,1079,1081,703,1084,704,1086,1088,
706,1089,1091,708,711,709,1096,1098,1100,713,1103,1105,716,820,
1109,1111,720,1112,721,1114,1116,723,1119,724,1122,725,1125,
727,1128,1129,729,1132,730,1135,762,732,1139,1141,1143,1144,
737,913,1147,739,1150,1152,741,1155,742,1158,744,1161,745,1164,
747,1166,748,1117,1168,750,1171,752,1173,1175,1177,756,1180,
758,1182,759,1106,1185,761,1187,832,1188,764,1191,766,1082,767,
1196,1198,769,770,792,1202,772,1204,773,1130,775,1208,823,777,
1210,1212,779,1215,780,805,1219,782,1221,783,1199,784,858,1225,
786,1227,1047,788,1231,790,1234,1236,1131,1160,795,1237,797,
1239,798,839,1242,800,999,801,1146,1246,803,1249,1250,1252,806,
1254,1256,808,1229,809,1192,1260,811,1263,1265,813,1268,837,
815,1272,816,1275,817,819,1279,1261,1281,822,1284,1286,825,
1178,827,1290,828,1293,1295,830,1298,1300,1302,833,1153,835,
983,1307,1308,1310,840,1312,842,1315,843,1318,845,1320,1322,
848,1235,849,1287,851,852,1156,1186,854,856,1332,1334,859,1337,
1338,1137,863,1341,1197,865,1343,866,951,1346,868,1348,870,
1351,871,873,1354,874,1355,1356,1358,1360,878,1362,879,1365,
880,1159,1368,882,1370,883,942,1372,1174,886,1375,887,889,1379,
891,1381,892,929,1216,894,1385,1386,896,1387,1388,898,1390,
1392,900,901,962,989,903,1398,1169,905,1401,1075,1403,908,1405,
909,1374,910,911,1411,1001,914,1396,1416,916,1419,917,1045,
1422,919,1066,1426,921,1101,990,923,1431,1433,925,1435,927,
1438,930,1134,1430,932,1443,934,1108,935,1423,936,1034,1449,
938,1451,940,1454,1456,943,1067,945,947,1314,1463,949,1013,
1465,1466,1468,953,1078,954,977,1331,1472,958,1475,960,1371,
1478,1480,964,1482,967,1485,968,1488,1490,970,1118,1494,1496,
973,1499,975,1404,1502,1504,980,1506,982,1508,1011,1511,985,
1513,1515,987,1061,988,992,1519,994,1521,1523,997,1418,1324,
1347,1002,1473,1529,1004,1005,1532,1006,1535,1008,1538,1009,
1541,1542,1412,1014,1028,1545,1016,1548,1017,1549,1550,1019,
1552,1554,1556,1022,1559,1560,1024,1333,1377,1563,1027,1565,
1029,1568,1414,1031,1571,1032,1063,1574,1575,1036,1577,1415,
1038,1579,1039,1582,1584,1041,1586,1042,1361,1043,1590,1592,
1325,1594,1048,1049,1598,1050,1600,1052,1603,1189,1054,1526,
1607,1056,1609,1058,1321,1059,1323,1244,1305,1614,1373,1615,
1617,1619,1200,1070,1276,1071,1605,1624,1073,1074,1509,1531,
1077,1630,1080,1633,1369,1083,1245,1085,1555,1640,1087,1540,
1643,1090,1092,1093,1631,1094,1648,1095,1301,1097,1650,1651,
1099,1652,1653,1102,1345,1104,1205,1107,1327,1142,1110,1662,
1277,1665,1113,1668,1115,1671,1673,1675,1120,1121,1123,1124,
1389,1126,1683,1127,1686,1688,1690,1148,1678,1133,1693,1694,
1136,1680,1138,1222,1140,1699,1701,1703,1704,1695,1145,1259,
1471,1283,1292,1149,1709,1243,1151,1712,1714,1154,1176,1717,
1719,1157,1720,1722,1724,1170,1162,1727,1163,1604,1165,1729,
1731,1167,1733,1493,1736,1689,1172,1740,1522,1743,1533,1634,
1179,1747,1181,1749,1751,1183,1754,1184,1593,1756,1663,1759,
1761,1763,1190,1766,1193,1194,1769,1195,1770,1771,1413,1201,
1247,1775,1203,1777,1779,1206,1657,1207,1658,1209,1784,1786,
1211,1788,1659,1213,1685,1214,1793,1626,1440,1217,1796,1218,
1616,1800,1220,1517,1530,1223,1805,1224,1808,1226,1811,1228,
1339,1815,1230,1817,1232,1514,1233,1516,1500,1822,1238,1520,
1240,1445,1241,1537,1827,1316,1829,1660,1248,1501,1340,1251,
1447,1832,1253,1835,1524,1255,1838,1352,1257,1258,1842,1621,
1262,1845,1847,1264,1266,1267,1836,1269,1852,1270,1349,1271,
1855,1856,1273,1274,1561,1562,1278,1860,1280,1620,1862,1282,
1864,1865,1285,1868,1869,1288,1289,1795,1291,1612,1294,1876,
1878,1296,1664,1297,1773,1299,1787,1884,1886,1303,1889,1304,
1457,1306,1677,1892,1893,1309,1896,1311,1898,1900,1313,1434,
1335,1641,1317,1904,1319,1907,1909,1578,1911,1326,1328,1497,
1329,1745,1330,1566,1544,1920,1922,1336,1924,1492,1638,1708,
1926,1342,1357,1866,1344,1448,1933,1935,1937,1627,1939,1350,
1606,1897,1353,1834,1945,1946,1948,1359,1950,1363,1364,1366,
1367,1954,1956,1725,1479,1481,1487,1528,1927,1376,1459,1583,
1378,1962,1964,1380,1957,1966,1382,1968,1383,1969,1384,1959,
1595,1397,1973,1402,1881,1976,1391,1978,1489,1393,1981,1394,
1442,1395,1984,1986,1399,1400,1410,1991,1992,1994,1406,1995,
1407,1998,1408,1409,2001,1823,2003,1628,1417,2005,2007,1420,
2010,1421,2013,2014,1424,2016,1425,1427,2018,1428,2019,1429,
1656,1803,1432,1903,1436,2022,1437,2023,1439,2025,2027,1441,
2030,1953,1797,1444,2033,1742,1446,2037,1618,2040,1450,2042,
1452,2044,1453,1843,2048,1455,2049,1458,1757,2052,1460,2054,
1461,2056,1462,2058,2060,1464,1824,1841,1467,1469,1470,2066,
1585,2008,1474,2068,1476,1778,1477,2071,2034,2072,2074,1483,
2077,1484,1587,1486,1820,2080,2082,2084,1491,2069,1576,1495,
1739,2089,2090,1498,1905,2092,1726,2093,1503,2096,2097,1505,
2099,2101,1507,2104,2105,2106,1510,1916,1512,2109,1938,1789,
1952,1518,1706,1767,2115,2117,1525,2119,1527,1958,1885,1534,
1887,1644,1536,1551,2124,1539,2125,2127,1768,1543,1752,2131,
1546,2134,1547,1982,2137,2126,2139,1553,1941,2015,1557,1558,
2144,2146,2147,1564,2149,1567,2151,1569,1570,1632,1931,1572,
1573,2075,1965,2159,2050,2162,2164,1580,2167,1581,2169,2086,
1681,2172,2174,1588,1831,1589,1833,2177,1591,2179,2181,1596,
1597,2184,2185,1599,1642,1601,2189,1602,2191,2192,1728,1608,
1801,2196,1610,1961,1611,2199,1613,2053,2201,2122,2203,1816,
2204,2154,2197,1622,2206,1623,2208,1625,2120,1629,1661,2212,
2214,2215,1867,2217,1635,2218,1636,2219,1637,1819,1639,2186,
1853,2224,2225,2226,1645,1646,2229,1647,1993,1649,2232,1821,
1738,1654,2235,1655,1669,1830,1676,2238,1908,1666,2108,1667,
1871,1670,2242,1672,1674,2245,2165,2248,1679,2038,2230,1682,
2252,1684,2254,2133,1687,1848,2256,1691,2259,1692,2155,1999,
2262,2263,1696,1697,1949,1698,1700,2268,2269,1702,1988,2271,
1705,2272,1707,2270,1710,2113,1711,1774,2035,1713,2279,2280,
1715,1716,1854,1718,2062,1721,1723,2283,2285,1730,1732,2236,
1734,2286,1735,2288,2111,1737,2291,2292,1741,1781,2009,2180,
1744,1974,2200,1746,2298,1748,2249,1750,2260,2255,2300,1753,
1755,1873,2087,1758,1912,1760,2306,1762,2307,1764,2246,1765,
2309,2017,2312,2310,2315,1772,2274,1776,1794,2319,1780,1782,
2321,1783,1870,2323,1785,2324,2325,1790,2326,1791,2328,1792,
2330,1880,2051,2170,1798,1799,2331,1802,1804,2335,2290,1806,
1807,2308,1809,2339,1810,2341,2342,1812,1813,1814,2216,1963,
1818,2347,2029,2348,2006,2346,1825,2351,1826,2353,1828,1925,
2355,1914,2194,1837,1839,1850,1840,2301,2360,2361,1844,2327,
1980,1846,2366,2251,1849,2369,1851,2371,2372,2356,2264,1857,
2374,1858,1859,2376,1861,2378,1863,2377,2176,1918,1987,2158,
2239,2156,1872,2379,2368,1874,2383,1875,1971,2173,1877,2387,
1879,2088,2388,1882,2166,1883,2302,2153,1888,2392,1890,2036,
1891,2187,2394,1894,1895,1940,2182,2247,1899,2399,1901,1902,
2261,2123,2403,1906,1919,2345,1910,2039,1913,2405,1915,1917,
2406,1921,2409,1923,2412,2413,2415,1928,2344,1929,1930,2107,
1932,1934,1936,2420,2221,2385,2424,1942,1943,1944,2314,2425,
1947,1975,2429,1951,2295,2336,1955,2024,2277,1960,2157,2433,
2434,1967,2258,2318,1970,2059,2188,1972,2043,2439,2136,1977,
2441,1979,2046,1983,2442,2243,1985,2045,2193,1989,1990,2143,
2337,2446,2435,1996,1997,2004,2000,2002,2294,2067,2450,2414,
2237,2452,2011,2012,2364,2455,2020,2456,2021,2026,2398,2028,
2459,2095,2031,2032,2460,2273,2233,2458,2437,2041,2338,2047,
2128,2175,2449,2407,2438,2055,2057,2098,2061,2064,2432,2063,
2422,2227,2065,2402,2467,2244,2070,2357,2073,2381,2076,2078,
2079,2081,2132,2083,2470,2085,2091,2418,2471,2472,2094,2234,
2265,2299,2100,2474,2102,2103,2421,2213,2198,2114,2110,2112,
2476,2386,2116,2404,2118,2428,2121,2142,2320,2480,2426,2129,
2130,2384,2481,2281,2416,2135,2483,2161,2138,2484,2140,2141,
2485,2145,2486,2148,2152,2150,2160,2462,2322,2401,2163,2362,
2222,2350,2168,2171,2473,2397,2468,2178,2488,2183,2487,2443,
2390,2287,2190,2491,2382,2316,2195,2352,2202,2205,2304,2410,
2207,2408,2495,2209,2210,2276,2211,2365,2436,2332,2479,2220,
2343,2313,2500,2223,2228,2359,2502,2354,2231,2445,2457,2311,
2240,2241,2267,2417,2297,2305,2250,2504,2253,2257,2396,2463,
2430,2266,2505,2493,2303,2275,2451,2278,2507,2454,2282,2284,
2431,2296,2289,2293,2509,2380,2444,2510,2511,2512,2317,2391,
2494,2329,2333,2334,2389,2340,2516,2349,2478,2477,2419,2358,
2363,2517,2367,2370,2373,2375,2395,2393,2521,2508,2400,2492,
2448,2469,2411,2514,2524,2525,2526,2423,2501,2427,2527,2440,
2447,2520,2453,2490,2461,2464,2465,2466,2528,2496,2530,2475,
2482,2519,2518,2506,2489,2534,2536,2497,2498,2499,2503,2513,
2529,2515,2538,2535,2537,2522,2532,2523,2533,2531],
\[3,4,5,7,9,10,12,13,14,16,17,19,21,23,24,26,27,28,30,
31,33,34,1,36,37,39,41,43,44,2,46,47,49,51,52,53,55,56,
58,59,61,62,18,64,29,66,67,68,70,71,73,22,75,76,77,79,80,
6,83,84,86,88,89,91,92,94,42,96,97,8,99,100,35,102,104,38,
106,107,109,111,112,113,114,101,116,11,118,32,120,121,123,
125,126,128,129,48,131,69,133,134,60,85,136,15,138,139,141,
142,54,144,146,147,148,150,151,153,154,156,157,158,87,160,45,
162,163,165,166,20,169,170,172,173,175,95,176,177,178,180,25,
182,184,186,187,189,190,119,81,193,194,195,196,197,199,201,
202,204,57,207,208,210,211,93,213,214,216,217,218,219,72,221,
222,224,226,183,227,229,230,161,232,234,82,236,237,164,239,
240,242,243,244,246,155,247,249,251,40,185,255,256,74,258,
209,152,198,90,261,262,263,264,265,143,267,268,269,78,206,
124,254,250,272,233,273,168,110,98,274,275,50,115,278,248,
280,282,127,284,285,286,279,288,228,291,292,122,295,297,298,
299,266,301,181,167,241,302,303,220,191,203,304,306,117,307,
309,310,63,311,259,192,281,200,65,315,316,317,319,174,253,
321,322,270,225,313,137,179,324,326,294,328,318,159,277,330,
331,314,333,334,335,336,223,338,339,205,103,323,132,344,345,
347,349,350,352,354,238,355,231,149,135,358,171,188,327,300,
341,360,296,305,362,105,130,364,365,366,108,290,340,367,287,
342,359,368,343,293,276,252,145,257,308,371,212,271,260,283,
373,320,374,375,289,332,369,363,376,312,235,351,377,140,353,
370,361,357,245,356,325,329,346,378,215,337,348,372,381,382,
384,386,387,389,390,392,394,395,397,399,400,402,403,405,407,
408,410,411,413,415,416,418,420,421,423,424,426,428,429,379,
432,433,435,436,438,440,441,380,443,445,447,448,450,452,453,
455,456,458,460,461,462,464,466,467,469,471,472,474,475,477,
479,480,482,483,485,486,488,490,491,383,493,495,497,498,500,
502,503,505,506,508,510,512,513,515,516,518,481,520,385,522,
524,526,527,529,531,532,534,535,537,539,540,542,544,545,547,
549,550,552,553,555,557,558,560,561,563,564,565,567,568,388,
570,572,574,575,577,579,580,582,583,585,586,588,590,591,593,
595,596,598,599,601,602,604,605,607,608,609,611,612,391,614,
616,618,619,621,573,623,625,626,628,630,631,633,634,636,638,
639,393,641,643,645,646,648,650,651,653,654,656,658,659,661,
663,664,666,556,669,670,672,674,675,677,678,680,681,682,684,
685,396,687,689,691,692,694,696,697,699,700,701,703,704,706,
708,709,398,711,713,715,716,718,720,721,723,724,725,727,729,
730,732,734,736,737,739,741,742,744,745,747,470,748,750,679,
401,752,754,695,756,758,759,761,762,764,766,767,769,509,770,
772,773,775,587,777,779,780,782,783,784,667,786,404,788,790,
792,793,795,797,798,800,801,803,805,806,808,809,811,813,476,
406,815,816,817,819,820,822,823,825,827,828,830,832,833,835,
837,839,840,533,842,843,845,846,848,484,849,851,852,409,854,
856,858,859,861,863,865,866,868,870,871,873,874,876,878,879,
880,511,735,882,883,885,886,412,887,889,891,892,894,896,671,
898,900,901,903,905,906,414,908,909,910,911,913,914,916,917,
919,921,592,923,615,925,927,929,930,504,932,622,934,935,936,
417,938,940,942,943,945,946,947,434,949,951,953,954,419,957,
958,960,962,915,964,965,967,968,970,972,973,975,977,979,980,
982,983,985,850,987,454,988,989,990,422,992,994,996,997,999,
1001,1002,1004,1005,1006,1008,1009,1011,1013,1014,1016,1017,
1019,1020,1022,1024,425,904,1027,1028,1029,791,1031,1032,1034,
578,1036,1038,1039,1041,1042,1043,1045,884,427,1047,1048,1049,
1050,683,1052,1054,519,1056,1058,688,1059,1061,1063,789,652,
1066,1067,629,521,543,1070,1071,1073,1074,430,1075,1077,1078,
1080,1082,1083,431,1085,1087,632,799,1090,1092,1093,1094,1095,
1097,1099,1101,1102,1104,1106,1107,1108,1110,719,794,686,1113,
1115,1117,1118,1120,1121,1123,1124,1126,1127,617,1130,1131,1133,
1134,1136,1137,1138,1140,1142,465,437,1145,1146,1148,1149,1151,
1153,1154,1156,1157,1159,1160,1162,1163,746,1165,439,1167,665,
1169,1170,751,1172,1174,1176,1178,1179,606,1181,768,1183,1184,
774,1186,442,624,1189,1190,1192,1193,1194,1195,1197,538,1199,
1200,1201,1173,1203,444,1205,1206,1207,690,1209,649,1211,1213,
1214,1216,1217,1218,1220,738,446,1055,1222,1223,1224,785,1226,
1228,1229,1230,1232,1233,1235,867,581,875,1125,559,1238,496,
1240,1241,1243,1244,449,1245,1010,1247,1248,1128,1251,796,1253,
1255,961,1257,451,1258,1259,1261,1262,1264,1266,1267,1269,1270,
1271,1273,1274,1276,1277,1278,1280,1076,1282,1283,1285,1287,
1268,1288,1289,1291,1292,1294,1296,1297,1299,1301,1303,1304,
1305,899,1306,478,1309,457,1311,1313,1314,1316,1317,1319,776,
1321,1323,1324,459,1325,1326,1327,1328,1329,853,1330,1331,1333,
1335,1336,821,1339,1340,603,712,864,1342,546,1344,1345,554,
1347,1349,1350,1352,1353,1175,463,1091,714,1357,1359,877,1361,
1363,1364,1366,1367,893,1369,1185,707,1105,1371,1373,1374,895,
1376,1377,1378,890,1380,1382,1383,1384,594,1062,468,1196,753,
855,1389,991,1391,1393,492,1394,1395,1396,1397,1399,1400,610,
757,1402,1012,1404,1406,1407,1408,1409,1410,1412,1413,1414,1415,
1417,1418,473,1420,1421,1423,1424,1425,1427,860,1428,1429,1430,
1432,1434,740,1436,1437,1439,1440,1441,926,1442,1444,1445,1337,
1446,1447,1166,1448,1450,1180,1452,1453,1455,1457,1458,1459,
1460,1461,1462,818,1464,1375,1416,1467,1469,1435,705,1021,1470,
1471,1473,1474,710,1476,1477,1479,872,1481,1483,1484,1486,1487,
1489,1491,1492,1493,1495,1497,1498,1500,1187,1501,1503,487,1505,
1507,1254,1509,1510,1512,673,1514,1516,1338,489,1517,1518,1520,
1143,1522,1524,1525,963,1526,1527,627,1528,1198,1530,1531,1533,
1534,1536,1537,1539,1540,1519,1219,1543,1544,1494,1546,1547,494,
640,1188,1551,1033,1553,1555,1557,1558,551,1023,1150,1561,1562,
1564,922,1566,1567,698,1569,1570,1572,1573,1084,499,1576,857,
1468,1578,1114,1580,1581,1583,1040,1585,501,1587,1588,1589,1591,
1593,1433,1595,1596,1597,1111,1599,1601,1602,1604,1605,1119,
1606,1608,1263,1610,1346,826,1611,1612,1584,1613,507,1060,1616,
1618,1598,1620,1621,1622,1334,1623,981,1625,1626,1627,1628,1629,
1631,1632,1634,1635,1636,1637,1638,1639,1641,1388,1642,1644,
1645,1646,1212,888,1647,514,1649,955,881,743,731,1252,959,1654,
1655,1656,1657,517,1658,1659,1660,1661,1663,1664,1666,1667,1669,
1670,1672,1674,1676,1677,1678,1679,1680,1681,1682,1684,1685,
1687,1689,1691,1234,1086,1692,523,948,1695,1098,1696,1697,1698,
1700,1702,525,1705,897,1706,1707,1135,1239,1708,1300,760,1710,
1711,1713,1715,1716,1000,1718,528,1281,1721,1723,1590,1725,1726,
530,620,1653,1728,1730,1732,1563,1734,1735,1737,1738,1739,1741,
1742,1744,536,1745,1746,1748,1690,1750,1752,1753,1755,804,1246,
1757,1758,1760,1762,1764,1765,1044,1767,1768,541,569,1007,1772,
1773,1103,1774,1202,1776,1778,1780,1781,1704,1747,1782,1783,
1785,1787,995,1265,1789,1790,1791,1792,1794,1215,548,1795,1797,
1798,1799,907,1801,1802,1803,1804,1806,1807,1809,1810,1812,1813,
1814,1816,1466,1818,1614,966,1819,1820,1821,1805,657,1823,1824,
1825,1523,1826,841,1828,918,1358,1740,1365,1830,920,1831,1833,
1834,952,1836,1837,1673,1839,1840,1841,1843,1260,1844,1846,1848,
1849,1850,1851,1411,1568,562,1853,1854,781,1003,1779,1857,1560,
1858,1859,1438,1861,1463,566,1204,1863,1731,1866,1867,1231,1015,
1870,1871,1872,1873,1874,1875,1877,1879,1880,1881,1754,1719,
1882,1883,1885,1887,1888,571,1890,1891,1594,1714,1152,1894,1895,
1897,1751,1899,1901,1902,1242,1903,576,1607,1905,1906,1908,1910,
1571,1912,1913,1914,1915,1037,1916,1917,1918,1919,1921,584,1923,
1122,902,1925,1548,1927,1928,1929,1930,1931,1932,1934,1936,824,
1938,1940,1941,1942,589,1943,1944,1911,1947,802,1949,1951,1952,
1688,1275,1953,1955,1368,1957,1256,1069,1958,597,1959,1161,1960,
838,1961,1963,1379,1856,1965,1967,1030,600,660,1970,1971,1972,
1081,1386,1974,1975,1144,912,1977,1979,1980,1968,1982,971,1983,
1451,1985,1987,1988,1989,1990,1403,1993,1405,1356,1996,1997,
1999,2000,637,1147,2002,1390,974,2004,2006,2008,2009,2011,2012,
1164,2015,1717,1401,1946,2017,1756,1966,613,1177,2020,1431,1884,
1109,2021,931,1733,2024,1671,2026,2028,2029,2031,2025,1443,2032,
2034,2035,2036,2038,2039,2041,1025,1496,2043,2045,2046,2047,
1026,1064,2050,1532,2051,2053,1579,1720,2055,812,2057,2059,2061,
1847,1465,2062,2063,2064,2065,1096,2067,635,1775,1722,2069,1426,
2070,807,1065,2073,2075,2076,1057,2078,2079,1398,2030,2081,2083,
2085,2086,2087,2088,814,1651,937,642,1969,2091,1556,644,2094,
2095,1777,2098,1675,2100,2102,2103,1072,1236,647,2096,2107,2108,
2110,2111,1784,1978,2112,2113,2114,2116,655,2118,2120,2121,1769,
1456,2122,1249,1535,2099,2123,1609,1984,2126,2128,2129,2130,662,
2132,2133,1286,2135,2136,862,2138,2140,2141,2142,1796,2143,1586,
2145,668,1480,2148,1454,2150,2152,2153,2154,2155,847,2156,2157,
2158,1575,2160,2161,2163,2165,2166,676,2168,2170,2013,2171,2173,
950,1727,2175,1886,2176,1279,2178,2180,1191,2182,2183,1312,2186,
1736,2187,2188,2190,2169,1308,2193,2194,1869,2195,2197,1907,
2198,2074,2200,1838,1315,1693,2202,1478,693,1619,1372,2205,1592,
1290,2207,1624,2209,1158,2210,2211,2213,1832,1574,2216,1385,
2164,702,2052,2220,2221,1865,2222,2134,2223,1132,1643,2227,2033,
2228,1939,2230,1499,2231,2048,2058,2233,2234,2236,2237,1362,834,
765,717,1600,1962,2239,1686,2240,2241,2243,1864,2244,2246,2247,
722,2249,2250,2147,2251,2253,1508,726,2255,1351,1046,2257,2258,
728,1511,2260,2261,1694,1155,2264,2265,2266,2267,1842,733,2056,
2270,1994,1703,1924,1018,2273,2274,1348,1652,2275,2276,2277,
2278,1307,836,1845,2256,2281,1100,1221,2060,2282,2284,1729,2283,
2203,1724,1893,2259,2287,2289,2290,1699,749,2293,1422,2294,771,
1771,2295,2296,755,2297,2054,1387,1208,2093,2149,2299,2301,2302,
2303,2219,1472,2304,2226,2305,1761,1898,1817,1860,763,2308,2310,
2311,2313,2314,2316,1954,2317,2318,978,2162,2320,1449,1749,2001,
2322,986,2215,1786,2040,1973,2327,2288,778,2329,2174,2331,2332,
810,2089,2333,2334,2104,1991,1506,2336,1815,2319,2337,2338,2340,
2330,1502,2343,2229,2344,2345,787,2346,2109,2224,2214,1822,2349,
2350,1800,1485,2352,1827,1909,2354,1552,1079,2356,1956,2357,
1370,2358,2359,1640,2362,2363,2364,2365,869,2367,2368,1284,1603,
2370,1559,2306,2373,1855,2131,1550,2375,1981,2377,939,1302,1475,
1829,2379,2005,2204,1868,1630,1343,1088,2380,2381,2382,1617,
2384,2385,1876,2386,1878,1900,2184,829,2389,2390,2335,831,1862,
2391,1504,1116,2393,2394,2395,1171,2396,2339,2397,2090,2353,
2398,2268,2400,2401,1549,2402,976,1633,2392,844,2185,2404,1683,
2321,2023,2137,2407,2408,2410,2411,2119,2414,2416,2388,1904,
2409,2077,2417,2418,2419,941,2421,2422,2423,1542,984,2300,944,
2159,2426,2427,2428,1950,1490,924,2218,2430,2016,2431,2432,2323,
1293,2151,2242,2378,2435,1182,2179,2436,2437,2438,2376,1976,
2440,2248,2369,2235,2014,2443,1354,928,2434,1513,2309,1565,2444,
2445,2447,1141,1051,2448,1995,2271,2449,2144,1937,2007,2451,
2117,2010,2453,2454,1945,2092,2022,1662,2457,2458,2027,2082,
2326,2189,2342,2455,2374,933,1948,1089,1210,2461,1665,2462,2245,
2463,2464,2225,2072,2254,2465,2355,2262,2263,1986,1482,1250,
1811,2466,2429,956,1554,2199,2071,2468,2348,1112,2469,1852,1168,
2324,2406,2084,2101,1933,969,1310,1648,2232,2459,1889,2208,2473,
2413,2475,2291,1770,1541,2049,2471,1808,2312,993,2252,2477,2478,
1701,998,2479,1227,2125,2080,2105,2360,2361,1998,2482,2467,1582,
2366,2315,1318,2325,2139,2481,2441,2068,2405,1922,2042,1650,
2476,1964,1035,2286,1272,1926,1793,2487,2124,2269,2212,2172,
1668,2177,1538,2489,2181,1992,1295,1068,1896,2490,2191,2192,
1053,2492,2433,1529,2307,2493,2206,2494,2446,2496,2066,1225,
2279,2415,2497,2498,2217,2412,2499,1320,1709,1355,2501,2037,
1298,2019,2425,1743,1392,2167,2238,1322,1788,2503,2347,2201,
2127,2439,1521,2372,2485,1129,2502,1892,2146,1139,2491,2272,
2450,2506,2505,2383,2280,2292,2508,2399,1577,1237,2472,2298,
1935,1360,2483,2486,1766,2513,2500,1488,2514,1763,2460,2097,
2515,2341,1381,2351,1712,2510,2509,2371,2003,2106,2518,2442,
2519,1759,2520,1920,2522,2523,2403,1332,1515,2524,1835,1341,
2196,2488,1615,2424,2044,2115,2516,2452,1419,2526,2456,2480,
2018,2528,2529,1545,2504,2531,2532,2530,2474,2328,2495,2533,
2535,2534,2420,2525,2507,2537,2511,2512,2517,2536,2538,2521,
2387,2285,2484,2527,2470]>
