G := MatrixGroup<64, GF(3) |
Matrix(GF(3),64,64,\[1,0,2,1,2,0,2,2,1,2,0,1,1,1,2,0,0,
1,1,0,1,0,1,1,1,2,2,2,2,0,2,2,0,2,0,1,2,2,1,0,2,0,
0,0,0,1,1,1,2,2,1,1,0,0,0,1,0,0,1,2,2,0,1,1,0,0,1,
1,2,0,0,1,2,0,2,1,0,2,0,2,2,2,2,1,0,0,2,0,2,1,1,2,
2,2,0,2,1,2,0,2,0,1,0,0,0,0,2,0,0,0,1,2,0,2,2,1,2,
2,2,2,0,1,2,2,1,0,0,0,2,1,2,2,2,1,0,1,2,0,1,1,1,0,
0,1,2,2,0,2,2,0,2,2,0,2,2,1,2,2,0,2,1,2,2,1,0,1,1,
2,0,0,2,0,0,1,2,1,1,1,0,1,1,2,0,2,2,0,2,1,1,1,2,2,
1,2,0,0,1,2,0,0,0,0,1,0,2,1,0,2,2,1,1,1,2,2,0,1,2,
2,2,1,2,2,0,2,2,2,0,0,1,2,0,0,1,2,2,2,1,1,0,0,0,1,
0,1,2,2,1,2,1,0,1,1,2,2,2,0,0,2,0,2,2,1,0,2,2,2,1,
1,2,0,1,1,0,0,2,1,2,1,2,0,0,2,1,1,0,2,2,2,0,1,2,1,
1,1,1,1,2,2,1,0,0,0,1,2,1,0,1,0,0,2,1,1,0,0,2,1,0,
1,0,1,1,2,2,1,1,1,0,1,2,2,1,2,1,0,2,2,2,2,2,1,1,1,
1,2,2,1,2,2,0,1,1,2,1,2,1,0,2,2,2,1,1,2,1,1,1,0,0,
0,2,1,1,2,1,1,0,0,1,2,1,1,0,2,1,2,1,2,1,1,1,2,1,1,
2,0,0,1,0,1,1,1,1,2,2,0,2,1,2,2,2,0,1,1,0,0,2,0,2,
2,0,0,1,1,1,1,2,1,1,1,2,1,1,2,0,2,2,1,2,2,2,1,2,0,
1,2,0,0,2,2,1,2,2,1,1,1,1,0,0,0,1,1,1,1,0,2,1,2,1,
0,2,1,2,0,1,0,2,0,1,1,2,2,0,2,2,0,1,2,0,1,2,2,1,1,
0,0,0,2,2,1,0,2,0,0,1,0,1,0,0,0,0,1,0,0,2,0,0,2,1,
0,1,0,1,1,0,1,1,0,2,1,2,0,1,2,0,0,0,1,0,1,0,1,0,1,
2,2,0,0,2,2,0,0,0,0,1,2,0,1,1,2,2,1,0,1,1,2,2,0,2,
1,2,2,2,1,2,2,1,2,0,0,1,2,0,2,0,0,0,1,1,0,2,1,0,1,
1,0,0,1,2,2,2,1,0,2,1,0,1,2,0,1,0,0,0,1,0,1,0,1,2,
0,2,2,1,2,2,1,2,1,0,0,1,1,1,1,0,0,0,2,2,1,1,2,1,0,
1,1,1,0,1,2,0,0,0,2,1,1,0,0,0,2,0,1,1,2,0,0,0,0,2,
1,1,2,0,1,2,2,0,1,0,2,2,2,1,1,2,2,2,0,1,2,0,1,1,2,
1,2,0,0,0,0,0,0,0,2,2,1,2,1,2,0,2,1,2,0,2,1,2,0,2,
0,2,1,2,0,2,0,1,2,0,1,0,0,2,2,1,0,1,2,2,0,0,2,2,2,
1,0,1,0,0,2,0,2,1,2,2,1,1,2,0,1,0,0,0,2,2,0,0,2,2,
2,1,1,2,1,0,2,1,2,1,1,0,1,0,1,2,2,1,2,1,1,2,2,1,2,
0,2,1,0,2,2,0,1,1,1,0,0,0,1,1,2,0,0,2,0,0,0,0,2,2,
0,0,1,1,2,2,2,2,0,0,2,2,0,1,0,1,0,0,1,1,0,2,0,2,2,
2,1,1,2,1,1,1,2,0,0,0,0,0,0,0,1,0,0,1,1,2,1,1,2,0,
2,0,0,1,1,2,1,1,0,1,1,0,2,2,0,2,2,1,2,0,1,0,1,2,1,
0,2,2,0,2,0,0,0,2,2,2,2,1,2,1,0,1,2,2,0,1,2,2,0,1,
0,2,1,2,2,2,0,0,2,1,1,1,2,2,1,0,0,1,1,1,0,0,1,1,0,
2,0,0,0,1,2,1,1,2,0,1,0,1,1,0,1,0,2,1,0,1,0,1,0,2,
0,2,2,1,2,1,1,1,0,0,0,2,2,2,0,2,0,0,0,2,1,0,0,1,2,
0,2,0,2,2,1,0,1,2,2,2,1,0,2,0,2,0,2,0,0,0,0,0,0,0,
0,0,2,1,2,0,2,0,2,2,1,2,2,2,2,1,0,0,1,0,1,2,1,0,2,
1,2,1,0,1,2,1,1,2,1,2,2,1,0,2,2,1,1,1,2,1,0,0,2,1,
1,2,0,0,2,1,1,2,1,1,1,0,2,2,1,2,2,0,2,1,1,0,0,1,2,
0,1,2,1,0,1,0,2,2,0,2,2,1,1,0,2,0,1,1,2,0,0,1,2,1,
0,2,1,1,2,1,1,2,0,2,0,1,0,0,2,2,0,1,0,0,0,1,2,0,1,
1,2,2,2,0,2,2,0,1,0,0,1,1,0,2,2,0,1,2,1,0,2,1,1,0,
2,0,1,2,0,2,0,2,0,0,2,1,1,0,0,2,2,1,2,1,2,0,2,2,2,
0,2,0,2,2,0,1,0,0,1,1,0,0,1,2,0,2,1,1,0,0,1,0,0,2,
2,1,0,0,2,2,1,2,1,0,0,0,1,1,0,0,2,2,0,0,2,1,1,0,0,
1,0,2,0,1,1,2,1,2,0,2,1,2,1,1,0,2,2,2,1,1,0,2,2,1,
0,0,2,2,0,1,0,0,1,1,1,1,0,2,0,0,1,0,0,0,2,2,1,2,0,
0,1,0,0,2,2,0,1,0,2,1,2,1,0,1,2,2,2,1,0,1,0,1,2,2,
2,2,0,0,2,0,2,2,1,0,2,0,0,1,1,1,0,2,0,2,1,1,1,1,2,
1,0,0,2,2,2,0,2,2,0,0,1,2,0,1,0,0,1,0,1,2,0,2,0,1,
0,1,1,0,1,1,2,2,0,2,0,2,0,1,2,2,2,2,2,0,0,1,1,2,0,
2,1,1,1,0,0,0,1,2,2,0,1,1,2,1,1,2,1,0,1,1,2,0,1,1,
1,1,1,2,0,0,2,2,1,1,0,1,0,1,2,2,0,1,2,1,0,1,2,1,1,
1,2,2,1,0,2,2,2,2,1,2,0,2,2,2,0,1,0,0,0,1,2,2,1,1,
0,2,0,1,0,2,1,1,0,0,0,0,2,1,2,0,0,0,2,2,2,0,2,0,1,
0,2,2,1,0,2,0,2,0,0,2,2,2,1,2,1,0,0,0,2,1,1,2,2,2,
2,1,2,1,0,1,1,0,2,0,0,1,0,0,1,2,0,1,1,0,2,2,1,0,1,
0,2,1,1,1,1,0,1,2,0,2,1,0,0,0,1,1,1,2,2,2,0,0,1,0,
0,1,2,1,1,0,1,2,2,1,2,1,2,0,0,0,0,2,2,1,2,2,1,1,0,
2,1,2,1,1,0,0,0,0,0,2,0,1,2,2,0,1,0,0,2,0,0,1,2,0,
0,2,2,1,0,2,2,2,2,1,2,0,1,0,0,2,1,1,2,1,0,1,2,2,0,
1,0,0,1,1,0,1,1,2,2,2,2,0,2,2,0,2,2,0,1,0,1,1,1,0,
1,2,1,0,1,2,1,1,2,1,2,2,1,2,1,2,1,0,0,0,2,1,2,0,0,
0,2,2,0,1,2,0,2,0,0,2,0,0,1,0,2,2,2,2,1,2,0,1,2,0,
0,1,0,0,1,0,0,1,2,2,1,2,1,2,0,1,1,2,0,2,1,2,0,0,1,
0,1,1,0,0,1,0,0,2,1,1,1,1,1,1,0,1,0,0,2,2,1,1,1,0,
2,2,1,2,0,2,2,1,2,1,2,1,0,1,1,2,1,1,0,2,0,1,0,1,2,
1,0,2,1,0,0,1,1,1,0,1,0,0,2,2,1,0,0,2,2,2,2,1,1,0,
0,1,0,2,1,2,2,1,2,1,1,0,2,1,2,2,1,0,2,0,0,0,0,2,0,
2,2,2,0,0,1,0,0,1,2,0,0,2,0,0,1,1,2,2,0,0,2,2,2,0,
0,2,2,1,1,0,1,1,1,0,1,0,1,1,2,2,0,0,2,1,1,2,2,2,2,
1,2,1,2,1,1,0,1,1,0,1,2,1,0,2,2,2,0,2,0,0,0,2,0,1,
1,0,1,1,2,0,0,1,0,2,1,0,2,2,2,0,0,0,1,2,1,2,0,0,2,
2,2,1,1,1,2,2,2,1,2,0,0,1,2,0,2,0,1,1,2,1,0,2,0,2,
0,2,2,0,1,1,1,1,2,1,1,2,2,0,1,1,2,2,0,1,0,0,1,2,0,
1,0,0,1,0,2,0,2,0,0,2,2,1,2,2,1,2,2,1,2,1,1,2,2,2,
2,1,2,0,1,1,1,1,0,2,2,0,0,1,2,1,2,2,0,2,2,0,2,0,1,
2,1,0,1,0,2,0,2,2,2,0,0,0,2,1,1,2,2,1,1,1,1,1,0,1,
2,1,1,2,0,1,2,2,2,2,2,0,0,2,2,2,0,0,0,2,0,0,2,2,1,
0,2,0,1,2,0,2,0,0,2,2,1,1,2,0,0,0,0,2,0,2,1,2,0,1,
0,2,1,2,1,0,1,0,1,2,0,0,2,1,2,1,1,1,2,1,2,0,1,1,2,
1,0,2,2,1,0,2,2,0,1,0,0,2,1,2,0,1,0,1,1,1,2,1,0,0,
0,0,1,2,0,0,1,2,0,2,1,1,0,0,0,1,1,1,2,1,2,2,0,2,0,
2,0,2,0,2,2,0,0,2,2,0,2,1,2,0,1,1,0,2,0,1,1,2,0,2,
1,1,2,2,0,0,0,1,0,2,2,0,2,1,2,1,1,2,2,2,2,1,0,2,0,
2,2,0,1,2,0,2,2,0,0,2,1,2,1,2,2,0,0,2,1,2,1,2,0,0,
1,0,2,1,0,0,0,2,0,2,0,0,1,0,0,0,0,1,2,2,0,2,1,2,0,
1,0,1,0,0,2,1,2,1,2,1,0,0,1,0,2,0,2,0,1,2,0,2,0,2,
2,2,1,1,1,0,1,0,2,1,1,1,2,1,1,1,0,2,2,2,2,1,2,2,2,
2,2,1,2,2,0,2,2,1,1,1,1,1,1,2,2,0,0,0,1,0,1,0,0,1,
0,0,2,0,1,1,1,0,0,2,1,1,2,2,0,1,2,2,2,1,2,1,1,0,1,
0,1,2,1,1,2,1,0,2,2,2,0,2,1,0,2,1,1,1,0,2,1,1,2,2,
2,2,0,2,0,2,2,2,0,1,0,2,0,2,1,1,0,0,0,1,2,0,2,2,0,
2,0,0,1,0,1,1,0,2,0,1,0,2,1,2,1,2,1,1,2,2,1,1,0,0,
1,0,2,2,0,2,1,1,1,1,2,1,0,1,2,2,0,1,2,1,2,0,0,2,2,
0,0,2,1,1,2,2,2,0,0,0,2,0,1,0,2,1,2,2,2,0,0,1,1,0,
2,0,0,1,2,1,1,0,1,0,2,1,1,2,0,1,2,1,0,0,2,1,2,0,2,
0,1,2,1,2,1,0,1,0,1,2,2,0,1,2,2,1,1,0,0,1,0,1,0,2,
1,2,0,1,0,0,0,0,0,0,0,0,2,0,0,0,1,1,0,2,2,1,2,0,2,
0,1,2,1,0,2,2,1,2,2,0,2,1,1,1,2,0,2,0,1,0,0,2,2,0,
2,0,1,1,0,0,2,2,1,2,2,1,1,2,0,2,1,2,2,2,1,0,2,2,0,
2,2,2,2,0,2,2,2,1,1,2,0,2,1,1,0,0,2,1,0,0,2,2,1,0,
2,2,2,2,1,1,0,0,1,0,0,1,1,1,0,1,2,1,2,1,1,2,0,0,1,
2,1,2,1,1,1,1,2,0,1,0,1,2,2,2,1,1,1,1,0,0,1,0,2,0,
1,0,2,1,1,0,1,0,1,1,2,1,1,0,0,2,0,0,0,1,1,2,2,1,0,
1,1,2,0,0,2,2,1,2,0,0,2,0,2,2,1,1,1,2,2,1,1,1,0,1,
2,2,2,1,0,0,0,0,2,2,2,2,0,2,0,2,1,2,0,2,0,0,0,1,1,
2,0,2,0,0,2,2,2,2,2,2,2,0,2,0,0,2,1,0,0,0,2,2,2,2,
0,0,1,1,0,1,2,1,2,1,0,0,2,0,0,0,2,1,1,1,2,2,2,1,2,
2,0,1,0,1,0,0,1,0,2,1,1,1,2,2,1,2,2,2,0,1,0,1,0,2,
0,1,2,0,2,0,1,0,1,1,2,2,2,2,0,0,0,2,0,1,0,2,2,0,1,
1,0,2,2,1,1,0,2,0,2,1,2,2,1,2,0,1,2,2,2,1,0,0,1,0,
1,1,2,1,1,1,0,2,0,1,1,2,1,2,2,2,0,1,1,0,2,0,2,1,2,
0,2,1,2,1,1,1,2,0,0,0,1,2,2,2,0,0,0,0,2,0,1,2,1,2,
1,1,0,2,0,1,1,0,0,0,0,1,2,2,2,2,2,2,2,2,0,2,1,0,0,
1,0,2,2,0,2,1,1,0,0,1,1,0,2,1,1,2,0,1,0,0,2,0,2,2,
2,1,0,0,2,0,0,0,0,0,2,2,0,2,1,2,0,2,2,2,0,0,0,2,2,
1,2,0,2,1,2,1,1,1,0,2,1,2,0,1,2,1,1,1,1,1,0,2,2,2,
0,0,0,0,2,2,0,2,2,0,0,1,2,2,1,1,1,2,2,0,1,1,0,2,1,
2,2,2,2,2,0,1,0,2,2,1,0,2,0,0,0,2,0,2,2,0,0,1,2,1,
0,2,2,1,1,0,0,2,0,1,1,1,0,1,1,1,2,0,1,1,0,2,1,0,2,
2,0,1,1,0,2,1,2,1,1,0,1,2,1,1,2,1,1,0,2,0,2,2,2,0,
0,2,0,1,0,2,0,0,0,0,1,2,0,0,1,0,1,1,0,2,2,1,0,2,0,
1,0,0,2,1,2,0,2,0,1,0,1,1,2,2,1,2,0,0,2,2,2,1,2,2,
1,0,0,2,2,1,2,2,1,1,1,2,2,0,0,2,0,1,0,2,2,0,2,2,1,
2,1,0,2,2,1,1,2,0,2,1,2,1,0,0,0,2,0,0,1,1,2,1,0,1,
2,1,2,0,2,1,0,0,2,2,2,1,0,1,0,0,0,0,0,0,0,1,0,1,2,
0,0,0,0,2,2,1,0,1,1,0,0,0,0,2,1,0,2,2,2,2,0,1,1,2,
2,2,0,0,1,2,1,1,0,2,2,2,2,2,2,1,1,1,1,2,2,1,1,1,0,
0,0,0,2,2,0,1,1,0,0,2,0,2,2,2,1,2,2,2,2,2,2,2,2,0,
1,2,0,0,2,1,1,1,0,1,2,0,0,1,1,0,1,2,0,1,2,0,2,1,1,
0,1,0,1,2,0,1,2,1,0,0,1,0,2,2,2,1,1,0,0,0,0,2,0,1,
1,0,2,0,0,0,0,0,2,1,0,1,2,1,2,2,0,0,1,0,2,1,1,2,2,
2,0,2,0,2,0,2,0,0,2,2,0,1,1,0,1,0,1,0,1,2,2,2,0,1,
1,1,1,1,1,2,2,0,2,0,0,1,0,0,0,2,1,0,1,0,0,2,0,1,1,
0,0,1,1,0,1,0,2,2,1,1,2,2,1,0,2,0,2,1,1,0,2,2,0,2,
0,2,0,0,1,1,2,1,0,0,0,2,2,2,0,0,0,1,2,2,1,0,1,2,0,
1,1,1,0,0,2,1,0,1,2,0,2,1,2,2,1,1,1,1,1,2,1,1,2,0,
2,0,2,2,0,0,1,0,2,0,0,2,1,2,1,1,2,0,1,2,2,2,0,1,2,
1,1,2,1,0,1,2,0,1,0,1,2,2,1,2,1,1,0,0,1,2,2,2,1,1,
1,0,0,2,0,2,0,1,1,2,1,1,2,1,0,0,1,0,0,1,2,0,2,1,1,
2,1,0,1,0,1,0,2,1,0,0,0,1,0,2,1,2,0,0,1,2,0,1,0,1,
1,2,0,1,1,0,2,2,0,2,0,1,0,1,0,2,0,2,0,0,2,1,0,1,2,
0,0,1,2,1,2,0,1,1,1,2,2,1,2,1,0,2,1,2,2,1,2,0,0,1,
0,2,0,1,0,2,0,0,1,2,2,1,0,0,2,1,0,2,1,2,0,0,0,0,0,
1,1,0,0,1,2,0,1,2,1,0,0,2,0,1,1,1,1,2,0,0,2,0,1,2,
1,2,0,1,2,0,0,1,2,0,1,0,1,1,2,0,0,0,0,1,1,1,1,0,1,
1,1,2,0,2,2,0,0,1,2,2,0,1,0,0,2,0,0,2,0,2,2,2,2,2,
0,1,1,2,0,2,1,1,2,1,0,1,2,0,0,1,1,2,2,1,0,2,2,1,2,
0,0,1,2,2,1,1,0,0,2,1,2,0,2,0,0,2,2,1,1,0,0,0,0,0,
1,2,0,2,1,0,2,2,2,2,0,0,1,0,0,2,1,2,0,0,1,1,0,2,1,
0,2,1,2,2,0,2,1,1,2,1,2,1,1,0,0,2,0,2,1,1,1,1,2,2,
1,2,2,1,1,1,1,0,0,0,0,2,0,2,1,2,1,1,1,1,0,2,0,0,2,
0,1,2,1,0,1,2,2,2,1,2,2,0,2,1,2,2,0,2,1,2,1,1,2,0,
0,1,1,0,2,0,2,0,0,2,1,0,0,2,1,1,0,1,2,0,0,2,2,2,1,
2,0,2,1,1,0,0,2,0,1,2,2,0,2,2,2,0,0,0,0,1,0,1,2,2,
0,2,2,0,1,1,1,2,0,1,0,1,0,0,0,1,2,1,2,1,2,0,2,1,2,
2,2,2,1,0,0,2,2,0,1,2,2,0,0,1,0,1,0,1,2,1,0,2,0,0,
2,0,1,2,2,0,1,1,1,1,2,1,2,0,1,1,1,2,2,2,0,1,2,1,0,
0,1,2,0]),
Matrix(GF(3),64,64,\[0,2,2,0,0,0,1,1,0,0,1,2,1,1,1,0,2,
2,2,2,1,0,2,2,2,2,1,0,2,1,1,2,0,1,0,0,2,1,0,2,1,1,
0,0,0,1,2,0,0,2,0,1,2,2,2,0,1,1,1,0,2,2,2,1,0,2,1,
1,1,1,2,0,0,1,2,1,1,0,2,1,2,1,2,1,1,1,0,2,1,0,0,1,
0,1,2,0,0,0,2,2,1,1,2,2,1,2,1,2,2,0,2,1,2,2,1,1,2,
2,2,2,2,2,0,2,2,1,0,2,2,2,2,1,0,1,0,0,0,0,2,1,2,2,
1,1,0,2,1,1,2,1,0,0,2,2,2,1,2,2,1,0,2,1,2,0,1,1,0,
0,0,2,2,0,0,2,2,1,2,1,1,1,1,2,2,2,1,2,2,2,1,2,0,0,
0,1,2,2,2,0,1,2,0,1,0,0,0,2,0,2,0,0,1,1,0,1,2,2,1,
2,2,2,2,2,2,0,2,1,1,1,1,2,2,1,1,2,0,2,2,2,0,0,1,2,
2,0,0,1,2,1,1,1,0,2,2,0,2,1,0,2,2,0,1,0,0,2,2,1,0,
0,1,0,1,1,2,0,0,1,2,2,2,2,0,2,1,1,2,0,0,1,0,0,2,0,
0,0,1,1,0,2,1,2,2,2,1,2,1,2,1,0,0,2,1,2,1,1,1,2,1,
0,2,2,1,0,0,0,0,1,0,1,1,1,2,0,2,1,0,1,2,2,0,2,0,1,
1,2,0,0,2,2,2,2,0,0,1,0,2,0,1,1,0,2,1,2,0,2,1,1,2,
2,2,0,1,2,2,1,0,1,0,0,1,2,1,1,1,2,2,2,2,2,0,2,0,0,
1,1,2,0,1,1,2,0,0,0,2,2,1,1,1,0,2,2,2,0,2,2,1,0,0,
1,1,0,2,0,2,0,0,1,0,1,1,2,1,0,1,1,1,0,1,0,0,2,0,0,
0,1,2,0,2,0,2,1,0,0,1,1,0,2,2,1,2,1,1,0,1,2,2,1,2,
2,2,2,1,1,2,2,0,2,2,0,1,2,0,2,1,1,1,2,1,2,2,0,1,1,
2,2,1,0,2,0,0,2,2,0,0,1,2,1,0,2,1,2,2,0,2,2,1,0,0,
0,2,0,0,0,2,1,2,0,2,2,2,2,0,2,1,2,2,0,0,1,0,1,1,2,
1,2,1,0,0,0,1,0,0,1,1,1,0,2,1,2,0,0,1,2,0,0,2,1,0,
2,2,2,0,0,2,1,2,2,2,0,0,2,1,0,1,1,2,2,0,2,1,1,1,1,
1,2,0,0,1,2,1,0,0,1,0,0,1,1,1,1,1,0,1,2,0,0,2,0,1,
0,1,0,2,2,2,2,2,1,1,1,1,2,1,2,0,0,2,0,2,0,2,1,0,1,
2,1,2,2,1,2,2,1,0,1,0,2,1,2,1,2,2,1,0,0,1,2,1,1,2,
2,0,1,2,2,2,0,1,0,2,1,2,0,1,2,2,2,1,2,2,1,1,1,0,0,
0,2,1,0,0,0,1,1,1,2,2,0,1,1,2,0,2,1,0,0,0,2,2,2,2,
1,2,2,1,2,1,1,0,2,0,0,1,1,2,2,1,0,2,2,1,1,1,2,1,2,
2,2,0,1,1,0,2,1,2,1,1,1,0,0,2,0,2,0,1,0,0,1,0,2,1,
1,2,1,1,2,1,2,1,2,0,0,0,1,2,2,2,0,0,0,1,0,2,1,1,1,
2,1,2,0,0,0,1,0,2,1,2,0,2,2,2,1,2,2,0,0,2,2,2,0,2,
1,2,1,0,0,2,0,0,1,0,1,0,2,2,1,2,0,0,1,2,0,0,0,1,0,
1,2,1,1,1,2,0,0,0,1,2,0,1,2,2,2,2,2,1,2,1,0,0,0,1,
1,0,0,2,2,1,1,2,1,2,0,1,0,1,0,0,0,1,1,1,1,2,0,2,2,
1,2,1,0,1,2,0,1,0,1,0,0,1,2,2,2,0,1,1,0,0,1,2,0,2,
2,2,0,2,2,2,2,1,0,2,0,2,0,2,2,1,2,1,1,1,2,1,0,2,1,
2,2,0,1,1,1,1,1,0,1,2,2,0,2,2,1,2,0,0,0,0,1,1,0,0,
2,0,2,2,0,0,1,0,2,2,0,2,2,2,1,2,0,1,2,0,0,1,1,0,2,
2,0,2,1,2,2,0,0,0,1,1,1,2,2,0,2,2,1,2,2,2,2,2,2,0,
2,1,0,1,2,1,0,2,2,2,0,0,1,2,1,0,1,0,0,0,2,0,1,0,1,
2,2,2,1,2,1,0,1,1,2,1,2,1,0,2,1,0,1,1,1,2,1,2,0,2,
0,1,1,1,1,0,2,2,1,2,0,1,1,2,0,1,2,1,1,1,1,1,0,2,1,
2,2,2,1,1,2,0,0,1,0,0,0,2,0,2,0,0,2,0,0,1,2,1,0,1,
1,0,1,0,1,0,1,2,2,1,1,0,2,0,0,2,0,0,0,1,1,1,0,1,1,
1,2,2,2,0,1,0,0,1,1,2,0,0,2,0,0,2,1,1,1,1,2,0,2,1,
1,1,2,0,1,2,1,0,0,0,0,2,2,1,0,1,1,0,2,0,2,2,1,0,2,
0,0,2,1,1,2,2,1,2,0,2,2,2,0,1,0,0,1,0,0,0,2,2,2,2,
0,2,0,0,1,2,1,0,1,1,0,1,2,2,1,1,2,0,1,2,2,2,0,2,0,
0,0,1,2,0,0,0,0,2,1,0,1,0,2,2,1,1,1,2,2,2,2,2,0,1,
2,0,0,2,2,0,2,1,0,2,1,0,0,2,0,1,0,1,0,2,2,0,2,2,2,
0,0,0,1,2,2,1,1,0,2,1,1,0,1,0,0,0,2,1,2,1,2,1,1,2,
1,0,0,1,2,1,2,2,1,2,2,2,1,2,2,2,1,2,1,2,1,1,1,1,2,
2,1,1,2,0,0,2,0,2,2,1,1,0,0,1,2,2,0,2,0,2,1,1,1,2,
0,0,2,1,2,0,2,2,1,2,2,2,2,0,0,1,2,1,2,0,2,2,1,0,2,
1,1,1,1,1,2,0,0,2,1,0,2,2,0,2,0,0,2,0,0,1,2,2,2,2,
2,0,1,2,0,2,0,2,2,0,2,2,0,1,1,2,2,2,2,2,1,0,2,0,1,
2,0,1,0,0,1,2,2,1,0,0,1,2,2,1,1,0,2,1,0,0,2,1,0,0,
1,0,2,1,2,0,2,2,2,2,0,0,0,1,2,0,0,2,0,1,2,2,0,0,1,
1,1,0,2,1,0,2,0,0,0,1,0,1,1,2,2,2,2,2,1,2,0,2,0,2,
1,2,0,0,0,1,0,2,2,2,1,1,2,1,2,2,0,2,1,0,0,2,1,0,0,
1,2,0,2,1,1,1,1,1,1,2,2,2,2,2,2,2,2,2,0,0,1,0,2,2,
2,0,1,1,2,1,2,2,1,1,0,1,2,0,1,2,1,0,0,2,2,0,2,0,0,
1,1,0,0,2,0,2,1,0,2,0,1,1,0,2,0,0,0,0,1,1,2,0,0,1,
2,2,2,1,1,0,1,2,1,1,1,0,1,1,0,2,1,2,1,2,0,1,0,2,0,
1,1,0,2,1,2,1,1,0,1,2,2,0,1,1,0,0,2,2,2,1,0,0,2,1,
0,1,1,0,1,1,2,0,1,1,1,2,1,0,1,0,1,1,2,2,1,1,0,2,1,
0,2,1,2,2,2,0,0,1,1,2,0,0,2,2,0,2,0,2,1,0,0,1,2,0,
2,1,0,2,1,2,2,0,0,2,1,2,1,1,2,2,1,1,2,2,2,1,1,2,2,
0,0,1,1,0,0,1,2,1,0,1,1,0,1,1,2,1,1,2,1,0,1,1,1,0,
0,2,0,2,2,1,0,0,0,0,0,0,1,0,2,2,2,1,2,2,0,0,0,0,2,
0,2,1,0,2,0,0,0,0,0,1,0,1,2,2,1,1,0,1,1,1,2,2,1,1,
0,0,2,0,0,0,0,2,0,1,1,2,1,1,1,0,2,0,1,1,1,0,0,2,2,
1,1,0,0,2,0,0,1,0,2,1,2,0,2,1,1,1,1,1,1,2,0,0,0,2,
0,0,2,1,0,1,2,0,0,2,1,0,1,2,2,2,2,1,1,0,0,0,2,2,1,
1,2,0,0,1,2,1,0,2,1,2,2,1,0,0,1,1,1,0,0,0,1,1,0,1,
1,1,1,1,0,2,1,2,2,0,1,2,2,0,0,1,0,1,2,2,2,0,0,2,2,
1,2,2,0,0,1,1,2,2,1,1,0,2,1,1,2,0,0,2,0,0,0,2,0,2,
0,2,2,1,2,1,1,0,1,1,0,2,0,1,0,0,1,1,2,1,0,1,2,0,2,
2,0,1,1,1,2,2,0,2,1,1,2,2,0,2,0,2,1,0,2,2,0,2,2,1,
2,0,2,0,1,2,1,2,1,2,0,0,2,1,0,1,2,1,0,0,0,0,1,0,2,
0,0,2,0,1,1,1,0,1,2,1,0,0,2,0,2,2,0,0,2,0,2,1,2,1,
0,1,2,0,2,0,0,0,2,2,1,0,0,2,1,0,2,2,2,0,0,1,2,2,0,
2,1,0,2,2,0,0,1,0,0,1,1,0,0,1,1,0,1,1,1,0,1,2,1,1,
2,1,2,1,2,0,2,2,2,0,0,0,1,1,2,2,2,1,1,2,0,2,0,2,0,
0,2,1,0,0,0,1,0,0,1,1,2,1,2,2,2,1,0,1,0,0,2,0,0,2,
1,1,0,1,0,2,1,0,2,2,1,2,2,1,0,0,0,1,1,0,0,0,0,1,1,
2,1,0,2,0,0,0,1,2,2,2,0,1,1,0,1,0,0,2,2,2,0,0,0,2,
0,1,0,1,1,2,0,0,2,0,2,0,1,2,2,1,2,2,2,2,2,1,2,0,1,
0,1,2,1,0,1,2,1,0,1,2,1,0,0,2,0,2,0,2,0,2,1,2,1,1,
2,1,0,0,2,1,2,2,0,1,2,0,0,0,1,1,0,2,1,1,0,2,0,0,2,
2,0,2,1,2,0,2,2,1,2,0,1,1,0,1,1,0,2,1,0,2,0,0,1,2,
0,1,1,2,2,1,0,1,1,2,0,0,1,0,0,1,0,0,1,2,1,2,0,2,2,
1,0,1,2,2,0,0,2,0,2,1,1,1,1,1,0,2,1,1,2,1,0,2,2,2,
0,2,1,1,0,1,1,2,0,2,2,0,2,2,1,2,2,1,2,0,2,0,0,1,2,
0,1,0,1,2,1,2,1,0,0,2,2,0,1,0,2,2,1,0,2,2,0,2,1,2,
2,0,1,1,0,0,2,0,2,0,1,2,0,2,1,1,0,2,1,1,0,0,1,2,2,
0,1,0,1,1,2,1,2,0,1,1,2,0,1,1,1,2,2,2,0,2,2,2,0,0,
2,0,2,2,0,0,0,2,1,0,1,1,2,0,0,1,1,1,0,0,1,1,1,2,1,
2,1,0,2,0,2,1,2,1,1,2,1,2,1,2,1,1,0,1,0,1,1,1,2,1,
0,0,0,2,2,2,2,0,2,0,0,0,2,0,1,2,2,2,1,0,2,2,1,0,0,
2,0,1,0,0,2,0,2,1,2,0,0,1,2,0,0,0,2,0,1,1,1,2,0,2,
0,1,0,0,0,1,0,2,0,2,0,2,0,2,0,0,1,2,0,2,0,2,0,1,2,
0,0,0,2,0,1,0,2,1,1,2,2,0,0,1,0,1,1,2,0,0,1,2,2,2,
0,2,2,2,2,1,2,0,0,0,2,2,2,2,2,0,0,1,1,0,1,1,1,1,2,
1,1,2,2,0,1,0,1,2,1,1,1,2,0,1,0,0,1,0,0,2,2,2,0,1,
2,2,0,0,1,0,2,2,2,0,1,0,0,1,1,0,2,0,1,0,0,0,2,0,0,
1,0,2,2,2,1,2,1,0,1,1,1,2,2,2,0,1,0,2,1,1,1,1,0,1,
2,0,0,0,2,2,2,2,2,0,2,1,1,2,2,1,2,0,1,0,2,0,2,1,1,
2,1,1,0,0,1,2,1,0,2,0,2,2,0,2,2,0,0,0,2,2,0,0,0,1,
0,2,1,0,2,0,2,0,1,1,1,1,0,1,1,1,0,0,1,2,1,0,1,2,0,
0,1,1,0,0,2,2,0,0,1,0,2,0,1,0,2,1,0,0,0,1,1,1,2,2,
2,0,0,2,1,2,2,2,2,2,0,2,2,0,1,2,2,0,2,0,2,1,2,0,0,
1,1,1,2,0,0,2,1,1,2,2,1,2,0,2,1,0,2,0,2,2,1,2,1,2,
0,2,0,2,0,1,1,2,1,2,0,2,1,1,0,0,2,2,1,2,2,1,2,0,2,
2,0,1,1,2,1,1,2,2,0,2,2,1,2,2,0,0,0,2,0,1,1,1,1,0,
1,2,2,1,2,1,2,2,1,1,1,0,0,1,2,0,2,0,2,1,2,1,2,1,1,
2,2,0,2,1,0,1,1,0,2,1,0,2,2,2,1,1,1,1,2,0,1,2,1,2,
2,0,0,1,0,0,2,2,2,2,2,0,0,2,1,0,0,2,1,1,2,1,1,2,2,
0,0,2,1,2,0,1,0,2,1,1,0,1,2,0,2,0,2,2,1,2,0,2,0,1,
1,1,1,1,1,0,2,1,1,2,2,2,2,1,2,0,0,0,0,0,1,0,1,2,1,
1,1,2,1,1,2,1,0,0,1,1,2,0,1,1,2,0,2,2,0,2,0,0,2,2,
0,0,0,1,2,2,1,2,0,0,2,0,2,1,2,0,2,1,0,0,2,0,1,1,1,
1,2,0,0,0,0,0,0,0,1,0,0,0,0,0,1,2,2,2,2,1,2,1,1,1,
2,2,2,0,2,1,0,1,0,1,1,2,2,2,2,2,2,1,0,2,2,0,0,2,2,
1,2,0,2,0,1,0,1,0,0,1,0,0,0,2,1,1,0,1,2,1,1,0,1,2,
0,0,2,2,2,0,1,2,0,2,0,2,2,2,0,0,0,1,2,2,2,0,0,1,0,
2,0,2,2,2,2,2,1,0,1,2,2,1,2,2,0,0,2,2,1,2,1,0,1,0,
0,2,0,0,2,0,1,2,0,0,1,0,2,0,2,0,0,1,2,0,0,1,0,2,0,
0,1,2,2,0,2,1,0,1,0,1,1,2,2,2,1,2,0,1,0,0,1,1,2,0,
0,2,1,2,0,2,1,0,2,2,1,2,2,2,2,1,0,0,1,2,1,2,1,0,1,
1,2,0,2,0,0,0,0,0,1,1,1,0,2,2,1,2,2,0,0,1,1,0,2,1,
0,0,0,2,0,2,0,1,2,2,1,2,2,2,1,2,2,0,0,1,0,2,0,0,2,
0,1,1,2,0,2,1,1,2,1,0,1,1,0,2,2,0,2,1,1,2,1,0,1,0,
2,2,1,0,1,1,0,0,0,2,2,1,2,2,2,0,1,2,2,2,2,2,0,2,0,
0,1,2,0,2,0,2,0,0,2,1,1,0,1,1,0,1,0,2,2,0,1,0,2,2,
1,0,1,2,0,2,2,2,2,0,2,1,2,1,2,1,0,0,0,2,1,1,1,0,1,
0,0,2,1,1,2,0,2,2,0,0,1,0,0,0,1,1,1,2,2,1,2,2,2,1,
1,1,2,2,2,1,2,2,0,2,0,0,2,1,0,1,2,2,1,1,0,1,2,0,2,
2,0,0,1,2,2,1,2,1,1,1,2,1,2,2,2,1,2,0,2,1,0,0,2,0,
0,0,1,2,0,1,0,2,0,1,2,2,1,0,1,0,2,1,2,0,1,0,2,1,2,
0,1,2,0,1,1,0,2,2,2,0,0,2,0,0,1,0,0,0,1,2,2,1,0,1,
1,1,1,0,0,2,1,0,1,0,0,2,2,0,0,0,0,2,2,0,1,2,0,2,2,
2,1,0,0,1,1,1,2,2,1,0,0,1,2,0,1,2,2,2,1,2,1,1,2,2,
2,2,2,0,0,2,1,0,1,2,1,1,0,1,2,0,1,2,0,2,2,2,1,2,1,
1,0,2,1,1,1,2,1,0,0,0,1,0,0,0,2,1,1,2,0,1,2,2,0,1,
0,0,2,1,0,2,1,2,1,1,2,0,1,1,1,0,2,2,2,1,1,0,2,1,0,
1,1,1,2,0,0,2,1,2,2,2,0,0,1,1,1,2,1,0,1,2,1,1,2,2,
2,1,1,0,0,0,0,2,1,1,1,2,2,2,0,1,2,0,2,0,0,2,2,0,0,
2,1,0,0,2,0,1,0,1,0,2,0,2,2,1,0,0,2,2,0,0,1,0,1,1,
2,2,0,2,0,0,2,1,0,1,2,1,0,1,2,0,2,0,1,0,0,0,0,1,1,
2,2,0,0,0,0,2,0,2,0,2,0,0,1,1,2,1,2,0,0,1,0,0,1,2,
0,2,2,0,2,2,0,2,2,1,2,2,1,2,2,1,2,1,0,0,0,0,2,2,2,
1,0,0,0,0,0,0,2,2,2,1,0,2,1,1,0,0,2,2,0,0,1,0,1,0,
2,1,0,1,1,1,2,1,1,0,0,1,2,1,0,1,1,1,2,2,0,0,2,0,0,
1,2,0,2,2,1,2,0,0,2,0,2,1,0,1,0,0,0,0,1,0,0,0,0,0,
1,0,1,0,1,2,1,2,1,2,2,0,2,2,2,2,1,0,2,2,2,2,1,1,1,
1,0,2,2,2,0,2,0,1,2,1,1,2,2,0,0,2,1,2,2,2,0,1,0,0,
1,2,0,0,2,0,0,2,1,0,2,0,0,2,0,2,0,2,1,2,0,1,0,1,2,
2,0,2,0,0,1,0,0,0,0,1,0,1,1,2,2,1,1,0,0,0,0,2,0,0,
2,2,1,0,0,1,1,1,0,2,2,0,2,2,2,0,1,1,1,0,0,0,1,2,2,
0,2,2,0,1,1,0,1,0,1,0,1,2,2,2,2,0,2,2,1,1,2,2,0,2,
0,1,1,0,2,0,2,2,2,0,1,2,0,1,1,0,0,2,1,2,0,2,0,1,2,
2,2,1,2]) >;
G`Base := <
    sub<VectorSpace(GF(3), 64) |
        [ GF(3) | 1, 0, 0, 0, 0, 0, 0, 0, 0, 0, 0, 0, 0, 0, 0, 0, 0, 0, 0, 0, 0,
        0, 0, 0, 0, 0, 0, 0, 0, 0, 0, 0, 1, 2, 1, 2, 2, 1, 1, 0, 0, 2, 0, 0, 0, 
        0, 1, 0, 0, 0, 2, 1, 2, 0, 1, 0, 2, 0, 2, 2, 2, 1, 2, 0 ],
        [ GF(3) | 0, 1, 0, 0, 0, 0, 0, 0, 0, 0, 0, 0, 0, 0, 0, 0, 0, 0, 0, 0, 0,
        0, 0, 0, 0, 0, 0, 0, 0, 0, 0, 0, 1, 0, 2, 2, 1, 1, 2, 0, 2, 0, 0, 2, 0, 
        0, 2, 1, 2, 1, 1, 0, 2, 1, 2, 2, 2, 2, 1, 1, 1, 0, 0, 2 ],
        [ GF(3) | 0, 0, 1, 0, 0, 0, 0, 0, 0, 0, 0, 0, 0, 0, 0, 0, 0, 0, 0, 0, 0,
        0, 0, 0, 0, 0, 0, 0, 0, 0, 0, 0, 1, 2, 0, 2, 2, 2, 2, 1, 1, 1, 0, 0, 0, 
        2, 1, 1, 0, 0, 0, 1, 0, 0, 1, 2, 2, 2, 1, 0, 1, 0, 2, 2 ],
        [ GF(3) | 0, 0, 0, 1, 0, 0, 0, 0, 0, 0, 0, 0, 0, 0, 0, 0, 0, 0, 0, 0, 0,
        0, 0, 0, 0, 0, 0, 0, 0, 0, 0, 0, 1, 0, 1, 0, 2, 0, 2, 1, 0, 0, 0, 0, 0, 
        2, 2, 2, 2, 2, 0, 2, 1, 1, 0, 1, 2, 0, 2, 1, 2, 2, 2, 0 ],
        [ GF(3) | 0, 0, 0, 0, 1, 0, 0, 0, 0, 0, 0, 0, 0, 0, 0, 0, 0, 0, 0, 0, 0,
        0, 0, 0, 0, 0, 0, 0, 0, 0, 0, 0, 0, 0, 2, 1, 2, 2, 0, 2, 2, 1, 2, 0, 0, 
        0, 2, 2, 0, 0, 0, 0, 2, 0, 2, 2, 0, 1, 0, 2, 2, 0, 1, 0 ],
        [ GF(3) | 0, 0, 0, 0, 0, 1, 0, 0, 0, 0, 0, 0, 0, 0, 0, 0, 0, 0, 0, 0, 0,
        0, 0, 0, 0, 0, 0, 0, 0, 0, 0, 0, 2, 0, 1, 2, 0, 0, 2, 2, 0, 2, 1, 0, 0, 
        0, 2, 1, 2, 2, 0, 1, 1, 2, 0, 2, 2, 1, 2, 2, 0, 0, 0, 2 ],
        [ GF(3) | 0, 0, 0, 0, 0, 0, 1, 0, 0, 0, 0, 0, 0, 0, 0, 0, 0, 0, 0, 0, 0,
        0, 0, 0, 0, 0, 0, 0, 0, 0, 0, 0, 1, 2, 2, 1, 0, 0, 0, 2, 2, 1, 0, 1, 0, 
        0, 0, 0, 2, 1, 1, 2, 0, 0, 2, 1, 1, 2, 0, 0, 1, 0, 2, 0 ],
        [ GF(3) | 0, 0, 0, 0, 0, 0, 0, 1, 0, 0, 0, 0, 0, 0, 0, 0, 0, 0, 0, 0, 0,
        0, 0, 0, 0, 0, 0, 0, 0, 0, 0, 0, 0, 1, 2, 0, 1, 0, 0, 0, 1, 1, 2, 0, 1, 
        0, 2, 1, 0, 0, 1, 1, 2, 0, 0, 2, 0, 2, 1, 2, 1, 1, 1, 1 ],
        [ GF(3) | 0, 0, 0, 0, 0, 0, 0, 0, 1, 0, 0, 0, 0, 0, 0, 0, 0, 0, 0, 0, 0,
        0, 0, 0, 0, 0, 0, 0, 0, 0, 0, 0, 1, 2, 2, 0, 1, 1, 2, 1, 1, 0, 0, 0, 1, 
        1, 2, 1, 2, 0, 0, 1, 1, 2, 0, 2, 1, 1, 2, 2, 2, 2, 1, 2 ],
        [ GF(3) | 0, 0, 0, 0, 0, 0, 0, 0, 0, 1, 0, 0, 0, 0, 0, 0, 0, 0, 0, 0, 0,
        0, 0, 0, 0, 0, 0, 0, 0, 0, 0, 0, 1, 1, 1, 1, 1, 2, 1, 1, 0, 1, 2, 1, 1, 
        2, 2, 2, 1, 2, 0, 2, 1, 2, 1, 2, 0, 1, 2, 0, 1, 2, 1, 1 ],
        [ GF(3) | 0, 0, 0, 0, 0, 0, 0, 0, 0, 0, 1, 0, 0, 0, 0, 0, 0, 0, 0, 0, 0,
        0, 0, 0, 0, 0, 0, 0, 0, 0, 0, 0, 1, 2, 1, 0, 2, 1, 0, 0, 2, 0, 0, 0, 2, 
        1, 1, 2, 1, 1, 1, 2, 2, 0, 2, 1, 0, 1, 1, 2, 2, 0, 1, 0 ],
        [ GF(3) | 0, 0, 0, 0, 0, 0, 0, 0, 0, 0, 0, 1, 0, 0, 0, 0, 0, 0, 0, 0, 0,
        0, 0, 0, 0, 0, 0, 0, 0, 0, 0, 0, 0, 0, 1, 2, 1, 1, 2, 1, 0, 2, 2, 1, 1, 
        2, 1, 2, 0, 0, 0, 2, 0, 0, 0, 1, 0, 0, 1, 1, 0, 0, 2, 2 ],
        [ GF(3) | 0, 0, 0, 0, 0, 0, 0, 0, 0, 0, 0, 0, 1, 0, 0, 0, 0, 0, 0, 0, 0,
        0, 0, 0, 0, 0, 0, 0, 0, 0, 0, 0, 0, 2, 0, 0, 1, 2, 0, 0, 1, 0, 2, 2, 0, 
        0, 1, 0, 2, 1, 0, 2, 1, 2, 1, 2, 0, 1, 2, 2, 0, 2, 2, 1 ],
        [ GF(3) | 0, 0, 0, 0, 0, 0, 0, 0, 0, 0, 0, 0, 0, 1, 0, 0, 0, 0, 0, 0, 0,
        0, 0, 0, 0, 0, 0, 0, 0, 0, 0, 0, 1, 2, 1, 2, 0, 1, 1, 2, 1, 1, 2, 2, 2, 
        1, 2, 2, 1, 1, 2, 1, 2, 0, 0, 0, 2, 2, 0, 0, 0, 2, 0, 0 ],
        [ GF(3) | 0, 0, 0, 0, 0, 0, 0, 0, 0, 0, 0, 0, 0, 0, 1, 0, 0, 0, 0, 0, 0,
        0, 0, 0, 0, 0, 0, 0, 0, 0, 0, 0, 1, 1, 2, 0, 0, 2, 2, 1, 0, 0, 1, 1, 1, 
        1, 2, 2, 2, 1, 2, 0, 2, 0, 2, 1, 2, 2, 2, 1, 1, 0, 2, 1 ],
        [ GF(3) | 0, 0, 0, 0, 0, 0, 0, 0, 0, 0, 0, 0, 0, 0, 0, 1, 0, 0, 0, 0, 0,
        0, 0, 0, 0, 0, 0, 0, 0, 0, 0, 0, 2, 1, 0, 2, 2, 2, 2, 2, 0, 0, 0, 0, 2, 
        2, 2, 1, 2, 0, 1, 2, 2, 2, 1, 2, 0, 2, 2, 1, 0, 0, 2, 1 ],
        [ GF(3) | 0, 0, 0, 0, 0, 0, 0, 0, 0, 0, 0, 0, 0, 0, 0, 0, 1, 0, 0, 0, 0,
        0, 0, 0, 0, 0, 0, 0, 0, 0, 0, 0, 1, 1, 0, 0, 0, 2, 0, 2, 2, 0, 0, 2, 1, 
        2, 1, 0, 2, 0, 2, 2, 1, 1, 2, 0, 0, 2, 0, 0, 2, 2, 2, 0 ],
        [ GF(3) | 0, 0, 0, 0, 0, 0, 0, 0, 0, 0, 0, 0, 0, 0, 0, 0, 0, 1, 0, 0, 0,
        0, 0, 0, 0, 0, 0, 0, 0, 0, 0, 0, 2, 2, 2, 0, 0, 0, 0, 0, 1, 0, 2, 1, 1, 
        1, 2, 2, 1, 0, 0, 1, 0, 2, 0, 1, 0, 1, 1, 1, 0, 0, 0, 1 ],
        [ GF(3) | 0, 0, 0, 0, 0, 0, 0, 0, 0, 0, 0, 0, 0, 0, 0, 0, 0, 0, 1, 0, 0,
        0, 0, 0, 0, 0, 0, 0, 0, 0, 0, 0, 2, 1, 1, 0, 0, 0, 1, 0, 1, 2, 1, 1, 1, 
        0, 2, 0, 2, 1, 0, 0, 2, 0, 1, 2, 0, 2, 1, 1, 2, 1, 0, 1 ],
        [ GF(3) | 0, 0, 0, 0, 0, 0, 0, 0, 0, 0, 0, 0, 0, 0, 0, 0, 0, 0, 0, 1, 0,
        0, 0, 0, 0, 0, 0, 0, 0, 0, 0, 0, 0, 2, 2, 0, 1, 2, 2, 0, 0, 0, 2, 1, 1, 
        1, 1, 1, 0, 2, 1, 1, 1, 0, 2, 1, 2, 1, 2, 1, 2, 2, 1, 0 ],
        [ GF(3) | 0, 0, 0, 0, 0, 0, 0, 0, 0, 0, 0, 0, 0, 0, 0, 0, 0, 0, 0, 0, 1,
        0, 0, 0, 0, 0, 0, 0, 0, 0, 0, 0, 2, 2, 1, 2, 0, 2, 0, 0, 0, 1, 2, 0, 1, 
        2, 0, 2, 1, 2, 0, 1, 0, 0, 0, 0, 0, 0, 2, 1, 2, 2, 1, 0 ],
        [ GF(3) | 0, 0, 0, 0, 0, 0, 0, 0, 0, 0, 0, 0, 0, 0, 0, 0, 0, 0, 0, 0, 0,
        1, 0, 0, 0, 0, 0, 0, 0, 0, 0, 0, 2, 1, 2, 1, 2, 1, 2, 1, 0, 1, 2, 0, 2, 
        2, 1, 0, 0, 0, 1, 0, 2, 2, 2, 1, 0, 0, 2, 0, 1, 0, 2, 2 ],
        [ GF(3) | 0, 0, 0, 0, 0, 0, 0, 0, 0, 0, 0, 0, 0, 0, 0, 0, 0, 0, 0, 0, 0,
        0, 1, 0, 0, 0, 0, 0, 0, 0, 0, 0, 1, 1, 2, 2, 2, 1, 1, 1, 1, 0, 1, 2, 1, 
        2, 2, 1, 0, 1, 1, 0, 1, 2, 2, 2, 0, 2, 0, 0, 2, 2, 0, 2 ],
        [ GF(3) | 0, 0, 0, 0, 0, 0, 0, 0, 0, 0, 0, 0, 0, 0, 0, 0, 0, 0, 0, 0, 0,
        0, 0, 1, 0, 0, 0, 0, 0, 0, 0, 0, 2, 2, 0, 1, 2, 1, 1, 0, 1, 1, 0, 1, 1, 
        2, 2, 2, 1, 2, 0, 0, 0, 0, 1, 2, 0, 2, 0, 0, 2, 2, 0, 0 ],
        [ GF(3) | 0, 0, 0, 0, 0, 0, 0, 0, 0, 0, 0, 0, 0, 0, 0, 0, 0, 0, 0, 0, 0,
        0, 0, 0, 1, 0, 0, 0, 0, 0, 0, 0, 0, 2, 0, 0, 0, 0, 2, 0, 0, 0, 0, 0, 0, 
        2, 1, 2, 1, 0, 2, 1, 1, 2, 1, 2, 0, 2, 1, 0, 0, 2, 0, 1 ],
        [ GF(3) | 0, 0, 0, 0, 0, 0, 0, 0, 0, 0, 0, 0, 0, 0, 0, 0, 0, 0, 0, 0, 0,
        0, 0, 0, 0, 1, 0, 0, 0, 0, 0, 0, 2, 2, 0, 1, 1, 0, 1, 0, 1, 0, 2, 1, 1, 
        2, 2, 0, 1, 1, 1, 1, 1, 2, 0, 1, 0, 0, 2, 0, 0, 0, 2, 1 ],
        [ GF(3) | 0, 0, 0, 0, 0, 0, 0, 0, 0, 0, 0, 0, 0, 0, 0, 0, 0, 0, 0, 0, 0,
        0, 0, 0, 0, 0, 1, 0, 0, 0, 0, 0, 2, 2, 1, 0, 1, 2, 2, 0, 2, 1, 0, 0, 1, 
        0, 0, 2, 0, 2, 2, 1, 1, 0, 2, 2, 1, 1, 1, 0, 1, 2, 0, 1 ],
        [ GF(3) | 0, 0, 0, 0, 0, 0, 0, 0, 0, 0, 0, 0, 0, 0, 0, 0, 0, 0, 0, 0, 0,
        0, 0, 0, 0, 0, 0, 1, 0, 0, 0, 0, 2, 2, 2, 1, 1, 2, 1, 2, 1, 2, 2, 1, 2, 
        1, 1, 2, 1, 1, 0, 0, 1, 0, 0, 1, 0, 1, 0, 1, 2, 0, 1, 0 ],
        [ GF(3) | 0, 0, 0, 0, 0, 0, 0, 0, 0, 0, 0, 0, 0, 0, 0, 0, 0, 0, 0, 0, 0,
        0, 0, 0, 0, 0, 0, 0, 1, 0, 0, 0, 1, 2, 1, 2, 1, 1, 0, 2, 1, 1, 1, 2, 1, 
        1, 2, 0, 2, 1, 2, 2, 0, 0, 1, 1, 2, 2, 1, 1, 0, 0, 0, 1 ],
        [ GF(3) | 0, 0, 0, 0, 0, 0, 0, 0, 0, 0, 0, 0, 0, 0, 0, 0, 0, 0, 0, 0, 0,
        0, 0, 0, 0, 0, 0, 0, 0, 1, 0, 0, 1, 0, 2, 2, 1, 1, 2, 1, 1, 1, 0, 1, 0, 
        2, 1, 0, 2, 1, 0, 2, 0, 2, 1, 2, 0, 2, 0, 0, 0, 0, 2, 0 ],
        [ GF(3) | 0, 0, 0, 0, 0, 0, 0, 0, 0, 0, 0, 0, 0, 0, 0, 0, 0, 0, 0, 0, 0,
        0, 0, 0, 0, 0, 0, 0, 0, 0, 1, 0, 2, 2, 0, 0, 0, 1, 2, 2, 2, 2, 0, 2, 0, 
        0, 0, 1, 2, 1, 0, 1, 0, 1, 1, 1, 1, 0, 0, 1, 0, 1, 0, 0 ],
        [ GF(3) | 0, 0, 0, 0, 0, 0, 0, 0, 0, 0, 0, 0, 0, 0, 0, 0, 0, 0, 0, 0, 0,
        0, 0, 0, 0, 0, 0, 0, 0, 0, 0, 1, 2, 0, 1, 0, 2, 0, 2, 2, 1, 1, 0, 2, 2, 
        0, 2, 0, 0, 2, 1, 0, 1, 2, 0, 2, 0, 0, 0, 0, 2, 2, 0, 0 ]
    >,

    sub<VectorSpace(GF(3), 64) |
        [ GF(3) | 1, 0, 0, 0, 0, 0, 0, 0, 0, 0, 0, 0, 0, 0, 0, 2, 2, 2, 1, 0, 2,
        0, 2, 0, 1, 1, 0, 2, 0, 1, 0, 1, 1, 1, 1, 1, 1, 2, 2, 2, 2, 0, 2, 2, 2, 
        2, 1, 0, 2, 1, 2, 2, 2, 1, 2, 0, 2, 1, 1, 2, 1, 0, 0, 2 ],
        [ GF(3) | 0, 1, 0, 0, 0, 0, 0, 0, 0, 0, 0, 0, 0, 0, 0, 2, 1, 0, 0, 0, 1,
        1, 2, 1, 1, 1, 2, 0, 1, 0, 1, 0, 2, 1, 0, 2, 2, 1, 2, 1, 0, 2, 0, 2, 0, 
        0, 1, 1, 1, 2, 2, 2, 0, 2, 2, 1, 1, 2, 0, 0, 2, 2, 2, 0 ],
        [ GF(3) | 0, 0, 1, 0, 0, 0, 0, 0, 0, 0, 0, 0, 0, 0, 0, 1, 0, 1, 1, 0, 2,
        0, 1, 2, 2, 0, 1, 2, 0, 2, 0, 0, 0, 1, 1, 0, 0, 1, 2, 1, 0, 2, 0, 1, 2, 
        1, 1, 2, 2, 1, 2, 1, 1, 2, 1, 1, 0, 0, 0, 1, 0, 2, 0, 1 ],
        [ GF(3) | 0, 0, 0, 1, 0, 0, 0, 0, 0, 0, 0, 0, 0, 0, 0, 2, 0, 0, 2, 0, 1,
        1, 0, 1, 1, 1, 1, 2, 0, 0, 0, 1, 1, 1, 0, 2, 1, 2, 2, 0, 0, 1, 0, 2, 0, 
        0, 2, 1, 1, 0, 0, 1, 2, 1, 1, 0, 0, 0, 1, 2, 0, 2, 1, 0 ],
        [ GF(3) | 0, 0, 0, 0, 1, 0, 0, 0, 0, 0, 0, 0, 0, 0, 0, 2, 2, 1, 1, 0, 0,
        2, 2, 2, 0, 0, 1, 0, 2, 0, 1, 2, 0, 2, 0, 2, 1, 0, 0, 0, 2, 2, 1, 1, 2, 
        2, 0, 0, 1, 1, 0, 0, 1, 0, 0, 1, 0, 1, 1, 0, 2, 2, 1, 0 ],
        [ GF(3) | 0, 0, 0, 0, 0, 1, 0, 0, 0, 0, 0, 0, 0, 0, 0, 2, 0, 2, 1, 0, 2,
        0, 0, 2, 2, 0, 0, 0, 2, 2, 0, 1, 2, 2, 0, 2, 2, 2, 1, 2, 1, 1, 0, 1, 0, 
        0, 2, 1, 0, 2, 2, 1, 1, 2, 2, 2, 0, 1, 2, 2, 0, 0, 1, 2 ],
        [ GF(3) | 0, 0, 0, 0, 0, 0, 1, 0, 0, 0, 0, 0, 0, 0, 0, 2, 2, 0, 0, 0, 1,
        2, 1, 0, 0, 1, 2, 0, 0, 2, 0, 1, 0, 2, 1, 1, 2, 1, 2, 2, 0, 0, 0, 0, 2, 
        1, 1, 0, 1, 1, 1, 0, 0, 2, 2, 2, 0, 0, 2, 0, 0, 2, 0, 2 ],
        [ GF(3) | 0, 0, 0, 0, 0, 0, 0, 1, 0, 0, 0, 0, 0, 0, 0, 0, 1, 0, 2, 0, 0,
        2, 0, 2, 0, 1, 2, 1, 1, 2, 2, 2, 2, 0, 1, 0, 2, 2, 2, 0, 1, 1, 1, 2, 2, 
        0, 0, 1, 2, 0, 2, 2, 2, 2, 1, 2, 0, 0, 0, 2, 0, 1, 2, 2 ],
        [ GF(3) | 0, 0, 0, 0, 0, 0, 0, 0, 1, 0, 0, 0, 0, 0, 0, 1, 0, 2, 2, 0, 1,
        2, 0, 2, 0, 1, 2, 2, 2, 2, 2, 2, 1, 2, 0, 1, 0, 2, 1, 2, 0, 1, 2, 2, 0, 
        1, 2, 1, 1, 1, 2, 1, 0, 0, 1, 2, 0, 1, 2, 2, 0, 2, 1, 1 ],
        [ GF(3) | 0, 0, 0, 0, 0, 0, 0, 0, 0, 1, 0, 0, 0, 0, 0, 1, 2, 1, 2, 0, 1,
        1, 1, 2, 0, 1, 0, 2, 1, 2, 0, 1, 1, 0, 2, 1, 1, 0, 1, 1, 2, 2, 0, 0, 1, 
        1, 2, 1, 0, 1, 2, 2, 1, 2, 2, 2, 2, 2, 2, 2, 0, 0, 0, 2 ],
        [ GF(3) | 0, 0, 0, 0, 0, 0, 0, 0, 0, 0, 1, 0, 0, 0, 0, 0, 0, 0, 1, 0, 1,
        1, 1, 1, 0, 1, 2, 2, 0, 0, 1, 1, 0, 0, 2, 0, 0, 0, 1, 1, 0, 2, 0, 2, 2, 
        1, 2, 1, 1, 2, 0, 1, 1, 0, 1, 0, 0, 2, 1, 1, 1, 2, 2, 2 ],
        [ GF(3) | 0, 0, 0, 0, 0, 0, 0, 0, 0, 0, 0, 1, 0, 0, 0, 1, 1, 0, 1, 0, 0,
        0, 2, 0, 2, 1, 0, 0, 0, 0, 2, 0, 1, 0, 0, 0, 2, 0, 1, 2, 1, 2, 1, 1, 2, 
        1, 2, 2, 1, 0, 1, 2, 1, 0, 0, 1, 2, 2, 2, 2, 2, 1, 2, 2 ],
        [ GF(3) | 0, 0, 0, 0, 0, 0, 0, 0, 0, 0, 0, 0, 1, 0, 0, 0, 0, 1, 2, 0, 2,
        2, 0, 1, 0, 0, 1, 1, 1, 2, 2, 2, 1, 0, 2, 2, 1, 0, 1, 1, 2, 0, 2, 1, 0, 
        2, 2, 2, 0, 0, 2, 2, 1, 0, 0, 1, 2, 1, 0, 2, 1, 0, 1, 1 ],
        [ GF(3) | 0, 0, 0, 0, 0, 0, 0, 0, 0, 0, 0, 0, 0, 1, 0, 2, 2, 2, 1, 0, 1,
        0, 1, 1, 1, 0, 2, 1, 1, 0, 1, 0, 0, 1, 2, 2, 0, 0, 2, 2, 0, 0, 1, 2, 1, 
        0, 1, 1, 0, 2, 2, 0, 0, 0, 2, 0, 1, 1, 1, 0, 1, 2, 1, 2 ],
        [ GF(3) | 0, 0, 0, 0, 0, 0, 0, 0, 0, 0, 0, 0, 0, 0, 1, 0, 0, 2, 1, 0, 2,
        0, 2, 0, 0, 2, 2, 2, 1, 1, 0, 0, 0, 2, 1, 1, 0, 0, 0, 1, 0, 0, 0, 0, 2, 
        2, 0, 2, 1, 0, 0, 0, 0, 2, 1, 2, 0, 0, 1, 0, 2, 1, 0, 1 ],
        [ GF(3) | 0, 0, 0, 0, 0, 0, 0, 0, 0, 0, 0, 0, 0, 0, 0, 0, 0, 0, 0, 1, 1,
        0, 1, 2, 2, 1, 2, 2, 1, 1, 0, 1, 0, 1, 0, 1, 1, 2, 2, 1, 1, 0, 0, 1, 0, 
        2, 0, 2, 0, 2, 2, 2, 1, 0, 2, 2, 0, 1, 2, 2, 0, 2, 2, 2 ]
    >,

    sub<VectorSpace(GF(3), 64) |
        [ GF(3) | 1, 0, 0, 0, 0, 0, 0, 0, 0, 0, 0, 0, 0, 0, 0, 0, 2, 2, 1, 0, 0,
        0, 1, 0, 1, 1, 1, 1, 0, 1, 2, 2, 2, 2, 0, 2, 1, 0, 0, 1, 0, 1, 0, 2, 1, 
        1, 2, 0, 2, 1, 0, 2, 2, 1, 1, 2, 0, 2, 2, 1, 1, 1, 2, 0 ],
        [ GF(3) | 0, 1, 0, 0, 0, 0, 0, 0, 0, 0, 0, 0, 0, 0, 0, 0, 1, 2, 2, 1, 0,
        2, 2, 2, 0, 0, 1, 0, 0, 0, 0, 1, 1, 0, 1, 1, 0, 1, 0, 1, 1, 2, 1, 2, 1, 
        2, 0, 1, 1, 1, 0, 1, 0, 2, 0, 0, 1, 1, 1, 1, 0, 1, 0, 1 ],
        [ GF(3) | 0, 0, 1, 0, 0, 0, 0, 0, 0, 0, 0, 0, 0, 0, 0, 0, 0, 1, 0, 1, 2,
        1, 0, 0, 2, 0, 1, 1, 1, 1, 0, 1, 2, 2, 2, 0, 0, 2, 0, 0, 1, 0, 0, 0, 0, 
        0, 1, 2, 0, 1, 1, 1, 0, 0, 1, 2, 1, 1, 1, 2, 1, 2, 2, 1 ],
        [ GF(3) | 0, 0, 0, 1, 0, 0, 0, 0, 0, 0, 0, 0, 0, 0, 0, 0, 1, 0, 0, 0, 1,
        2, 2, 1, 2, 0, 0, 0, 0, 1, 2, 2, 0, 2, 0, 0, 2, 2, 2, 0, 2, 1, 1, 1, 0, 
        1, 2, 1, 2, 1, 1, 0, 0, 2, 2, 1, 1, 0, 0, 0, 2, 2, 1, 0 ],
        [ GF(3) | 0, 0, 0, 0, 1, 0, 0, 0, 0, 0, 0, 0, 0, 0, 0, 0, 2, 1, 2, 0, 2,
        2, 1, 1, 0, 1, 2, 0, 1, 0, 1, 1, 1, 0, 0, 2, 0, 2, 1, 1, 1, 2, 0, 0, 1, 
        0, 2, 0, 0, 0, 1, 1, 2, 1, 1, 1, 2, 2, 1, 2, 2, 2, 1, 0 ],
        [ GF(3) | 0, 0, 0, 0, 0, 1, 0, 0, 0, 0, 0, 0, 0, 0, 0, 0, 0, 2, 1, 0, 1,
        2, 2, 2, 1, 1, 0, 1, 1, 1, 1, 2, 1, 2, 0, 1, 2, 0, 1, 1, 0, 0, 1, 0, 1, 
        0, 2, 2, 0, 0, 1, 2, 2, 1, 1, 2, 2, 1, 2, 1, 2, 1, 0, 0 ],
        [ GF(3) | 0, 0, 0, 0, 0, 0, 1, 0, 0, 0, 0, 0, 0, 0, 0, 0, 1, 2, 2, 1, 0,
        0, 2, 0, 2, 2, 2, 0, 0, 1, 2, 1, 0, 1, 0, 0, 2, 0, 0, 2, 0, 2, 2, 1, 2, 
        0, 1, 0, 1, 0, 1, 0, 2, 1, 2, 1, 2, 1, 2, 2, 1, 2, 2, 2 ],
        [ GF(3) | 0, 0, 0, 0, 0, 0, 0, 1, 0, 0, 0, 0, 0, 0, 0, 0, 0, 2, 2, 0, 2,
        0, 1, 1, 1, 2, 0, 0, 2, 1, 0, 0, 0, 1, 1, 0, 1, 2, 0, 0, 2, 2, 1, 0, 0, 
        1, 0, 1, 2, 0, 1, 2, 0, 2, 1, 1, 1, 1, 1, 2, 1, 1, 1, 0 ],
        [ GF(3) | 0, 0, 0, 0, 0, 0, 0, 0, 1, 0, 0, 0, 0, 0, 0, 0, 1, 0, 2, 0, 2,
        1, 1, 2, 1, 2, 1, 2, 2, 2, 0, 0, 0, 1, 2, 2, 0, 2, 0, 1, 2, 2, 2, 1, 0, 
        2, 2, 1, 2, 0, 1, 1, 0, 2, 2, 1, 0, 0, 1, 0, 0, 2, 2, 2 ],
        [ GF(3) | 0, 0, 0, 0, 0, 0, 0, 0, 0, 1, 0, 0, 0, 0, 0, 0, 2, 0, 2, 0, 0,
        1, 2, 2, 0, 1, 2, 1, 1, 1, 2, 0, 0, 0, 0, 0, 0, 2, 0, 1, 2, 2, 0, 0, 0, 
        0, 0, 0, 0, 2, 2, 2, 0, 0, 2, 2, 1, 1, 0, 0, 2, 1, 2, 2 ],
        [ GF(3) | 0, 0, 0, 0, 0, 0, 0, 0, 0, 0, 1, 0, 0, 0, 0, 0, 1, 1, 0, 1, 2,
        1, 2, 2, 2, 0, 1, 0, 1, 2, 1, 0, 0, 1, 0, 0, 2, 0, 2, 0, 2, 1, 0, 2, 0, 
        1, 2, 1, 0, 1, 2, 2, 2, 1, 1, 1, 1, 0, 1, 2, 2, 2, 0, 0 ],
        [ GF(3) | 0, 0, 0, 0, 0, 0, 0, 0, 0, 0, 0, 1, 0, 0, 0, 0, 1, 1, 1, 1, 2,
        2, 0, 0, 1, 2, 0, 0, 2, 1, 2, 1, 0, 1, 0, 2, 1, 0, 2, 0, 0, 1, 0, 1, 0, 
        2, 0, 2, 0, 1, 0, 1, 1, 0, 1, 2, 2, 2, 2, 1, 0, 1, 0, 0 ],
        [ GF(3) | 0, 0, 0, 0, 0, 0, 0, 0, 0, 0, 0, 0, 1, 0, 0, 0, 2, 0, 0, 2, 2,
        0, 2, 0, 1, 1, 0, 2, 1, 0, 2, 2, 1, 0, 1, 2, 2, 1, 1, 2, 0, 1, 0, 0, 0, 
        0, 0, 0, 1, 1, 1, 0, 2, 1, 1, 2, 0, 1, 2, 0, 1, 1, 1, 0 ],
        [ GF(3) | 0, 0, 0, 0, 0, 0, 0, 0, 0, 0, 0, 0, 0, 1, 0, 0, 0, 0, 1, 1, 0,
        0, 0, 2, 1, 1, 1, 0, 1, 0, 2, 0, 2, 0, 1, 0, 2, 0, 0, 2, 2, 0, 0, 0, 1, 
        1, 1, 0, 0, 1, 0, 1, 2, 0, 0, 2, 1, 2, 1, 0, 2, 1, 2, 2 ],
        [ GF(3) | 0, 0, 0, 0, 0, 0, 0, 0, 0, 0, 0, 0, 0, 0, 1, 0, 1, 2, 2, 1, 1,
        0, 1, 0, 1, 1, 2, 2, 2, 1, 2, 0, 1, 2, 2, 2, 1, 0, 2, 2, 0, 0, 0, 1, 2, 
        2, 2, 0, 1, 2, 0, 1, 0, 2, 1, 1, 1, 2, 2, 2, 2, 2, 0, 0 ],
        [ GF(3) | 0, 0, 0, 0, 0, 0, 0, 0, 0, 0, 0, 0, 0, 0, 0, 1, 0, 0, 1, 2, 1,
        2, 2, 0, 0, 2, 2, 0, 2, 1, 1, 2, 2, 0, 1, 1, 2, 1, 1, 2, 2, 2, 0, 2, 1, 
        0, 0, 0, 2, 1, 0, 0, 1, 2, 1, 2, 2, 0, 0, 2, 0, 0, 2, 1 ]
    >,

    sub<VectorSpace(GF(3), 64) |
        [ GF(3) | 1, 0, 0, 0, 0, 0, 0, 0, 0, 0, 0, 0, 0, 0, 0, 0, 0, 0, 0, 1, 0,
        0, 2, 2, 1, 2, 0, 1, 1, 1, 2, 2, 0, 1, 0, 2, 2, 2, 1, 0, 0, 0, 2, 1, 2, 
        1, 0, 1, 1, 0, 0, 1, 1, 0, 2, 2, 1, 0, 2, 0, 0, 0, 1, 2 ],
        [ GF(3) | 0, 1, 0, 0, 0, 0, 0, 0, 0, 0, 0, 0, 0, 0, 0, 0, 0, 0, 1, 0, 2,
        0, 0, 2, 0, 2, 0, 2, 1, 1, 1, 1, 0, 0, 2, 0, 1, 1, 0, 1, 0, 2, 1, 2, 1, 
        1, 1, 0, 2, 1, 0, 1, 2, 1, 0, 2, 0, 0, 2, 1, 1, 2, 0, 2 ],
        [ GF(3) | 0, 0, 1, 0, 0, 0, 0, 0, 0, 0, 0, 0, 0, 0, 0, 0, 2, 1, 0, 2, 0,
        0, 2, 2, 2, 1, 0, 0, 1, 0, 1, 0, 2, 2, 2, 1, 1, 2, 2, 0, 0, 1, 1, 0, 0, 
        2, 0, 2, 0, 2, 0, 2, 2, 1, 1, 0, 0, 1, 2, 2, 0, 2, 1, 1 ],
        [ GF(3) | 0, 0, 0, 1, 0, 0, 0, 0, 0, 0, 0, 0, 0, 0, 0, 0, 2, 2, 1, 1, 0,
        2, 1, 2, 0, 1, 0, 1, 2, 1, 0, 0, 2, 0, 0, 1, 2, 1, 0, 1, 2, 2, 2, 0, 0, 
        2, 2, 0, 1, 2, 1, 1, 0, 1, 2, 1, 2, 0, 1, 0, 1, 0, 0, 2 ],
        [ GF(3) | 0, 0, 0, 0, 1, 0, 0, 0, 0, 0, 0, 0, 0, 0, 0, 0, 0, 2, 0, 2, 2,
        1, 2, 2, 2, 0, 1, 2, 1, 2, 1, 1, 0, 0, 2, 2, 2, 1, 1, 0, 1, 0, 0, 2, 0, 
        2, 1, 0, 2, 1, 2, 1, 0, 2, 1, 2, 1, 0, 1, 0, 1, 2, 1, 0 ],
        [ GF(3) | 0, 0, 0, 0, 0, 1, 0, 0, 0, 0, 0, 0, 0, 0, 0, 0, 1, 0, 2, 0, 0,
        2, 2, 1, 2, 0, 2, 2, 1, 0, 2, 0, 2, 1, 2, 2, 2, 1, 1, 1, 2, 0, 2, 0, 1, 
        2, 1, 0, 1, 1, 0, 2, 0, 2, 0, 1, 1, 1, 1, 1, 0, 0, 2, 1 ],
        [ GF(3) | 0, 0, 0, 0, 0, 0, 1, 0, 0, 0, 0, 0, 0, 0, 0, 0, 2, 1, 2, 0, 0,
        0, 0, 2, 2, 1, 1, 0, 0, 1, 1, 0, 2, 1, 2, 0, 0, 1, 2, 1, 2, 1, 1, 0, 2, 
        0, 1, 1, 1, 0, 2, 2, 0, 1, 0, 1, 1, 1, 1, 1, 2, 0, 0, 0 ],
        [ GF(3) | 0, 0, 0, 0, 0, 0, 0, 1, 0, 0, 0, 0, 0, 0, 0, 0, 2, 0, 0, 1, 1,
        1, 1, 0, 2, 0, 2, 2, 0, 0, 0, 1, 2, 1, 2, 1, 2, 2, 2, 2, 0, 1, 1, 1, 2, 
        0, 2, 2, 1, 0, 1, 2, 1, 0, 1, 1, 0, 2, 0, 2, 0, 0, 1, 0 ],
        [ GF(3) | 0, 0, 0, 0, 0, 0, 0, 0, 1, 0, 0, 0, 0, 0, 0, 0, 2, 0, 0, 2, 0,
        0, 0, 2, 2, 1, 0, 1, 0, 2, 2, 2, 2, 2, 2, 2, 2, 2, 0, 2, 1, 2, 0, 2, 0, 
        0, 0, 0, 2, 0, 0, 2, 1, 0, 1, 2, 2, 1, 0, 0, 2, 0, 1, 0 ],
        [ GF(3) | 0, 0, 0, 0, 0, 0, 0, 0, 0, 1, 0, 0, 0, 0, 0, 0, 1, 0, 1, 1, 1,
        1, 0, 1, 2, 2, 0, 0, 1, 0, 2, 2, 2, 0, 1, 0, 0, 1, 1, 1, 1, 2, 0, 0, 0, 
        0, 1, 2, 0, 2, 2, 2, 2, 1, 2, 0, 1, 2, 1, 2, 2, 2, 0, 1 ],
        [ GF(3) | 0, 0, 0, 0, 0, 0, 0, 0, 0, 0, 1, 0, 0, 0, 0, 0, 1, 2, 1, 1, 2,
        1, 2, 1, 2, 2, 0, 0, 1, 0, 0, 1, 0, 1, 0, 0, 0, 2, 1, 1, 1, 0, 0, 1, 0, 
        0, 0, 2, 2, 0, 1, 1, 1, 1, 1, 0, 2, 2, 0, 1, 1, 1, 2, 0 ],
        [ GF(3) | 0, 0, 0, 0, 0, 0, 0, 0, 0, 0, 0, 1, 0, 0, 0, 0, 2, 2, 0, 1, 2,
        0, 0, 2, 0, 1, 2, 0, 1, 0, 2, 1, 0, 0, 2, 2, 0, 1, 1, 2, 0, 0, 0, 1, 0, 
        0, 0, 0, 1, 0, 2, 2, 1, 1, 1, 1, 1, 0, 2, 2, 1, 1, 2, 2 ],
        [ GF(3) | 0, 0, 0, 0, 0, 0, 0, 0, 0, 0, 0, 0, 1, 0, 0, 0, 2, 2, 2, 1, 1,
        1, 2, 1, 0, 1, 1, 2, 0, 0, 2, 0, 2, 1, 1, 0, 1, 2, 1, 0, 1, 2, 2, 2, 2, 
        0, 0, 0, 1, 2, 0, 1, 1, 1, 1, 0, 0, 2, 0, 0, 2, 1, 1, 2 ],
        [ GF(3) | 0, 0, 0, 0, 0, 0, 0, 0, 0, 0, 0, 0, 0, 1, 0, 0, 2, 0, 0, 0, 2,
        0, 2, 1, 0, 1, 1, 2, 1, 1, 2, 1, 1, 1, 2, 0, 0, 0, 0, 2, 1, 2, 1, 2, 0, 
        1, 0, 1, 0, 1, 1, 2, 1, 0, 2, 0, 0, 2, 0, 2, 2, 0, 2, 0 ],
        [ GF(3) | 0, 0, 0, 0, 0, 0, 0, 0, 0, 0, 0, 0, 0, 0, 1, 0, 0, 1, 1, 1, 1,
        1, 0, 0, 0, 2, 2, 1, 0, 2, 1, 1, 2, 2, 2, 2, 2, 0, 1, 1, 1, 1, 2, 0, 1, 
        1, 0, 1, 1, 1, 1, 1, 2, 2, 2, 1, 0, 2, 2, 1, 0, 0, 0, 1 ],
        [ GF(3) | 0, 0, 0, 0, 0, 0, 0, 0, 0, 0, 0, 0, 0, 0, 0, 1, 2, 0, 0, 1, 1,
        0, 0, 0, 2, 2, 2, 0, 1, 2, 0, 2, 0, 0, 0, 1, 0, 1, 2, 1, 1, 1, 2, 2, 2, 
        1, 2, 0, 2, 2, 2, 2, 2, 1, 2, 0, 1, 0, 1, 1, 0, 0, 0, 0 ]
    >,

    sub<VectorSpace(GF(3), 64) |
        [ GF(3) | 1, 0, 0, 0, 0, 0, 0, 0, 2, 0, 1, 0, 2, 2, 0, 1, 2, 2, 2, 0, 0,
        2, 2, 2, 0, 2, 0, 1, 2, 1, 2, 2, 0, 2, 0, 2, 2, 1, 0, 0, 1, 1, 0, 0, 2, 
        0, 0, 0, 0, 0, 2, 2, 2, 0, 0, 0, 2, 0, 2, 1, 1, 1, 2, 1 ],
        [ GF(3) | 0, 1, 0, 0, 0, 0, 1, 0, 2, 0, 1, 1, 2, 1, 0, 2, 0, 0, 2, 0, 2,
        0, 2, 2, 1, 2, 1, 1, 1, 1, 2, 1, 0, 2, 0, 1, 1, 0, 2, 0, 2, 0, 0, 0, 2, 
        2, 0, 1, 2, 2, 1, 1, 1, 2, 2, 2, 1, 1, 1, 2, 2, 0, 0, 1 ],
        [ GF(3) | 0, 0, 1, 0, 0, 0, 2, 0, 2, 0, 2, 0, 0, 1, 2, 0, 2, 0, 2, 0, 2,
        2, 2, 1, 1, 0, 0, 2, 1, 2, 2, 0, 1, 0, 0, 1, 0, 0, 0, 2, 0, 0, 2, 0, 1, 
        2, 0, 0, 2, 0, 1, 2, 1, 1, 1, 1, 1, 1, 2, 0, 1, 1, 0, 2 ],
        [ GF(3) | 0, 0, 0, 1, 0, 0, 0, 0, 1, 0, 2, 2, 0, 0, 2, 1, 1, 0, 0, 0, 2,
        0, 1, 0, 1, 2, 2, 1, 2, 0, 2, 2, 1, 0, 1, 2, 1, 1, 2, 1, 1, 1, 0, 1, 2, 
        2, 1, 2, 2, 2, 0, 2, 2, 1, 1, 2, 2, 2, 2, 2, 0, 0, 0, 2 ],
        [ GF(3) | 0, 0, 0, 0, 1, 0, 2, 0, 2, 0, 0, 0, 0, 0, 2, 1, 0, 2, 2, 1, 1,
        0, 0, 0, 0, 1, 1, 0, 2, 0, 0, 1, 1, 2, 1, 2, 1, 2, 2, 1, 0, 2, 1, 0, 2, 
        0, 0, 2, 0, 2, 1, 2, 1, 2, 1, 0, 0, 2, 2, 2, 2, 0, 2, 2 ],
        [ GF(3) | 0, 0, 0, 0, 0, 1, 2, 0, 2, 0, 1, 1, 2, 2, 1, 2, 1, 0, 1, 2, 2,
        0, 2, 1, 1, 1, 1, 1, 0, 0, 1, 0, 2, 1, 0, 2, 1, 0, 1, 1, 1, 1, 1, 0, 2, 
        0, 0, 1, 1, 2, 0, 2, 0, 2, 2, 0, 0, 2, 0, 0, 1, 2, 2, 2 ],
        [ GF(3) | 0, 0, 0, 0, 0, 0, 0, 1, 2, 0, 2, 1, 2, 2, 1, 0, 0, 0, 0, 1, 2,
        0, 0, 0, 2, 2, 2, 2, 1, 0, 2, 0, 1, 0, 1, 1, 0, 1, 1, 2, 1, 0, 1, 2, 1, 
        1, 2, 1, 2, 2, 0, 2, 2, 0, 0, 0, 1, 2, 1, 0, 2, 0, 2, 2 ],
        [ GF(3) | 0, 0, 0, 0, 0, 0, 0, 0, 0, 1, 1, 0, 2, 0, 2, 1, 1, 1, 0, 0, 1,
        2, 2, 1, 1, 0, 1, 0, 1, 1, 0, 1, 1, 1, 0, 1, 1, 1, 1, 2, 0, 1, 0, 1, 2, 
        2, 0, 2, 2, 1, 2, 2, 1, 2, 1, 2, 2, 1, 0, 0, 1, 1, 0, 0 ]
    >,

    sub<VectorSpace(GF(3), 64) |
        [ GF(3) | 1, 0, 0, 0, 0, 0, 0, 0, 2, 1, 1, 0, 0, 2, 2, 0, 0, 2, 2, 1, 2,
        0, 2, 1, 0, 0, 2, 0, 2, 2, 1, 2, 0, 2, 1, 0, 1, 2, 2, 1, 0, 1, 2, 1, 1, 
        2, 1, 0, 1, 1, 2, 2, 0, 1, 2, 0, 1, 1, 0, 2, 2, 2, 0, 2 ],
        [ GF(3) | 0, 1, 0, 0, 0, 0, 0, 0, 1, 0, 2, 2, 1, 2, 1, 2, 2, 0, 0, 0, 0,
        2, 0, 2, 2, 0, 0, 1, 1, 0, 1, 0, 1, 2, 0, 0, 1, 0, 0, 1, 0, 2, 1, 0, 2, 
        2, 1, 1, 2, 2, 0, 2, 0, 2, 2, 1, 2, 2, 2, 1, 2, 2, 2, 0 ],
        [ GF(3) | 0, 0, 1, 0, 0, 0, 0, 0, 0, 1, 1, 2, 2, 0, 2, 2, 1, 2, 0, 1, 1,
        1, 1, 0, 1, 0, 1, 0, 2, 2, 0, 2, 0, 1, 1, 0, 1, 0, 2, 2, 2, 2, 2, 2, 0, 
        0, 1, 1, 1, 2, 2, 1, 1, 0, 0, 1, 2, 2, 1, 2, 0, 1, 1, 0 ],
        [ GF(3) | 0, 0, 0, 1, 0, 0, 0, 0, 2, 2, 0, 1, 1, 2, 2, 2, 1, 0, 0, 0, 1,
        0, 1, 2, 1, 0, 2, 2, 2, 2, 1, 2, 1, 2, 2, 2, 1, 2, 2, 2, 1, 2, 2, 2, 2, 
        1, 2, 1, 2, 1, 0, 2, 0, 0, 1, 0, 0, 1, 0, 1, 0, 1, 0, 2 ],
        [ GF(3) | 0, 0, 0, 0, 1, 0, 0, 0, 2, 0, 1, 1, 2, 1, 1, 2, 2, 0, 2, 1, 2,
        2, 1, 1, 1, 2, 1, 1, 1, 0, 1, 1, 1, 2, 2, 1, 0, 1, 2, 1, 1, 0, 2, 2, 1, 
        2, 1, 1, 0, 1, 0, 1, 0, 1, 2, 0, 2, 1, 1, 1, 1, 2, 1, 0 ],
        [ GF(3) | 0, 0, 0, 0, 0, 1, 0, 0, 0, 0, 2, 2, 1, 2, 2, 0, 2, 0, 1, 0, 1,
        2, 1, 0, 1, 2, 0, 1, 0, 1, 2, 0, 1, 1, 0, 1, 2, 1, 0, 2, 2, 2, 2, 0, 0, 
        0, 1, 0, 0, 2, 0, 0, 0, 1, 0, 2, 1, 1, 0, 1, 1, 2, 0, 0 ],
        [ GF(3) | 0, 0, 0, 0, 0, 0, 1, 0, 2, 2, 2, 0, 0, 1, 0, 0, 1, 1, 1, 1, 1,
        1, 2, 0, 2, 1, 2, 2, 2, 0, 0, 1, 1, 1, 0, 1, 2, 1, 0, 0, 0, 1, 1, 0, 1, 
        0, 1, 0, 0, 1, 2, 0, 1, 2, 2, 2, 0, 1, 0, 1, 1, 0, 2, 0 ],
        [ GF(3) | 0, 0, 0, 0, 0, 0, 0, 1, 2, 2, 2, 0, 0, 1, 0, 0, 0, 0, 1, 2, 1,
        1, 2, 1, 0, 1, 0, 0, 2, 1, 2, 2, 0, 0, 2, 2, 2, 1, 2, 2, 0, 1, 2, 0, 2, 
        2, 1, 0, 2, 2, 1, 0, 1, 2, 1, 0, 2, 2, 1, 0, 0, 1, 2, 2 ]
    >,

    sub<VectorSpace(GF(3), 64) |
        [ GF(3) | 1, 0, 0, 0, 0, 0, 0, 0, 0, 2, 0, 1, 0, 1, 0, 1, 2, 0, 1, 2, 0,
        2, 2, 2, 0, 0, 1, 1, 0, 1, 0, 2, 0, 0, 2, 0, 2, 0, 0, 2, 2, 1, 2, 0, 1, 
        1, 2, 0, 1, 1, 1, 0, 1, 0, 2, 2, 2, 0, 2, 0, 1, 0, 1, 0 ],
        [ GF(3) | 0, 1, 0, 0, 0, 0, 0, 0, 0, 1, 1, 1, 2, 1, 0, 2, 2, 1, 2, 0, 2,
        1, 2, 0, 1, 2, 2, 1, 1, 1, 2, 0, 1, 0, 0, 2, 1, 2, 0, 0, 2, 1, 2, 1, 1, 
        2, 2, 2, 0, 0, 0, 0, 0, 0, 0, 0, 1, 0, 0, 1, 1, 2, 0, 1 ],
        [ GF(3) | 0, 0, 1, 0, 0, 0, 0, 0, 0, 1, 1, 2, 1, 2, 2, 0, 1, 1, 0, 1, 0,
        2, 2, 1, 2, 2, 2, 0, 0, 0, 0, 2, 1, 2, 1, 1, 0, 1, 1, 2, 2, 1, 0, 0, 0, 
        1, 2, 1, 0, 0, 1, 2, 2, 2, 2, 0, 2, 1, 2, 2, 1, 1, 2, 1 ],
        [ GF(3) | 0, 0, 0, 1, 0, 0, 0, 0, 0, 1, 0, 1, 1, 1, 0, 2, 0, 0, 2, 2, 0,
        0, 2, 0, 2, 0, 2, 1, 1, 0, 0, 1, 2, 2, 2, 0, 2, 2, 0, 2, 0, 0, 2, 1, 2, 
        2, 1, 1, 1, 1, 2, 2, 0, 2, 0, 2, 0, 2, 1, 0, 1, 1, 0, 0 ],
        [ GF(3) | 0, 0, 0, 0, 1, 0, 0, 0, 2, 1, 1, 2, 2, 1, 1, 0, 1, 0, 2, 1, 1,
        2, 1, 0, 1, 1, 2, 2, 2, 0, 2, 2, 2, 1, 2, 2, 0, 2, 0, 1, 0, 2, 0, 0, 1, 
        0, 1, 0, 0, 0, 2, 1, 2, 2, 1, 2, 1, 2, 1, 0, 0, 2, 0, 1 ],
        [ GF(3) | 0, 0, 0, 0, 0, 1, 0, 0, 2, 0, 2, 0, 0, 2, 1, 1, 1, 2, 1, 0, 0,
        0, 1, 2, 1, 0, 1, 0, 0, 1, 0, 1, 0, 1, 2, 1, 1, 1, 0, 0, 1, 0, 1, 0, 0, 
        2, 1, 0, 1, 1, 0, 1, 0, 0, 1, 2, 0, 2, 1, 1, 1, 1, 2, 2 ],
        [ GF(3) | 0, 0, 0, 0, 0, 0, 1, 0, 1, 0, 0, 1, 2, 1, 0, 2, 0, 2, 1, 1, 0,
        0, 2, 1, 1, 0, 1, 0, 2, 0, 0, 2, 1, 0, 1, 1, 0, 0, 2, 2, 2, 0, 1, 2, 2, 
        2, 0, 0, 0, 0, 0, 1, 0, 1, 0, 0, 0, 0, 1, 0, 0, 0, 0, 2 ],
        [ GF(3) | 0, 0, 0, 0, 0, 0, 0, 1, 1, 1, 1, 2, 0, 0, 2, 0, 2, 0, 0, 0, 2,
        0, 1, 0, 2, 0, 1, 2, 2, 0, 1, 2, 0, 0, 1, 0, 0, 2, 1, 0, 2, 2, 0, 0, 0, 
        0, 0, 2, 2, 2, 2, 0, 1, 1, 1, 2, 2, 2, 1, 1, 1, 0, 2, 1 ]
    >,

    sub<VectorSpace(GF(3), 64) |
        [ GF(3) | 1, 0, 0, 0, 1, 1, 0, 0, 0, 2, 0, 2, 1, 0, 1, 2, 2, 0, 1, 2, 1,
        1, 0, 0, 0, 2, 1, 1, 0, 1, 1, 2, 2, 0, 2, 2, 1, 1, 0, 0, 0, 1, 2, 0, 0, 
        2, 1, 1, 2, 1, 0, 2, 1, 1, 2, 1, 2, 2, 2, 1, 2, 2, 0, 2 ],
        [ GF(3) | 0, 1, 0, 0, 2, 2, 1, 2, 2, 2, 0, 0, 1, 2, 1, 1, 1, 1, 2, 0, 0,
        1, 2, 0, 2, 1, 0, 0, 2, 0, 2, 0, 0, 1, 0, 0, 2, 1, 2, 0, 2, 2, 2, 0, 0, 
        2, 1, 1, 1, 2, 0, 2, 1, 1, 0, 0, 2, 2, 2, 2, 0, 1, 2, 0 ],
        [ GF(3) | 0, 0, 1, 0, 1, 0, 1, 0, 0, 2, 2, 1, 1, 2, 2, 2, 1, 0, 0, 2, 1,
        0, 2, 1, 1, 0, 2, 2, 1, 1, 2, 1, 0, 1, 1, 0, 0, 0, 2, 2, 2, 2, 0, 0, 2, 
        0, 2, 0, 2, 2, 2, 1, 0, 1, 1, 1, 1, 0, 2, 0, 0, 0, 1, 0 ],
        [ GF(3) | 0, 0, 0, 1, 2, 0, 0, 0, 0, 2, 0, 0, 2, 2, 2, 0, 1, 1, 0, 0, 2,
        1, 1, 0, 0, 0, 2, 2, 2, 1, 2, 2, 2, 0, 1, 2, 2, 0, 0, 2, 0, 2, 2, 1, 2, 
        0, 1, 0, 1, 0, 1, 1, 1, 1, 2, 1, 1, 1, 1, 1, 0, 0, 0, 0 ]
    >,

    sub<VectorSpace(GF(3), 64) |
        [ GF(3) | 1, 0, 0, 0, 0, 0, 0, 0, 0, 0, 0, 0, 0, 0, 0, 0, 0, 0, 0, 0, 0,
        0, 0, 0, 0, 0, 0, 0, 0, 0, 0, 0, 0, 0, 0, 0, 0, 0, 0, 0, 0, 0, 0, 0, 0, 
        0, 0, 0, 0, 0, 0, 0, 0, 0, 0, 0, 0, 0, 0, 0, 0, 0, 0, 0 ]
    >,

    VectorSpace(GF(3), 64) ! [ GF(3) | 0, 0, 0, 0, 0, 0, 0, 0, 0, 0, 0, 0, 0, 0,
    0, 0, 0, 0, 0, 0, 0, 0, 0, 0, 0, 0, 0, 0, 0, 0, 0, 0, 0, 0, 0, 0, 0, 0, 0, 
    0, 0, 0, 0, 0, 0, 0, 0, 0, 0, 0, 0, 0, 0, 0, 0, 0, 0, 0, 0, 0, 0, 0, 0, 1 ]
>;
G`Order := Factorial(15);
RandomSchreier(G);
return G;
