PermutationGroup<102|
\[48,70,23,100,62,30,98,10,47,8,55,82,33,89,78,81,93,69,
45,57,60,49,3,56,83,28,91,26,40,6,76,38,13,68,90,96,46,
32,80,29,94,102,71,97,19,37,9,1,22,50,66,85,86,79,11,24,
20,99,84,21,75,5,77,65,64,51,95,34,18,2,43,87,74,73,61,
31,63,15,54,39,16,12,25,59,52,53,72,88,14,35,27,101,17,41,
67,36,44,7,58,4,92,42],
\[70,96,22,19,49,98,37,4,6,42,35,14,31,69,84,71,91,34,8,
58,7,53,24,88,29,54,65,94,46,50,59,63,15,44,55,80,21,85,
56,102,51,101,75,18,38,25,40,78,95,74,67,1,3,72,11,60,90,
87,13,39,62,99,82,48,100,81,41,2,12,52,73,26,16,30,86,89,
66,64,76,92,77,32,17,33,45,43,20,23,79,93,83,36,57,97,5,
68,28,9,61,27,10,47]>
