PermutationGroup<122|
\[6,68,76,31,72,1,51,105,43,34,114,81,56,57,79,91,106,94,
63,40,29,73,104,110,97,100,61,37,21,50,4,122,42,10,96,60,
28,70,66,20,49,33,9,92,95,82,88,119,41,30,7,98,86,101,113,
13,14,111,78,36,27,87,19,69,120,39,116,2,64,38,71,5,22,85,
115,3,117,59,15,108,12,46,93,112,74,53,62,47,90,89,16,44,
83,18,45,35,25,52,109,26,54,103,102,23,8,17,118,80,99,24,
58,84,55,11,75,67,77,107,48,65,121,32],
\[61,79,78,87,4,114,105,119,90,10,80,113,51,85,75,42,50,
34,54,23,100,57,112,97,63,59,9,19,83,115,121,3,6,60,25,99,
88,82,106,36,13,58,84,120,107,29,30,22,108,81,41,109,56,28,
103,86,48,16,117,18,76,12,35,14,104,66,49,2,96,43,111,71,
44,8,122,1,45,32,68,94,17,116,46,70,64,53,5,92,24,27,31,
37,69,11,21,93,89,55,40,95,52,7,98,118,102,110,77,67,101,
39,72,20,62,33,47,38,26,65,74,73,91,15]>
