//Standard generators of L2(32) are a, b where a has order 2,
//b has order 3 and ab is in class 31A/B/C/D/E.
//Alternatively: a has order 2, b has order 3, ab has order 31
//and ababb has order 11.
_LR := rec < recformat< F: GrpFP, AI: SeqEnum, G: GrpMat > |
      F := FreeGroup(2) >;
        _LR`AI:=[[a,b*a*b*a*b*a*b*a*b*a*b^-1*a*b^-1*a*b^-1*a*b^-1]]
             where a is (_LR`F).1 where b is (_LR`F).2;
//irreducible fixed by auto
_LR`G := sub<GL(31,Integers()) |
\[ 1,1,0,1,0,-1,0,-1,0,0,0,-1,0,0,0,-1,0,0,-1,0,0,0,0,
0,-1,1,-1,0,-1,0,1,0,0,0,0,0,-1,1,1,0,1,0,1,1,0,0,0,
0,0,1,0,0,0,0,-1,1,0,1,-1,0,0,0,1,-1,-1,0,-1,1,0,1,1,
0,0,0,0,0,0,0,0,1,0,-1,0,0,0,-1,0,0,0,0,1,-1,-1,0,-1,
-1,0,0,0,1,1,1,0,0,1,0,1,1,0,-1,1,0,-1,0,0,-1,-1,1,0,
0,-1,0,0,0,-1,0,1,0,0,-1,1,0,-1,0,-1,1,1,-2,0,0,0,0,
0,0,1,-2,0,1,-1,-1,0,1,0,-1,0,0,-1,-1,1,0,0,1,1,1,-1,
0,0,0,1,1,0,0,1,-1,0,1,0,-1,-1,1,1,0,-1,0,0,0,1,0,0,
0,0,0,0,0,0,0,0,-2,-1,0,0,-1,0,1,-1,-1,0,0,-1,-1,0,1,
-1,0,0,0,0,-1,0,0,0,0,1,0,0,0,-1,1,1,0,1,1,1,0,0,1,
1,1,1,0,0,0,0,1,0,1,0,0,1,0,0,0,-1,0,-1,0,0,1,0,0,0,
0,-1,0,0,0,0,-1,-1,0,1,0,0,0,0,0,0,0,-1,0,-1,-1,0,1,
1,0,0,1,-1,1,1,-1,3,2,1,-1,1,0,0,0,2,-1,-1,1,0,-1,-1,
0,0,1,0,0,1,0,0,-1,0,0,-1,0,-1,-1,0,-1,0,0,1,1,-2,-1,
1,-1,-1,0,0,1,0,0,0,0,-1,1,0,0,0,-1,-1,0,0,0,1,0,1,1,
-1,-1,0,-1,0,1,0,-1,0,1,0,-1,-1,0,0,0,-1,0,-1,0,1,0,1,
0,0,0,-1,-1,0,0,0,0,1,1,1,0,0,1,2,0,-1,0,0,0,1,0,1,
0,0,0,-1,1,-1,1,1,0,0,0,0,0,0,0,0,1,1,0,1,1,0,1,1,
-1,-1,0,-1,0,0,2,-1,0,0,0,-1,0,0,1,-1,0,0,-1,1,0,-1,1,
1,0,0,-1,0,0,-1,1,0,0,0,0,-1,1,-1,0,1,0,1,-1,1,0,-1,
0,0,1,0,1,-1,-1,2,0,0,0,0,-2,0,0,0,0,0,1,2,0,-1,-1,2,
0,1,1,1,-1,-1,-1,-2,-1,-1,1,1,-2,-1,0,-1,0,0,0,-1,-1,
-1,1,0,0,0,1,0,0,0,1,-1,-1,1,0,0,0,-1,0,0,-1,0,1,0,
-1,0,0,0,0,-1,-1,0,0,0,0,1,0,1,0,0,-1,1,0,0,2,0,0,0,
-1,-1,-1,0,1,1,-1,-1,1,-1,0,0,-1,-1,0,-1,1,1,1,0,1,0,
0,-1,2,0,0,-1,-1,-1,0,1,0,0,0,0,1,2,0,1,1,1,-1,0,1,0,
-1,2,0,-1,0,-1,-1,0,0,-1,1,0,1,0,1,1,1,0,-1,1,0,-1,-1,
1,0,-1,-1,1,-1,0,1,0,0,1,1,0,1,0,0,-1,1,0,0,0,0,0,0,
1,0,0,0,0,0,0,0,0,0,-1,0,0,1,0,0,0,0,0,0,0,0,0,0,0,
0,-1,1,0,0,0,1,0,0,0,-1,-1,-1,0,-2,-1,-1,1,-2,0,1,0,
-2,1,2,-1,0,0,2,-1,0,0,0,1,1,0,1,-1,-1,-1,-1,0,1,-1,
-2,2,1,0,0,1,-1,0,1,1,-1,0,0,1,0,-1,0,1,1,0,1,0,0,1,
-1,1,0,0,1,-1,0,0,0,0,-1,0,0,0,0,0,-1,0,0,0,0,0,-1,
-1,0,1,0,1,0,0,0,-1,0,0,0,0,1,1,-1,1,0,1,-1,0,0,1,0,
0,1,1,-1,-1,0,0,0,0,1,0,-1,0,1,0,0,1,1,0,-1,-1,0,0,
-1,1,-1,0,1,-1,-1,1,-2,-1,0,0,0,-1,0,0,-1,0,0,0,0,0,1,
0,1,0,0,0,0,1,0,0,1,0,-1,0,1,0,0,0,0,0,-1,-1,-1,0,0,
-1,1,0,0,1,-1,0,-1,0,0,-1,0,0,1,0,0,0,1,-1,0,2,1,0,0,
0,0,-1,-2,1,0,1,-1,1,0,1,-1,1,-1,0,-1,-1,0,-1,1,-1,0,
0,-1,0,0,-2,0,1,-1,1,1,1,-1,1,0,1,-1,1,0,0,1,0,1,0,
-1,0,0,0,-1,0,-1,-1,1,0,0,0,0,-1,1,1,-1,0,1,0,1,1,-1,
0,1,0 ],
\[ 0,0,-1,1,-1,0,0,0,0,-1,0,0,0,0,0,0,0,0,-1,0,0,0,0,
0,0,1,0,0,0,0,0,-1,-1,0,0,1,0,1,0,0,-1,0,2,0,1,2,1,
-1,1,0,0,1,0,-1,0,0,-1,-1,0,0,-1,1,0,0,-1,0,0,1,-1,0,
0,0,1,-1,-1,1,0,-1,0,-1,0,0,-1,1,0,0,1,1,0,-1,-1,1,0,
0,1,0,0,0,0,0,0,0,0,0,0,0,0,0,0,0,-1,0,1,0,0,1,1,0,
0,0,0,-1,0,0,0,0,-1,2,0,1,0,0,1,-2,0,0,1,1,1,0,1,0,
0,1,1,0,0,0,0,1,0,0,0,0,0,-1,0,-1,0,0,0,1,1,0,0,1,1,
-1,1,1,0,-1,0,0,-1,-1,0,0,0,1,0,-1,0,-1,0,0,0,0,-1,0,
-1,0,0,1,0,0,1,0,-2,1,0,0,-1,0,0,-1,-1,0,0,0,0,0,0,0,
0,0,0,-1,0,0,-1,0,-1,0,1,0,1,1,1,0,0,0,1,0,0,0,0,0,
0,0,0,1,-1,1,0,0,1,0,0,-1,1,-1,1,1,-1,-1,-1,0,-1,0,1,
-1,0,0,1,-1,0,0,0,1,-1,0,0,0,0,0,0,0,0,0,1,1,-1,0,-1,
1,0,0,2,0,0,0,-1,-1,0,-1,0,1,0,-1,0,1,0,0,-1,0,0,0,0,
0,0,-1,-1,1,0,1,0,0,0,-1,1,0,0,1,1,0,0,0,0,-1,0,1,-1,
-1,0,1,-1,0,0,0,0,0,0,-1,1,1,1,0,-1,0,-1,0,0,0,1,1,
-1,0,0,0,1,0,1,0,0,0,1,-1,-1,-1,0,1,0,0,0,0,0,-1,1,1,
1,1,1,1,0,1,0,1,-1,1,1,-1,0,0,0,-1,0,-1,0,0,1,0,0,0,
1,0,0,0,0,0,0,1,1,1,-1,-1,1,-1,0,-1,0,1,0,-1,0,1,0,0,
0,0,0,0,1,0,0,1,0,0,-1,-1,1,1,1,1,0,0,0,-1,-1,0,0,0,
0,0,0,-1,1,0,0,0,1,0,1,0,-1,0,-1,1,-1,0,0,0,0,-1,0,
-1,0,0,-1,0,0,0,0,-1,-1,0,0,-1,0,1,0,0,0,0,0,0,0,0,1,
-1,0,0,-1,-1,-1,0,0,-1,-1,0,0,0,0,0,-1,-1,0,1,-1,0,0,
1,0,0,0,1,0,0,-1,-1,1,-1,0,0,0,0,-1,0,1,1,0,0,0,0,0,
0,0,0,0,0,0,0,0,0,0,0,0,0,1,-1,1,-1,-1,0,-1,-1,-1,0,
-1,0,1,-2,-1,0,0,0,0,0,0,0,0,0,-1,-1,0,1,1,-1,0,-1,0,
0,0,0,0,0,0,0,0,0,0,0,0,0,0,0,0,0,1,0,0,0,0,1,0,1,
-1,0,1,0,1,0,1,-1,0,-1,0,0,-1,1,-1,0,1,-2,-1,0,0,0,0,
0,0,-1,0,0,-1,-1,0,1,0,-1,0,0,0,0,-1,0,-1,0,1,0,1,0,
1,0,0,0,1,0,0,0,0,0,0,0,0,0,-1,1,0,0,0,0,1,1,-1,1,
-1,0,0,1,1,0,0,-1,0,0,-1,-1,1,0,0,0,0,-1,1,0,0,1,1,0,
0,0,-1,0,-1,0,-1,0,-1,1,0,0,1,0,1,0,0,0,1,-1,1,0,-1,
0,1,-1,-1,0,-1,0,0,1,0,1,1,0,0,1,0,0,0,-1,0,-1,-1,0,
1,0,0,0,0,0,0,1,1,0,0,0,-1,0,0,0,0,-1,1,0,-1,-1,0,0,
1,0,0,0,0,0,0,0,0,0,-1,0,0,1,0,-1,1,0,-1,1,0,0,-1,0,
0,1,0,0,-2,2,-1,1,0,1,1,-1,1,0,0,1,0,0,0,-1,1,0,-1,0,
1,0,0,1,0,0,0,0,-1,0,1,-1,2,-1,0,0,0,1,-1,0,0,1,0,-1,
0,0,-1,1,2,0,-1,2,1,-1,0,1,0,0,0,0,-1,1,0,0,1,0,1,0,
1,0,0,0,-1,1,1,0,0,1,0,0,1,0,0,0,0,0,0,0,0,0,1,0,1,
0,0,-1,-1,0,0,0,0,0,0,0,-1,-1,0,0,0,-1,0,0,-1,1,1,-1,
0,0,1,0,0,-1,0,0,0,0,0,0,0,0,0,0,0,0,0,0,0,0,0,0,0,
-1,0,0,0,0,0,0,0,0,0,0,0 ] >;

return _LR;
