PermutationGroup<84|
\[2,1,5,6,3,4,9,10,7,8,14,15,17,11,12,21,13,23,24,26,
16,29,18,19,33,20,35,36,22,39,40,42,25,45,27,28,49,50,30,
31,53,32,54,55,34,52,58,60,37,38,64,46,41,43,44,68,69,47,
70,48,67,72,74,51,75,77,61,56,57,59,79,62,80,63,65,81,66,
83,71,73,76,84,78,82],
\[3,4,5,7,1,8,2,11,12,13,6,16,18,19,20,9,22,10,25,27,
28,30,31,32,14,34,15,37,38,17,41,43,44,46,47,48,21,51,40,
52,23,45,24,56,57,26,59,61,62,63,29,39,65,66,67,33,42,50,
35,71,36,73,58,74,76,78,72,70,60,75,69,55,49,79,68,53,82,
54,64,84,77,81,80,83]>
