_LR := rec < recformat< F: GrpFP, AI: SeqEnum, G: GrpMat > |
      F := FreeGroup(2) >;
_LR`AI := [ [ a, b^(a*b*a*b*b*a) ]]
                  where a is (_LR`F).1 where b is (_LR`F).2;
//three constituents permuted by automorphism

_LR`G := sub<GL(21,Integers()) |
\[ -1,0,0,0,0,0,0,0,0,1,-1,0,0,0,-1,0,0,0,0,-2,2,0,-1,
1,-1,-1,0,0,0,0,0,1,0,0,0,0,0,0,0,0,0,0,0,0,0,0,-1,
1,0,0,0,0,0,0,0,0,0,0,0,0,0,1,-1,0,-1,1,0,0,0,0,0,1,
0,-1,1,0,1,-1,0,0,0,0,-1,1,0,1,-2,1,0,1,0,0,-1,0,0,0,
0,-1,1,0,0,0,1,1,-2,0,1,-1,1,0,1,0,0,-1,0,0,0,0,-1,1,
0,0,0,1,0,-1,0,0,0,0,0,0,0,-1,0,0,0,0,0,1,0,0,0,-1,
-1,0,1,0,0,0,0,0,0,0,-1,0,0,0,0,0,0,0,0,0,0,0,-1,1,
0,-1,1,0,0,-1,0,0,0,0,0,1,0,1,-1,0,0,0,0,-1,1,0,0,0,
0,0,0,0,0,0,0,0,1,0,0,-1,0,0,0,1,-1,0,0,0,0,0,0,0,0,
0,0,0,0,1,0,0,0,0,0,0,1,-1,0,0,0,0,0,0,0,0,0,0,0,1,
0,0,-1,1,0,-1,1,0,1,-1,0,0,0,0,0,0,0,0,0,-1,1,0,0,0,
0,1,0,-1,0,0,1,0,0,0,0,0,0,0,0,0,-1,1,0,0,0,0,0,1,
-1,1,-1,0,0,0,0,0,0,0,0,0,0,-1,1,0,0,0,0,0,0,0,0,0,
0,0,0,0,0,0,0,-1,1,0,-1,1,0,1,-1,0,0,0,0,1,1,-1,0,0,
0,0,0,0,-1,1,0,-1,1,0,0,-1,1,0,-1,1,1,1,-2,0,0,0,0,0,
0,-1,1,0,-1,1,0,0,-1,1,0,0,0,1,0,-1,0,0,0,0,0,0,0,0,
0,0,0,0,0,1,-1,0,1,-1,0,-1,0,0,0,0,0,0,0,0,0,0,0,0,
0,0,0,0,0,0,0,0,0,-1,0,0,0,0,0,0,0,0,0,0,0,0,0,0,0,
0,0,0,0,-1,0 ],
\[ 0,0,-1,0,0,0,0,0,0,0,0,-1,0,-1,0,0,0,1,0,1,0,0,-1,
1,-1,0,-1,1,-1,1,1,-1,1,0,2,-2,0,0,0,-1,-2,3,0,-1,1,
-1,0,-1,0,0,1,0,0,1,0,1,-1,0,0,0,0,-1,1,1,0,0,0,0,0,    0,0,0,-1,1,1,1,-1,0,0,0,0,1,1,-1,0,0,0,0,0,0,-1,1,0,
-1,0,0,-1,-1,1,0,0,1,1,0,-2,0,0,0,0,0,0,-1,1,0,-1,1,
-1,0,-2,1,0,0,1,1,1,-1,0,0,0,0,0,0,0,0,-1,0,1,0,0,0,
1,1,0,-1,0,0,0,0,0,0,0,0,0,0,0,-1,0,1,-1,0,-1,1,0,0,
0,0,1,0,0,1,-1,0,0,1,0,0,0,0,0,0,1,-1,0,0,0,0,0,1,
-1,0,1,-1,0,0,1,0,0,0,0,0,0,0,-1,0,0,0,0,0,1,-1,0,0,
0,0,0,0,0,0,0,0,0,0,0,-1,0,0,0,1,0,0,0,0,-1,1,0,-1,
0,0,0,-1,0,1,0,0,0,0,0,0,0,0,0,0,0,0,0,0,0,0,0,-1,0,
0,0,-1,0,1,0,0,1,-1,-1,0,1,0,0,0,0,1,-1,0,0,1,0,-1,0,
0,1,-1,0,0,0,-1,-1,2,0,0,0,0,0,0,0,0,0,0,0,-1,0,1,0,
0,1,-1,-1,0,1,0,1,-1,0,0,0,0,0,0,0,0,0,0,0,0,0,0,0,
0,0,-1,0,0,0,0,-1,1,0,0,-1,-1,2,0,0,-1,1,0,0,0,1,1,
-2,0,0,0,0,0,0,0,0,0,0,0,0,0,0,0,0,0,1,0,0,0,0,1,-1,
0,1,0,0,0,1,0,-1,1,0,1,-1,0,0,-1,0,-1,1,0,0,0,0,0,0,
0,0,0,0,0,1,0,0,0,0,-1,0,0,0,0,0,0,0,0,0,0,0,0,0,0,
0,0,0,0,0,0,0,0,0,0,1 ] >;

return _LR;
