PermutationGroup<98|
\[77,85,13,94,43,89,53,62,52,91,35,40,3,90,36,66,37,21,
64,24,18,31,50,20,75,93,72,58,83,42,22,32,63,92,11,15,17,
84,82,12,68,30,5,45,44,47,46,86,61,23,79,9,7,74,76,80,97,
28,59,69,49,8,33,19,96,16,71,41,60,73,67,27,70,54,25,55,
1,88,51,56,98,39,29,38,2,48,95,78,6,14,10,34,26,4,87,65,
57,81],
\[82,17,50,61,59,26,64,48,63,93,81,6,11,27,34,5,75,65,83,
60,21,40,37,30,3,12,32,46,74,33,45,14,24,53,38,41,89,44,
80,76,54,62,18,35,77,90,47,96,19,25,66,9,15,36,85,42,55,
97,16,70,78,56,52,88,43,91,94,79,10,20,87,1,58,86,2,22,
31,4,95,92,13,72,49,67,57,29,98,7,23,28,51,39,69,84,68,8,
73,71]>
