_LR := rec < recformat< F: GrpFP, AI: SeqEnum, G: GrpMat > |
      F := FreeGroup(2) >;
//Standard generators of L3(4) are a and b where a has order 2, b has
//order 4, ab has order 7 and abb has order 5.
_LR`AI := [ [ a, b^2*a*b^2*a*b^-1*a*b^-1*a*b*a*b^2*a*b^2 ],
       //L34.2_12_3 = field - order 2
            [ a, b^-1*a*b^2*a*b^-1*a*b^2*a*b*a*b^2*a*b^-1],
       //L34.3 = diagonal - order 3
            [ a, b^-1 ] ]
       //L34.2_3 = duality  - order 2
                  where a is (_LR`F).1 where b is (_LR`F).2;

//two constituents, fixed by AI[1],AI[2], interchanged by AI[3].
_LR`G := sub<GL(90,Integers()) |
\[ -1,0,0,0,0,0,0,0,0,0,0,0,0,0,0,0,0,0,0,0,0,0,0,0,
0,0,0,0,0,0,0,0,0,0,0,0,0,0,0,0,0,0,0,0,0,0,0,0,0,
0,0,0,0,0,0,0,0,0,0,0,0,0,0,0,0,0,0,0,0,0,0,0,0,0,
0,0,0,0,0,0,0,0,0,0,0,0,0,0,0,0,-1,-1,1,1,0,0,0,1,1,
1,0,-1,0,0,-1,0,0,0,0,1,0,0,0,1,0,-1,0,1,0,0,0,0,-1,
1,1,-1,0,-1,0,-1,0,0,0,0,-1,0,0,0,0,1,0,-1,0,0,0,-1,
0,0,0,0,0,0,0,-1,0,0,0,0,0,0,0,0,0,0,0,-1,-1,0,0,0,
0,0,0,0,0,0,0,0,0,0,-1,1,0,-1,0,-1,0,1,0,0,-1,-1,-1,
0,-1,-2,1,0,0,1,1,1,0,1,0,0,0,1,0,0,0,0,0,2,2,0,0,0,
0,0,-1,0,0,0,0,1,-1,0,0,0,0,0,0,0,0,-1,0,0,0,0,0,0,
0,0,-1,0,0,0,0,0,0,0,0,0,0,-1,0,0,0,0,0,0,0,0,0,0,0,
0,0,0,-1,0,0,-1,-2,-2,0,1,1,0,1,-1,0,0,0,-2,1,0,0,1,
-1,1,1,0,0,0,0,1,-1,0,0,0,0,2,2,0,0,0,0,0,-2,0,0,0,
0,1,-1,0,0,0,0,0,0,0,0,-2,0,0,0,0,0,0,0,0,-1,0,0,0,
0,0,0,-1,-1,0,0,-1,0,0,0,0,-1,0,0,0,0,-1,1,0,0,0,1,1,
-1,1,2,0,0,-1,-2,1,-1,0,0,0,0,1,0,0,1,-1,1,-1,-1,0,0,
0,0,0,1,0,-1,0,0,0,0,0,0,0,0,0,2,0,0,0,0,0,1,1,0,0,
0,0,0,0,0,1,0,0,0,0,0,0,0,0,0,0,0,0,0,1,0,0,1,0,0,
0,0,0,0,0,1,0,0,0,0,1,-1,0,0,0,0,0,1,1,1,0,0,-2,1,1,
-3,0,-1,0,-1,1,-1,-2,0,1,0,-2,0,1,1,0,0,3,-1,1,-2,0,
-1,0,0,0,0,-2,0,-1,0,0,0,0,0,0,0,0,0,-1,0,0,0,0,0,0,
1,-1,1,0,0,0,1,-1,0,0,0,0,0,1,-1,-1,0,0,0,-1,-1,0,0,
0,2,1,-1,0,0,0,-1,0,0,0,0,-1,0,1,0,2,0,0,1,0,0,1,-1,
0,0,2,-1,0,0,0,0,-1,-1,0,0,0,0,-1,0,-1,1,0,0,-1,-2,0,
0,0,0,0,1,0,0,0,0,-1,0,-1,0,0,0,0,0,0,1,0,0,0,0,0,0,
0,0,0,1,0,1,0,0,0,0,1,0,0,-1,0,0,0,0,0,0,0,0,0,0,0,
0,0,0,0,0,1,2,-1,0,0,-1,-1,0,2,-2,-2,3,0,-1,-1,0,0,1,
1,1,1,-1,1,-1,-1,0,2,0,0,0,-1,-2,-1,1,0,0,0,0,0,1,0,
0,0,0,1,0,1,-1,0,0,-1,0,0,0,-1,1,-1,0,1,0,1,0,0,0,0,
0,0,0,0,1,0,1,1,1,-1,-1,0,0,1,0,0,0,0,0,0,0,0,0,0,1,
0,0,1,2,-1,1,-1,-1,-1,0,0,1,0,0,-1,0,0,-1,-1,0,-1,1,0,
0,0,0,-1,0,1,-1,-1,1,-1,0,0,-1,0,0,0,0,0,0,0,0,0,1,1,
0,1,0,0,0,0,-1,1,-1,1,0,0,0,0,0,0,0,0,-1,0,0,0,0,0,
0,0,0,1,1,0,0,0,0,0,0,0,0,1,0,0,0,0,0,1,0,0,0,1,1,
2,2,1,0,0,-2,0,0,0,1,-1,0,1,0,1,0,0,1,-1,0,0,0,-1,2,
1,0,3,-1,-1,0,-1,0,0,0,0,0,0,0,0,-1,-1,0,0,0,-1,0,0,
1,-1,0,0,0,0,0,0,0,0,0,0,1,0,0,0,0,1,0,0,-1,-1,0,0,
0,0,-1,0,0,0,-1,0,0,0,0,0,0,0,-1,1,2,0,1,1,-1,-1,0,1,
-1,0,0,0,0,0,0,-1,0,-1,0,0,0,0,0,-2,1,-1,0,0,1,1,0,0,
-1,0,0,0,1,0,0,0,0,-1,0,0,1,1,0,0,0,0,0,1,-1,1,0,0,
0,0,0,0,0,0,0,0,0,0,0,1,0,-1,-1,0,1,0,0,0,0,0,0,0,0,
1,0,0,0,0,2,1,1,-1,0,0,1,0,0,1,-1,0,1,0,0,-1,0,-1,-1,
0,0,0,1,0,1,0,0,1,-1,0,0,0,-1,0,-1,0,0,0,0,0,1,0,0,
0,1,0,0,0,0,-1,1,0,0,0,0,0,1,-1,0,0,0,0,1,0,0,0,0,0,
0,0,0,0,0,0,0,0,0,0,0,1,0,0,0,0,-1,0,0,0,0,0,2,1,-1,
-1,0,0,-1,0,-1,1,0,0,2,0,0,0,1,1,1,-2,0,0,1,0,-1,0,0,
0,1,0,1,-1,-1,-2,0,0,0,0,1,0,2,0,0,0,1,0,0,1,0,0,0,
0,0,0,0,1,1,0,0,1,0,1,0,0,0,0,0,0,0,0,1,0,0,0,1,0,
0,0,0,1,0,0,0,0,0,1,0,0,0,0,0,-1,2,0,-1,0,0,-1,1,0,
0,-1,1,0,0,0,1,1,1,0,0,0,-1,0,0,0,0,1,-1,1,0,0,0,-1,
1,0,1,0,0,0,0,0,0,0,0,1,0,0,0,-1,0,0,0,0,0,-1,0,0,0,
0,0,0,-1,0,0,0,0,0,0,0,1,0,0,1,0,0,0,0,0,0,0,0,0,0,
0,-1,1,0,0,0,0,0,-1,1,0,-1,0,0,0,-1,0,0,-1,0,0,-1,0,
-1,-1,1,-1,-1,1,0,1,0,0,0,0,0,0,0,1,0,0,0,-1,0,0,-1,
-1,0,0,0,0,0,0,0,0,1,0,0,0,0,0,0,0,0,0,0,1,0,0,0,0,
0,0,0,0,0,-1,0,0,0,0,0,0,0,0,0,0,0,0,0,0,0,0,0,0,0,
-1,0,0,-1,-1,1,-1,0,-1,1,0,0,1,0,0,0,-1,0,0,0,0,0,-1,
0,0,0,0,0,1,-1,-1,0,-1,-1,0,0,0,0,1,0,1,0,0,0,1,0,0,
0,0,0,0,0,0,0,0,1,1,-1,0,0,0,0,0,0,0,0,0,0,0,0,0,0,
1,0,1,0,-1,0,0,1,0,0,0,0,0,0,-1,0,0,0,0,0,0,-1,2,0,
0,0,-1,-1,-2,0,-1,0,-1,-1,-1,-1,0,1,1,0,0,1,-1,0,0,1,
0,1,0,-1,0,-1,0,1,0,1,-1,0,0,0,0,0,0,0,0,0,0,-1,0,0,
0,0,0,0,1,-1,0,0,0,0,1,0,0,0,0,0,0,0,0,0,0,0,0,0,0,
0,0,0,1,0,0,0,0,1,0,0,0,0,2,1,-1,1,0,0,0,0,-1,1,0,0,
-1,0,0,1,1,0,0,0,0,-1,0,0,1,0,0,0,0,0,0,1,0,-1,-2,-1,
0,-1,-1,0,1,0,0,0,0,0,1,1,-1,0,0,0,0,0,0,1,0,0,1,0,
0,0,-1,0,0,0,0,0,0,1,0,0,0,0,0,0,0,0,0,0,0,-1,0,0,
-1,0,-1,0,0,1,-1,0,0,0,0,1,0,0,1,0,0,0,-1,0,0,0,0,-1,
-1,0,0,0,0,0,1,0,0,1,0,0,0,0,0,2,0,0,0,-1,1,0,-1,0,
0,0,0,0,-1,-1,0,0,0,0,0,0,0,0,0,0,0,0,0,0,1,0,0,0,0,
0,0,-1,-1,0,0,0,0,0,0,0,0,0,0,1,0,0,0,0,0,0,0,-1,3,
2,-1,0,0,2,1,1,1,1,-1,0,-1,0,0,0,2,0,-1,-2,0,-1,2,0,
2,0,0,0,0,0,2,0,0,-1,-3,-1,0,-2,2,0,2,0,0,0,2,0,-1,0,
-1,0,0,0,0,0,0,2,1,0,1,1,0,1,-1,0,0,0,0,0,0,0,0,1,0,
0,0,0,0,0,0,1,0,0,0,0,-1,1,-1,0,0,0,-2,-2,0,0,0,1,1,
0,-1,-3,1,2,-2,0,0,0,-2,0,-1,0,-1,-1,-1,0,0,1,0,-2,0,
-1,-1,0,2,0,-1,1,-1,1,-1,0,-1,0,0,0,0,-1,0,-2,1,0,0,1,
0,0,0,1,-1,0,0,-1,0,-1,1,0,1,0,0,0,0,-1,-1,1,0,-1,-1,
1,1,0,0,0,0,0,0,0,0,0,0,0,0,0,-1,0,0,-1,0,0,-1,0,-2,
0,0,0,0,0,1,0,-1,-1,1,1,0,0,-2,-1,0,0,0,0,0,-1,-1,1,
0,1,0,1,0,1,-1,1,0,0,0,0,0,0,0,0,0,-1,0,0,0,0,0,0,0,
-1,0,0,0,0,0,1,0,0,0,0,0,0,0,0,1,0,0,0,0,0,0,0,0,0,
0,0,0,-1,0,0,0,0,0,-1,1,0,-2,-1,0,-2,2,-1,0,1,0,0,0,
0,0,1,-1,-1,-1,0,1,0,1,1,0,1,-1,1,-1,0,1,-1,0,0,1,0,
1,-1,-2,0,0,0,1,1,0,-1,1,-1,0,1,0,0,0,0,0,0,0,-1,0,
-1,0,-1,0,0,0,0,0,0,-1,-1,-1,0,1,1,0,0,0,0,1,1,-1,0,
1,-1,0,0,0,0,0,0,0,0,-1,-1,1,1,1,-1,2,0,0,0,1,-1,2,0,
-1,0,-1,1,1,-1,1,0,0,0,0,0,1,0,1,1,0,0,0,0,0,1,-1,0,
0,0,0,0,-1,0,1,0,0,0,0,0,0,0,-1,1,0,0,1,0,0,1,-1,0,
0,0,0,-1,0,0,-1,0,0,1,1,0,0,0,-1,0,0,0,0,0,1,0,0,-1,
0,1,-1,0,-1,1,-1,1,-1,1,1,0,0,0,0,0,0,0,1,0,0,1,0,0,
1,0,0,0,1,-1,0,1,-1,1,0,-1,0,-1,0,0,1,0,0,0,0,0,0,0,
0,0,0,0,0,0,0,1,1,0,0,0,0,0,0,0,0,0,0,0,0,0,0,0,1,
0,0,-1,-1,0,0,0,0,0,0,0,0,0,-1,0,0,0,4,2,0,0,0,-1,1,
1,-2,1,0,0,1,0,0,0,2,1,0,-1,0,0,0,0,1,0,0,-1,0,-1,0,
1,0,-1,-2,-1,0,0,-1,1,2,0,0,0,1,0,1,1,0,0,1,0,0,0,0,
1,0,0,1,0,0,0,-1,1,0,0,0,0,0,0,1,1,0,0,0,0,1,0,0,1,
-1,-1,0,0,-1,0,0,0,0,1,4,3,-1,0,1,-2,1,1,0,0,-1,0,2,
-1,0,-1,2,1,0,-1,0,1,2,0,0,0,0,-1,0,0,1,0,1,-1,-1,0,
0,1,0,1,0,0,0,0,1,0,0,1,0,0,0,0,0,1,0,0,0,0,1,1,0,
1,-1,1,-1,0,0,0,0,0,1,0,-1,0,0,0,1,0,0,0,-1,0,0,0,0,
0,1,0,0,1,1,1,0,0,2,-1,1,-1,0,0,-3,1,0,0,0,1,-1,-2,
-1,0,0,-1,0,0,0,0,0,1,0,0,-1,0,0,1,0,1,0,1,0,-1,0,0,
0,0,0,-1,0,0,1,0,1,0,0,0,0,0,0,-1,0,0,0,0,1,0,0,0,0,
0,0,0,-1,0,0,-1,0,0,0,0,0,0,1,1,-1,0,0,0,0,0,0,0,1,
-1,0,1,0,0,1,1,1,-2,1,1,-1,1,0,0,1,2,0,-2,-1,-1,2,0,
1,0,0,-2,0,0,2,0,1,-2,-2,-1,0,0,1,-1,0,0,0,0,1,0,0,
-1,0,1,0,0,0,0,0,1,0,1,0,0,0,0,-1,-1,1,0,0,0,0,0,0,
1,-1,0,0,1,1,0,0,0,0,0,0,0,0,0,0,0,0,1,0,0,1,0,-1,0,
-1,0,0,1,1,0,1,1,1,0,0,0,0,0,0,0,0,-1,1,0,0,0,0,-1,
0,1,-1,1,0,-1,0,-1,0,0,0,0,0,0,0,0,0,0,0,0,0,0,0,0,
0,1,0,1,0,0,0,0,0,0,0,0,0,0,0,0,0,0,0,0,0,0,0,0,0,
0,0,0,0,0,0,-1,0,0,0,0,1,0,-1,1,0,2,1,2,0,0,1,0,-1,
0,0,1,1,1,0,-1,0,-1,0,0,0,0,0,-2,1,-1,2,0,-1,0,0,-1,
0,-1,2,0,2,0,0,0,0,-1,-1,0,-1,2,0,0,0,0,0,0,0,1,0,1,
0,1,-1,0,0,0,0,0,0,0,1,1,0,0,-1,-1,0,0,0,0,-1,-1,1,0,
-1,1,0,0,0,0,-1,-2,2,-1,-1,0,0,-2,1,-1,0,2,0,0,1,2,-1,
0,0,0,-1,0,-2,-1,-2,0,0,-1,0,-1,1,0,1,0,0,1,0,2,-1,-1,
-1,0,0,0,-1,-1,0,-1,1,0,0,0,0,0,1,-1,-2,0,-1,0,0,0,0,
0,1,0,1,0,0,0,0,1,0,-1,0,1,1,0,0,0,0,0,-1,0,0,-1,1,
0,0,0,1,2,-1,-1,1,1,1,0,0,0,-3,-1,-1,0,-1,-2,1,-1,0,0,
1,-1,0,1,0,0,0,1,0,0,1,-1,0,0,0,1,-1,0,1,-1,1,0,0,0,
1,1,-1,0,-1,0,0,0,0,0,0,0,1,-1,0,1,0,1,0,0,0,0,0,0,
0,0,0,1,1,0,0,-1,0,0,0,1,0,0,0,0,-1,1,-1,0,0,0,2,1,
-1,0,0,-1,0,0,-1,0,1,0,1,0,1,-1,1,0,-1,-1,0,0,2,-1,1,
1,0,0,-1,1,-1,0,0,-1,-1,0,0,-1,0,2,0,0,0,0,1,0,0,1,0,
-1,0,1,0,0,-1,2,0,1,1,0,0,0,0,1,-1,0,-1,0,0,0,0,-1,
-1,0,0,1,1,0,0,0,0,0,0,0,0,0,0,0,0,0,-1,-1,1,1,-1,0,
0,-1,1,1,0,0,1,0,0,1,-1,0,0,0,-1,-1,0,0,0,0,0,0,0,0,
-1,0,-1,0,1,-1,0,-1,1,-1,0,0,0,0,0,0,0,0,0,1,0,0,0,0,
0,-1,0,0,0,0,0,0,0,-1,0,0,0,0,0,1,0,-1,0,0,0,-1,-1,0,
0,0,0,0,0,0,0,0,0,0,0,0,1,2,-1,-2,-1,0,-1,2,-2,0,1,
-1,0,0,0,-1,1,0,2,0,0,2,0,0,0,0,0,0,0,-1,1,1,-1,1,1,
0,0,0,-1,1,1,0,0,0,0,0,-1,1,0,-1,0,0,0,0,0,0,1,0,0,
1,0,1,-1,1,-1,0,-1,-1,0,0,1,0,0,0,0,-1,0,0,0,0,0,0,0,
0,0,-1,0,0,0,1,0,0,1,0,0,0,0,-1,1,0,0,-1,1,0,-1,0,0,
1,1,-1,0,1,1,1,0,0,0,1,0,1,0,-1,-1,-1,2,0,0,0,1,-1,0,
0,0,0,0,1,0,0,0,0,0,0,0,0,0,-1,1,0,-1,0,0,0,0,-1,0,
0,-1,-1,0,0,0,-1,0,1,1,0,-1,0,0,0,1,1,0,0,1,0,0,0,0,
0,-2,-1,2,0,0,-1,1,-1,2,0,-2,1,0,0,0,-1,-1,-1,-2,1,0,
0,0,0,0,0,0,1,0,0,-1,0,1,2,0,0,0,0,0,-1,-2,0,0,0,0,
0,0,-1,1,0,0,0,0,0,0,0,-1,0,0,-1,0,-1,1,-1,0,0,1,1,0,
0,-1,0,0,-1,0,0,0,0,0,0,0,0,-1,0,0,0,0,0,0,-1,0,0,0,
0,0,1,0,1,1,0,-1,0,-1,0,0,0,1,0,-1,0,1,0,0,0,0,0,0,
1,0,0,2,0,0,1,-1,0,1,0,1,0,0,0,0,0,0,0,-1,-1,0,0,0,
0,0,0,0,0,0,0,0,0,0,0,0,0,0,0,1,1,0,-1,0,1,0,0,0,0,
0,0,0,0,0,0,0,0,0,0,0,0,0,-1,1,0,0,1,0,0,1,0,2,0,0,
0,0,0,-1,0,1,1,-1,-1,0,-1,2,1,0,0,0,0,0,1,1,-1,0,-1,
0,-1,0,-1,1,-2,0,0,0,0,0,0,0,0,0,1,0,0,0,0,0,0,0,1,
0,0,0,0,0,-1,0,0,0,0,0,0,0,0,-1,0,0,0,0,0,0,0,0,0,0,
0,0,1,0,0,0,0,2,1,0,0,0,-1,1,-1,0,-1,0,0,1,0,1,-2,1,
1,-1,-2,0,0,2,-1,1,1,0,-1,-1,1,0,0,2,0,0,0,0,0,1,0,
-1,0,0,0,1,1,0,0,0,0,0,1,0,0,-1,1,-1,1,0,0,0,0,-1,0,
0,0,-1,0,0,0,0,0,0,0,0,1,1,0,0,0,0,0,0,0,0,0,0,0,0,
0,-1,-1,0,-1,-1,-2,0,1,-2,-2,4,1,0,0,1,-1,0,1,-1,1,-2,
2,0,-1,-1,0,0,-3,0,-1,-1,1,2,0,-1,0,-1,1,-3,2,-2,0,0,
1,0,-1,1,0,1,0,0,0,0,0,0,1,-2,1,0,-1,0,-1,0,1,0,0,-1,
0,0,-1,0,0,-1,-1,0,2,2,0,0,0,-2,-1,0,0,0,-1,1,0,0,1,
2,2,-2,-1,1,-2,1,1,1,-1,-1,-1,-1,0,0,-1,2,0,0,-1,0,1,
2,0,0,0,0,0,-1,1,2,-1,1,0,1,1,0,1,1,0,-1,0,0,0,1,1,
-1,1,0,0,0,0,0,0,0,-1,0,0,0,1,0,1,-1,1,-1,0,-1,-1,0,
0,0,0,-1,0,0,0,1,0,0,0,0,1,0,1,0,0,1,0,0,1,-1,-1,1,
-1,-1,0,-1,-1,-2,0,1,0,3,0,0,-1,0,2,2,-1,-1,1,-1,0,-2,
0,0,-1,1,-1,0,0,0,-1,1,0,0,1,0,0,1,1,0,0,0,0,1,0,0,
0,0,0,0,0,0,0,0,0,-1,0,0,0,0,-1,1,0,0,1,0,0,1,0,1,0,
1,0,0,0,0,1,-1,-1,0,0,0,0,0,0,0,0,-1,0,0,-1,2,-1,1,0,
0,-1,-1,1,-1,0,1,0,-2,-3,-1,1,-1,0,0,-1,0,0,0,-1,0,0,
-2,0,1,2,1,1,-1,0,-1,1,-2,0,0,0,0,-1,-1,0,1,0,0,0,0,
0,0,0,-1,0,1,0,0,0,1,1,-1,0,-1,-1,0,0,-1,-1,-1,-1,-1,
0,1,0,0,-1,0,1,0,0,0,0,1,0,0,0,1,1,0,0,-1,0,0,0,0,1,
1,0,1,0,0,0,1,1,-1,-1,0,0,1,0,1,0,0,0,0,0,0,0,0,-1,
-1,-1,0,-1,1,0,1,0,0,0,1,0,0,0,0,0,0,0,0,0,0,1,0,0,
0,0,0,0,0,0,0,0,0,0,0,0,0,0,0,0,1,1,0,0,0,1,0,0,0,
0,0,0,-1,0,0,0,2,-1,1,2,2,1,1,-2,0,0,-1,0,1,0,0,1,0,
0,-1,-1,0,-2,0,0,0,1,0,-1,-1,1,-1,0,0,-2,-1,0,0,-1,0,
0,1,0,0,0,0,-1,0,0,0,0,0,0,0,0,-1,2,-1,1,1,0,0,0,0,
0,0,0,-1,0,1,0,0,0,0,0,0,1,1,0,0,0,1,0,0,0,0,0,0,0,
0,0,-1,0,1,-1,-1,0,-1,0,1,0,-1,0,-1,0,-1,0,-1,0,0,2,1,
0,-1,1,0,-1,0,2,0,0,0,-1,-1,-1,0,0,0,0,0,0,-1,0,0,0,
0,1,0,0,-1,0,0,0,0,0,1,-2,1,-1,0,0,0,0,0,0,0,0,1,0,
-1,0,0,0,0,1,0,-1,-1,0,0,0,0,0,0,0,0,0,0,0,0,0,-2,-1,
1,1,1,2,0,0,-1,0,0,1,-2,0,-1,2,-2,-1,-1,1,1,-1,-2,1,1,
0,0,0,0,0,-2,1,0,1,-1,-1,0,-2,-1,1,0,0,0,0,-1,-1,0,-1,
0,0,0,0,0,0,0,1,-1,0,1,-1,0,-1,1,0,0,0,0,0,0,0,-1,0,
0,0,-1,0,0,0,0,-1,1,0,0,0,0,0,-1,0,0,0,0,0,0,0,2,0,
0,-1,-1,-1,0,1,-1,0,0,1,-1,-2,-1,1,0,0,-1,0,0,0,0,1,0,
0,-1,0,0,1,0,1,-1,0,-2,0,-1,0,0,0,-1,-1,0,0,1,-1,0,0,
0,0,0,1,-1,0,0,0,0,0,2,1,0,0,-1,-1,0,-1,-1,0,0,-1,0,
1,1,0,0,0,1,1,-1,0,0,0,0,0,0,0,3,3,-2,1,2,1,2,1,-1,
0,-2,-1,-1,0,0,0,1,-2,0,-1,0,-3,1,0,2,0,0,0,0,0,0,0,
-1,0,-1,0,-1,-2,2,1,3,0,0,0,1,-1,-1,2,-2,1,0,0,0,0,-1,
1,1,0,1,2,0,2,-1,1,-1,0,-1,0,0,1,0,0,0,0,-1,-1,0,0,0,
0,0,0,1,0,-1,1,-1,0,0,0,-1,0,0,0,1,1,-1,-2,1,0,-1,-1,
1,0,0,-1,0,1,1,-1,2,0,0,0,-1,0,0,1,0,1,1,-2,0,0,2,1,
0,0,2,0,0,0,0,0,0,1,-1,0,-1,0,-1,0,0,0,0,0,0,1,-1,1,
0,1,0,0,0,0,0,0,0,0,0,0,1,1,0,0,0,0,0,0,1,1,0,0,1,
1,0,0,0,-1,-3,-4,3,1,-2,2,-2,-1,1,2,2,-1,3,0,0,0,-2,1,
-1,1,0,0,0,0,0,-1,0,1,-2,0,0,-1,-2,-3,-2,-1,0,-1,0,1,
0,0,0,0,0,0,0,-1,-1,0,0,-1,1,0,0,0,0,0,0,0,0,0,0,0,
1,0,0,0,0,0,0,0,1,1,0,0,-1,0,0,1,0,0,0,0,0,-1,0,0,0,
0,2,2,0,0,1,1,0,-1,0,-1,0,-1,0,0,1,1,0,-2,1,-1,-1,-1,
1,-1,2,0,1,-1,0,2,-1,1,0,0,1,-1,0,-2,2,0,0,0,0,0,0,0,
0,1,-1,1,0,0,0,0,-1,0,1,0,0,1,0,1,-1,0,0,0,-2,-1,-1,
0,0,-1,0,1,0,0,-1,0,0,-1,0,1,1,0,0,0,0,0,0,0,2,1,0,
0,-2,-2,-2,-2,1,1,0,0,3,0,0,0,1,1,-1,0,1,1,1,0,0,1,0,
3,-1,1,0,-1,-1,-1,1,0,1,0,0,0,-1,0,0,0,0,1,0,1,1,-1,
0,1,0,0,0,0,0,1,0,0,0,0,1,1,-1,0,1,0,0,-1,0,-1,-1,0,
1,0,0,0,0,0,1,1,-1,0,2,-1,1,0,0,-1,0,1,-2,0,-1,-1,0,
1,-1,0,1,-1,0,0,0,-1,1,0,-1,1,0,1,0,0,0,0,0,0,0,0,0,
0,1,0,-1,0,0,1,-1,1,0,0,0,0,0,0,0,1,0,0,0,0,0,0,0,0,
0,0,0,0,0,0,-1,1,-1,0,0,0,0,0,0,0,0,0,0,0,0,0,0,0,
-1,-1,0,0,0,0,0,0,0,0,0,0,-1,0,1,1,0,1,-1,1,1,1,-1,0,
0,1,0,-1,0,0,0,-1,0,0,0,0,0,0,1,-1,0,0,-2,1,0,0,-1,
-1,0,0,1,0,0,0,0,-1,0,0,0,0,0,0,0,0,0,1,0,0,0,0,0,0,
2,0,0,0,0,0,0,0,0,0,0,-1,0,0,0,0,0,1,0,0,0,0,-1,1,
-1,0,0,0,0,2,2,-2,1,2,0,-1,1,2,-4,-1,1,0,0,0,-1,-2,1,
0,2,0,-1,0,0,0,0,2,0,0,0,0,-2,2,1,1,0,-1,1,0,1,0,0,
0,0,0,-1,0,-1,-1,0,0,0,0,0,0,1,-1,0,1,0,1,1,0,0,0,0,
0,0,0,0,0,1,0,0,-1,-1,0,0,0,1,1,0,0,0,0,-1,0,0,-1,-1,
-3,3,2,1,2,1,-1,0,-1,-1,2,1,0,1,2,-3,0,-1,-1,0,-3,-1,
-1,0,1,0,-1,0,-1,-1,0,-2,0,0,0,0,-1,2,0,1,0,0,0,0,-2,
0,-1,0,1,0,1,0,0,-1,1,-1,1,0,0,0,0,1,-1,1,0,0,1,0,0,
0,0,0,-1,-1,0,0,0,0,0,1,0,0,0,0,0,0,0,0,-1,-1,-1,1,0,
1,0,1,0,-3,-2,1,1,0,0,0,0,-2,0,0,0,0,-1,-1,0,0,0,0,
-2,0,0,-2,0,0,0,0,0,-1,0,0,2,0,0,0,0,0,-1,0,0,-1,1,0,
0,0,0,-1,1,-1,0,0,0,0,0,1,1,0,1,-1,0,0,0,-1,-1,0,0,0,
1,1,0,0,0,0,0,1,0,0,0,0,0,0,0,0,0,0,0,1,-1,1,0,0,0,
0,0,0,0,1,0,0,0,0,0,0,0,0,0,0,0,0,0,0,0,-1,0,1,0,0,
1,0,1,-1,0,0,0,0,0,0,0,1,0,1,-1,0,0,0,0,0,0,0,0,0,
-1,0,-1,0,0,0,0,0,0,0,0,0,0,0,0,0,1,0,0,0,0,0,0,0,0,
0,0,0,0,0,0,-1,0,2,1,0,2,0,-2,2,3,-2,0,1,0,0,1,-1,-1,
-1,1,1,0,-2,0,1,0,0,1,-1,-1,-1,1,0,0,-2,0,0,-1,-2,0,1,
0,0,0,0,0,0,-1,1,-2,0,0,0,0,1,1,-1,0,1,-1,0,-1,0,0,0,
-1,1,0,1,1,0,1,1,0,-1,0,0,0,0,0,1,0,-1,0,0,-1,-1,0,0,
0,-2,-1,1,0,1,1,0,-1,0,-1,-3,0,-1,0,-1,-1,-3,-2,-1,2,1,
-1,-1,1,-1,0,0,1,0,0,0,-1,-1,0,1,1,-1,1,0,-2,-1,0,0,0,
-1,0,0,-1,-1,1,0,0,0,0,0,-1,1,-1,-1,0,0,0,1,-1,1,0,0,
0,0,0,-1,0,1,0,0,-1,-1,0,0,0,1,0,0,0,0,0,-1,0,0,0,3,
2,-2,0,1,-2,0,-1,-2,-1,0,-1,-1,0,1,-1,3,-1,0,-1,0,0,1,
-1,1,2,0,0,-1,2,-1,1,2,1,0,0,0,-1,-1,2,-1,0,0,0,0,1,
0,1,0,-1,0,1,0,0,-1,1,-1,1,1,0,0,0,0,1,-1,0,-1,0,0,0,
0,-1,-1,0,0,1,2,0,0,-1,0,0,0,0,0,0,0,0,0,0,1,1,0,0,
1,0,1,1,0,-1,-1,0,-1,0,0,0,0,-1,0,0,0,0,1,0,1,0,0,0,
0,1,0,0,1,0,-2,-1,0,-1,-1,1,0,0,0,0,0,0,0,0,0,0,0,0,
0,0,0,0,0,0,1,0,0,0,0,0,0,0,0,0,-1,0,0,0,-1,0,-1,0,
0,0,0,-1,0,0,0,0,0,1,0,0,0,0,2,1,-1,0,1,-2,0,0,0,1,
-1,1,2,0,0,1,-1,0,1,-1,-1,0,2,0,-1,-1,0,0,1,0,0,0,-1,
0,2,0,0,1,1,-2,1,0,0,0,0,-1,1,1,1,1,0,-1,0,0,0,0,1,
0,-1,1,0,0,0,-1,0,0,0,0,0,1,0,-1,0,-1,1,-1,-1,0,0,0,
1,1,-1,0,1,0,0,0,0,1,-3,-1,1,-1,-1,-1,-2,-1,0,1,1,-1,
1,0,0,1,0,2,3,1,1,2,-3,0,-2,-1,0,1,0,0,-1,0,0,0,2,1,
1,1,-2,2,-1,0,0,0,-1,1,0,1,0,-2,-1,0,0,0,1,-2,-1,0,0,
0,0,0,-1,1,-1,0,0,0,0,1,1,-1,0,1,0,0,0,0,0,-1,0,0,0,
0,1,-1,1,0,0,0,0,1,-1,1,0,1,-1,1,-1,1,0,0,-1,0,0,0,0,
-1,0,1,1,-1,-1,0,2,0,0,0,0,-1,-1,1,0,1,-1,-1,-1,-2,0,
1,1,0,0,0,0,0,0,0,0,0,0,0,0,0,0,1,0,0,1,0,0,0,0,1,
0,0,1,0,0,0,0,1,1,0,-1,-1,0,0,0,0,0,0,0,0,0,0,-1,0,
0,0,0,0,0,0,0,0,-1,-1,1,0,-1,0,1,0,-1,0,0,1,-1,0,1,0,
1,1,0,0,0,1,0,1,0,-1,0,-2,0,0,0,0,0,-1,-1,0,0,0,0,0,
0,-1,0,0,0,0,0,0,0,1,0,0,0,0,0,0,1,0,0,0,0,0,0,-1,
-1,0,0,0,1,1,0,0,0,0,1,1,0,0,1,0,0,0,0,0,2,1,-1,1,2,
1,1,0,-4,0,-2,0,0,0,0,1,-1,-2,1,-1,-1,-3,0,0,0,1,0,-1,
1,-1,-1,1,-2,-1,-1,0,-1,0,0,-1,4,0,0,0,0,-2,1,1,-1,1,
1,0,0,0,-1,2,2,-1,0,1,0,1,0,-1,1,0,-1,0,0,1,0,0,1,-1,
0,-1,-1,0,0,1,1,-1,0,0,-1,1,-2,0,0,1,2,1,-2,-1,-1,-2,
1,1,1,-1,1,0,0,0,1,-1,2,-1,-1,1,-1,2,1,-1,0,0,0,1,-1,
0,1,0,1,0,-1,2,0,2,-2,1,-1,0,0,0,0,0,0,1,1,-2,0,0,0,
0,0,0,0,0,0,0,0,0,0,2,-1,0,0,0,0,-1,0,0,-1,-1,0,1,1,
0,0,0,-1,0,-1,0,0,-1,1,0,0,0,2,1,-2,0,-1,-1,-1,0,-1,1,
0,1,1,0,1,0,-1,-1,0,-2,-2,-2,3,-1,0,1,0,-2,1,-1,0,1,
-1,0,0,-1,-1,0,2,-3,1,0,0,0,1,-1,1,0,0,2,1,0,0,0,0,1,
2,0,-1,0,0,0,0,-2,1,0,0,0,0,1,-1,-1,0,-1,1,-1,-1,0,0,
1,0,0,0,0,0,0,-1,0,0,1,-2,-2,4,0,1,1,0,-1,2,0,-1,0,2,
0,-1,1,-2,1,0,1,2,1,-2,1,-1,-1,0,2,0,0,0,-2,-3,-1,3,1,
1,1,1,0,0,0,0,0,-1,0,0,0,0,0,0,0,0,0,0,-2,0,0,-1,0,
0,0,1,0,0,0,0,0,0,-1,1,0,0,1,0,0,-1,0,0,0,1,1,0,0,1,
0,1,0,0,-1,-1,-2,2,0,-1,1,-1,-2,-1,0,-1,0,2,0,0,0,-3,
0,0,1,0,0,-2,0,-1,0,0,-1,-1,0,-1,0,0,-3,-2,0,0,1,-1,1,
0,0,0,0,0,0,1,0,-1,0,0,0,0,0,0,0,0,-1,0,0,0,0,-1,0,
1,0,0,0,0,1,0,0,1,1,0,0,0,0,0,0,0,-1,0,0,0,-1,0,0,0,
1,4,4,-3,0,0,-1,0,-1,-1,1,-2,-2,1,-1,0,-3,2,-1,1,-2,0,
-1,3,0,1,2,0,0,-1,1,-1,0,1,1,1,0,-1,-2,1,0,1,0,0,0,1,
1,0,2,-1,0,0,1,0,0,-1,1,1,1,1,1,0,1,-1,0,-1,0,-1,0,0,
1,0,-1,0,0,-1,-2,0,0,0,0,0,0,0,0,0,1,-1,0,0,0,-2,-2,
3,0,-1,1,0,0,2,1,2,1,1,0,1,3,-1,0,-1,1,0,1,-1,-1,0,
-1,0,2,-1,0,0,0,-3,1,0,0,1,-1,0,2,-1,0,0,0,-1,-1,-1,
-1,0,-1,0,0,0,0,0,-1,-1,0,0,0,0,0,2,1,0,0,0,0,0,-1,0,
-1,-1,0,0,1,0,0,0,0,0,1,0,0,0,-1,1,0,0,-1,0,-1,1,1,0,
0,0,0,2,1,1,1,1,0,0,1,0,0,0,-1,-2,0,1,0,1,-1,0,0,1,
-1,0,0,-1,0,0,-1,0,-1,2,-1,0,0,0,0,1,0,0,0,1,1,0,-1,
0,0,0,0,0,0,0,0,0,0,0,-1,0,0,0,0,0,0,0,0,0,0,1,0,-1,
0,0,1,0,1,-1,0,0,0,0,0,0,0,-1,-1,1,0,-2,0,0,1,1,1,1,
0,0,0,0,1,1,2,1,0,0,0,-1,0,-1,0,0,-2,1,-2,1,0,0,-1,0,
0,0,0,0,0,1,0,0,0,1,0,0,0,0,0,0,0,0,0,1,0,0,0,0,0,
0,0,-1,0,0,0,1,0,0,0,1,1,0,0,0,0,0,0,0,1,-1,-1,0,0,
0,0,0,1,1,0,-4,-3,2,0,1,3,0,2,0,-1,0,-1,-3,0,-1,-1,-2,
-1,1,2,0,-1,-2,1,0,-1,0,1,-1,0,0,0,-1,1,0,0,0,0,0,0,
0,0,0,0,-1,0,-1,-2,-1,0,0,-1,0,0,0,-2,1,-2,0,0,0,0,0,
-1,1,0,0,0,0,0,0,1,1,1,-1,-1,-1,0,0,0,0,0,1,0,-1,0,0,
0,-1,0,-2,-3,3,1,-1,3,-1,-2,-1,0,1,0,1,1,0,2,-2,1,1,0,
0,-2,-3,0,0,0,0,0,0,-1,-1,0,-2,-3,-1,0,0,0,1,-1,2,0,0,
0,0,0,1,-1,-1,0,0,0,0,0,0,1,1,-1,-1,0,0,0,0,-1,2,0,0,
0,0,0,0,1,2,1,1,1,-1,0,0,1,1,0,0,0,0,-1,-1,0,0,0,2,
0,-1,0,2,0,-1,1,0,-1,1,0,0,0,0,-1,2,0,0,0,0,0,1,0,-1,
-1,0,-1,0,1,2,-1,1,-2,-2,0,-1,-1,-1,1,0,0,0,0,0,0,0,1,
0,0,-1,-1,0,0,0,1,-1,1,1,1,0,1,0,1,0,0,0,0,0,-1,1,1,
-1,0,0,1,2,0,0,0,-1,0,0,0,0,1,1,0,0,0,3,2,-1,-2,-2,
-1,1,1,1,0,0,-1,0,0,0,-1,4,3,2,-1,0,1,0,0,-1,0,0,-1,
0,-1,3,0,2,-2,-1,1,0,2,-1,0,1,0,0,0,1,1,0,1,-1,-1,0,
0,0,0,1,-1,0,0,0,1,0,1,-3,1,0,0,1,0,0,0,2,2,0,0,0,0,
1,0,0,1,-2,-2,0,0,-1,0,1,0,0,1,1,2,-1,-2,1,-1,0,1,-2,
0,-1,0,0,0,0,-1,0,-1,0,0,1,0,0,0,0,0,0,0,0,0,-1,0,0,
0,0,1,0,1,0,1,1,0,0,0,1,0,0,1,0,-1,1,0,0,0,0,0,1,-1,
0,0,0,0,0,1,-1,0,0,0,0,0,0,0,0,0,0,0,0,0,0,0,0,0,0,
0,0,0,0,0,0,0,0,0,0,0,0,-1,1,-1,2,0,-1,1,0,0,0,0,0,
-1,0,-1,-1,0,2,0,1,0,0,1,-1,1,0,0,0,1,0,0,0,0,0,-1,
-1,0,1,0,0,0,0,0,1,-1,0,0,0,0,0,0,0,0,0,0,0,0,1,-1,
0,0,0,0,0,1,-1,-1,-1,-1,0,0,0,0,0,0,1,1,-1,0,0,0,0,0,
0,0,-1,-1,1,2,2,2,1,0,0,0,-2,1,-1,0,0,2,-4,-3,-1,1,0,
-2,0,0,1,0,0,0,0,-1,-1,0,-3,0,0,0,0,0,2,-1,2,0,0,0,0,
-2,0,-1,0,1,1,0,0,0,0,0,2,-1,-1,0,0,0,1,-1,1,0,0,0,0,
1,-1,0,1,0,-1,-1,-2,0,0,0,2,1,0,0,0,0,-1,0,0,0,1,2,
-1,-2,-1,-1,-1,1,0,1,0,-1,1,-1,0,-1,2,0,1,0,0,2,1,0,
-1,0,0,0,0,0,1,0,0,1,2,0,0,0,0,1,0,0,0,0,0,0,-1,1,0,
0,0,0,0,0,0,-1,0,0,0,1,0,1,-1,1,-1,0,0,0,0,0,1,0,0,
0,0,-1,0,0,0,0,-1,0,0,0,0,0,1,0,0,0,0,-1,0,1,0,1,0,
1,0,-1,1,0,-1,0,0,0,0,0,0,1,0,0,0,0,0,0,0,0,-1,0,1,
0,0,0,-1,0,0,0,-1,0,0,0,0,0,-1,-1,0,-1,0,0,0,0,0,0,0,
0,0,0,0,0,0,0,0,0,1,0,0,0,0,-1,0,1,0,0,-1,0,0,0,0,0,
0,0,0,0,0,0,0,0,0,0,0,0,0,-1,1,2,-2,-1,1,1,-3,0,0,0,
0,1,-1,-1,1,0,2,0,-1,0,0,0,0,3,0,1,1,0,0,0,-1,1,1,0,
-1,-1,1,0,0,0,-1,0,0,-1,1,-2,0,0,0,0,1,1,1,-1,0,0,0,
0,1,0,1,0,1,0,0,-1,0,1,1,0,0,0,-1,1,1,-1,2,1,-1,0,1,
0,-1,0,0,-1,1,1,1,2,2,-3,1,-2,-1,1,-2,1,1,0,0,1,0,-1,
0,0,0,-1,0,0,0,0,0,1,0,0,-3,1,0,2,1,0,0,0,-1,-1,0,0,
0,0,-1,-1,2,1,1,0,1,0,0,0,-1,0,-1,0,0,-1,0,-1,1,-1,0,
0,0,1,0,1,-1,-1,0,-1,0,0,0,0,-1,0,1,0,-1,0,0,0,0,0,0,
0,0,2,-1,-1,1,-1,-1,1,0,0,-2,-1,-1,0,-1,-2,0,0,0,1,3,
1,1,1,0,0,0,2,-1,1,0,-1,0,1,2,1,0,0,0,1,-1,0,0,0,0,
1,-1,0,0,-1,0,1,0,0,0,-1,1,0,0,0,0,0,0,1,-1,0,0,0,0,
0,0,0,0,1,-1,-1,0,0,0,-1,1,1,0,0,1,0,0,0,0,0 ],
\[ 1,1,-1,0,0,0,-1,0,-1,0,0,0,0,0,0,0,0,0,1,1,0,1,-1,
0,0,0,0,0,0,-1,0,1,-1,1,0,0,0,0,0,1,0,0,0,0,0,0,0,0,
0,0,-1,0,0,0,0,0,0,1,0,0,0,0,0,0,0,0,0,0,0,0,0,0,0,
0,0,-1,0,0,0,0,0,0,0,0,0,-1,0,-1,0,1,0,0,-1,0,-1,0,
-1,1,0,1,0,-1,1,0,0,0,1,0,0,0,0,0,1,0,1,0,0,0,0,0,0,
0,-1,-1,0,-1,0,-1,0,0,1,0,0,0,0,0,0,0,0,1,1,0,0,-1,0,
0,0,0,0,0,0,0,0,0,0,0,0,0,-1,0,0,0,0,0,0,0,0,0,0,0,
0,0,0,0,0,0,0,0,0,0,-2,-1,-1,-1,-1,1,-2,0,0,0,0,0,0,
0,0,1,0,0,1,0,0,0,-1,0,0,0,0,-1,0,0,0,0,-1,-1,0,0,0,
0,0,1,0,0,1,0,0,0,0,0,0,0,0,0,0,-1,0,0,0,0,0,0,0,0,
0,0,0,0,0,0,-1,0,0,0,0,0,0,0,0,0,0,0,0,0,0,0,0,0,0,
0,0,0,0,0,-2,-1,-2,0,-2,0,-1,0,0,-1,-1,0,1,1,1,-1,1,2,
0,0,-1,-1,0,0,0,0,-1,0,0,1,-1,0,-1,1,0,0,-2,2,0,-1,1,
1,0,0,0,0,0,-1,0,0,0,-1,0,0,1,0,0,0,0,0,0,1,0,0,0,0,
-1,-1,0,0,0,0,0,0,0,0,0,0,0,0,0,-1,0,-1,0,0,1,0,-1,
-1,1,0,1,1,1,1,-1,-1,1,1,0,0,0,0,-1,1,0,-1,0,0,-1,0,
0,0,0,0,0,0,0,0,0,0,0,0,1,1,2,0,0,1,0,0,0,0,0,0,0,
0,0,0,0,1,0,0,0,-1,0,0,0,0,0,0,0,0,0,0,0,0,0,0,0,0,
0,0,0,0,0,0,0,0,0,1,0,0,0,0,-1,0,1,1,-2,1,-1,-1,-2,
-1,-3,-1,3,0,2,-1,-2,-2,1,1,0,-1,-1,2,0,0,0,0,0,0,0,0,
-2,0,0,0,0,-1,0,1,0,1,-1,-1,0,-1,-1,1,1,0,0,1,-1,0,0,
0,-1,0,-1,1,0,0,0,0,0,-1,0,0,-1,0,-1,0,0,-1,-1,0,1,0,
1,-1,-1,1,0,0,0,-1,0,0,1,-2,-1,1,1,0,0,1,1,-1,0,1,-1,
1,0,0,0,0,0,0,0,0,-1,-1,0,-1,1,0,0,1,0,0,0,-1,0,0,1,
0,0,0,0,0,0,-1,0,1,-1,-1,0,0,0,0,0,0,1,1,0,1,0,0,0,
-1,1,0,0,0,0,0,0,0,0,0,1,0,0,0,0,0,0,0,0,0,0,0,0,0,
0,1,0,0,0,1,0,0,0,0,1,0,0,1,-1,-1,-2,-3,-1,0,-1,0,0,
1,-1,-2,-1,2,-1,0,-2,0,0,0,1,-1,0,0,0,1,-1,0,-1,-1,0,
0,0,2,-1,0,1,1,0,0,-1,0,0,1,0,0,0,0,0,-1,0,0,0,1,0,
1,0,0,0,0,-1,0,-2,-1,0,0,0,0,0,-1,0,-1,0,0,0,0,0,0,0,
-1,1,0,0,0,-1,0,0,0,0,2,0,-1,1,1,1,0,0,0,0,1,-1,1,0,
0,0,1,-1,0,-1,-1,0,1,1,0,1,0,-1,1,0,0,1,0,1,-1,0,0,0,
1,0,0,0,0,-1,0,-1,-1,0,0,0,0,0,0,-1,0,-1,0,0,-1,0,-1,
0,0,1,0,0,0,1,0,1,0,-1,0,0,0,0,0,0,0,0,0,-1,0,0,0,0,
0,-2,0,-1,0,-1,0,0,0,1,0,0,0,-1,1,2,0,1,-2,-1,1,0,0,
0,1,0,-1,0,-1,1,0,1,-1,0,1,0,1,-1,0,-1,1,0,-2,-1,1,0,
0,0,-1,0,1,0,0,0,-1,-1,0,1,0,0,0,0,0,0,-1,0,0,0,0,0,
0,-1,0,0,0,1,-1,-1,0,0,0,0,1,0,0,1,0,0,0,-1,-1,0,1,0,
1,0,2,2,3,1,0,1,0,0,1,0,2,0,-1,1,0,1,0,0,0,0,0,0,-1,
1,0,-1,0,0,0,1,0,1,-2,1,1,-1,-1,0,0,0,-1,0,0,1,0,0,0,
0,0,0,-1,0,-1,-1,-1,0,-1,0,-1,1,0,1,0,0,1,1,0,0,0,-1,
0,0,0,0,0,0,1,0,0,-1,1,0,0,1,1,1,0,-1,-1,0,-3,1,0,0,
0,0,0,-1,0,2,0,-1,-1,-1,0,0,0,0,0,1,0,0,0,0,0,1,0,0,
0,0,1,-1,-1,-1,-1,0,0,0,1,0,0,0,0,0,0,0,0,0,-1,-1,0,
0,0,0,0,0,-1,0,-1,0,0,0,0,0,0,-1,0,1,1,1,-1,-1,1,0,0,
0,-1,0,0,1,0,0,0,1,1,2,0,1,-1,1,0,1,0,-2,0,-1,0,0,0,
1,0,-1,1,1,-1,1,0,0,0,1,0,0,1,0,0,-1,0,1,-1,0,-1,1,0,
0,0,0,1,1,0,-1,0,0,1,1,0,0,0,0,0,0,0,0,0,0,0,0,0,-1,
0,0,0,-1,0,0,0,0,0,0,0,0,0,0,0,0,0,0,0,0,0,0,1,0,0,
0,0,0,0,-2,-1,0,-2,0,-2,0,0,-1,-1,-1,-1,1,0,-1,0,-2,0,
1,0,0,0,0,0,0,0,2,0,3,1,-1,0,0,1,-1,0,-2,-1,1,1,0,0,
-1,-1,0,0,-1,0,0,1,1,-1,0,0,0,1,1,1,0,-1,0,-1,1,1,0,
0,0,0,-1,0,0,0,1,-1,0,0,0,0,0,-1,0,0,1,0,1,-1,-1,-1,
0,0,0,2,0,0,-1,-1,1,0,2,0,0,-1,-2,0,1,-1,0,1,0,0,0,0,
0,-1,0,0,-1,0,-1,-1,-1,0,0,0,1,0,1,0,0,0,0,0,1,0,0,0,
0,0,0,0,-1,1,1,0,-1,-1,-1,0,0,-1,1,0,-1,0,0,0,0,0,1,
0,0,0,-1,0,0,0,0,0,0,0,0,0,-1,-1,0,0,-1,-1,2,0,2,1,0,
1,-2,-2,0,1,0,0,0,-1,-2,-1,0,0,1,-2,0,0,0,0,1,-2,-1,1,
-2,0,-1,-1,0,-1,-1,-1,1,1,1,0,0,0,0,-1,0,0,0,1,1,0,0,
0,-1,1,0,0,0,0,0,0,0,0,0,1,-1,0,-1,0,0,0,0,0,-1,0,0,
0,0,0,0,0,0,0,0,0,0,0,-1,0,0,0,1,0,0,0,0,-1,0,0,-1,
0,1,0,-1,-1,0,1,-1,-1,0,0,0,1,0,0,0,0,1,0,0,-1,0,-1,
0,-1,0,0,1,-1,0,0,0,0,1,1,0,0,0,1,0,0,0,0,0,0,0,0,0,
0,0,0,0,-1,0,0,0,0,0,0,0,0,0,0,1,0,0,0,0,1,0,0,0,0,
0,1,0,0,0,0,0,0,-1,0,2,0,0,1,-3,-2,2,1,-1,1,0,-1,-1,
-1,0,0,0,0,-1,0,0,0,0,0,0,0,-1,0,-1,1,0,0,0,0,1,2,0,
0,0,0,0,0,0,1,0,0,-1,0,0,0,-1,1,0,1,0,0,0,0,1,1,0,1,
-1,0,0,0,0,-1,-1,0,0,0,1,0,0,0,0,0,0,0,0,0,0,-1,-1,0,
0,0,-1,1,-1,-1,-1,-1,1,1,1,0,1,-1,-1,1,1,1,1,-1,-1,1,
1,0,-1,0,0,-1,0,0,0,0,1,-1,1,0,0,1,-1,-1,-1,0,0,-1,-1,
0,1,0,0,0,0,0,0,0,0,-1,-1,0,0,0,0,0,-1,-1,0,-1,0,0,0,
1,0,0,0,0,0,0,0,-1,-1,0,0,0,0,0,0,0,1,0,0,1,0,1,-1,
1,1,-1,-1,-1,-1,0,3,1,1,0,-2,-1,1,0,-1,-2,-1,0,2,0,0,
0,1,-1,1,0,-1,-1,-1,-1,1,-1,-1,0,1,0,0,0,0,-1,0,0,0,1,
0,1,0,0,0,0,-1,1,-1,1,0,0,0,0,1,-1,-1,-1,-1,0,0,1,0,
-1,-1,0,1,1,1,-1,-1,1,0,0,0,0,0,1,0,0,-1,0,0,-1,0,1,
1,1,-1,0,1,2,0,1,1,0,0,0,-2,1,0,-1,1,-1,0,0,0,0,0,0,
0,-1,0,0,0,0,-1,0,0,0,0,-2,1,0,-1,-1,0,0,1,-1,0,0,0,
0,0,0,0,1,0,0,0,-1,-1,-1,0,-1,1,0,1,0,2,0,0,1,1,0,0,
0,-1,1,1,0,0,0,0,0,0,0,-1,0,0,0,-1,-2,1,0,0,2,1,1,-1,
-3,1,1,-1,0,0,-1,-2,0,0,0,0,-1,-1,0,0,0,0,-1,-1,0,0,0,
1,-1,-2,1,0,1,0,0,0,0,0,0,0,0,0,-1,0,-1,0,0,0,1,0,0,
1,-1,0,0,0,0,0,0,1,0,0,0,0,-1,0,1,0,0,-1,0,0,0,0,0,
0,0,0,0,0,0,0,0,0,0,-1,0,0,-1,-1,-1,0,-3,0,-1,0,0,1,
-1,-1,-2,1,0,1,-2,-1,0,1,0,0,0,0,0,0,2,-1,-1,3,0,1,0,
-1,0,-1,0,-1,-1,1,0,-1,0,1,0,0,0,-1,0,0,0,0,1,-1,1,0,
0,1,0,0,-1,0,0,0,1,0,1,0,-1,-1,0,0,1,1,0,0,0,0,0,0,
-1,0,1,0,-1,0,-1,-1,-1,-1,0,-1,-1,0,-1,3,1,-1,-1,0,0,0,
0,2,0,1,1,-1,1,1,0,-1,0,0,0,0,0,2,0,1,-1,0,1,0,0,-1,
-1,-1,1,0,0,0,0,0,0,0,-1,0,0,0,0,1,-1,0,0,0,-1,0,0,0,
-1,0,-1,1,1,1,1,0,0,0,0,0,0,0,0,0,0,-1,-1,0,1,-1,0,0,
0,1,0,1,0,0,0,1,0,1,2,-1,-2,1,1,0,0,0,-1,0,0,0,-1,1,
0,1,0,1,0,0,-1,-1,1,0,0,0,0,0,-1,0,0,1,1,0,0,0,-1,-1,
0,0,0,0,1,0,0,0,0,-1,0,-1,1,0,0,0,0,0,1,0,1,0,0,-1,
0,0,0,-1,0,-1,0,1,0,0,-1,0,0,1,0,0,0,1,-1,-1,0,-1,-1,
2,0,1,0,1,0,1,-1,1,1,-2,1,0,1,0,-1,-1,0,0,-1,0,0,0,0,
1,-1,0,0,1,0,0,1,0,0,0,0,0,0,-1,0,0,0,0,0,-1,0,0,0,
0,0,0,0,0,0,-1,0,0,0,0,0,1,0,0,0,0,0,0,0,0,0,-1,0,0,
1,1,-1,0,0,0,0,0,0,0,0,0,1,0,-1,0,-1,2,1,0,0,2,0,1,
0,0,0,-2,1,0,2,0,-1,-1,1,0,-1,0,0,0,0,0,0,0,0,1,0,-1,
1,0,0,0,-1,0,0,0,0,0,0,0,0,-1,0,0,0,0,0,0,0,0,0,0,0,
0,0,0,0,1,0,0,0,0,0,0,0,0,0,0,0,0,0,0,-1,0,0,1,0,0,
0,0,0,-1,1,1,-1,-1,-1,3,1,-1,0,1,-1,2,1,0,0,2,0,-1,0,
-1,0,-1,0,-1,1,0,0,0,0,0,0,0,-1,-1,0,0,0,0,0,0,1,0,
-2,0,0,-1,-1,0,0,1,-1,1,0,1,0,0,0,0,-1,0,-1,-1,-1,0,
-1,0,-2,1,-1,0,0,0,0,0,1,1,0,0,0,-1,-1,-1,1,0,0,-1,0,
0,0,0,0,0,0,0,1,0,0,1,1,0,-1,1,1,0,0,0,0,-1,-1,0,0,
0,-1,0,0,1,0,0,0,0,1,1,0,1,-1,0,1,0,0,-1,-1,0,-1,0,0,
0,0,0,0,0,0,-1,0,-1,0,0,0,0,1,0,1,0,0,0,0,1,-1,0,-1,
0,0,1,0,0,0,0,0,0,0,0,0,0,0,0,0,0,0,0,1,-1,0,0,-1,1,
0,0,1,1,-1,1,0,1,-1,0,0,-1,0,0,0,1,0,0,0,0,0,1,0,0,
0,0,0,-1,1,1,0,1,1,0,0,0,0,-1,0,-1,0,0,0,-1,0,0,0,0,
0,0,0,0,0,0,-1,-1,1,0,0,0,0,0,0,0,0,0,0,0,0,0,0,-1,
0,-1,0,1,0,0,-1,0,0,0,0,0,0,1,0,0,0,1,1,0,1,1,-1,0,
2,1,3,0,0,0,0,1,1,0,-1,-2,2,1,-1,2,-1,0,0,0,1,0,-1,0,
0,-2,1,0,0,0,-1,1,0,1,0,-1,0,1,-1,-1,0,0,0,1,0,0,0,0,
0,1,-1,0,0,0,0,1,1,-1,0,1,0,0,0,0,0,1,0,0,0,-1,0,0,
0,0,0,0,0,0,0,0,1,0,-1,-1,0,1,-1,-1,0,0,-1,2,0,-3,0,
-1,0,0,-1,-1,-1,-1,2,0,0,-1,0,-1,1,0,1,0,-1,0,0,2,0,0,
2,0,0,-1,-1,-1,1,-1,0,1,0,0,-1,0,-2,1,1,0,0,1,-1,1,-1,
0,-1,0,-1,0,0,0,-1,1,1,1,-1,0,1,1,0,-1,-1,-1,1,0,0,-1,
-1,-1,1,0,0,0,1,1,-1,-3,-1,0,-1,0,4,-2,-1,-3,-2,2,1,0,
0,-1,1,-3,-1,-1,-1,-1,1,-3,0,-1,0,1,-2,1,-1,-1,0,-2,-1,
-1,0,0,2,1,1,0,0,1,0,0,0,0,0,0,0,0,0,0,0,-1,0,1,-1,
-1,0,-1,0,0,-1,0,-1,-2,-1,-1,-1,0,0,1,0,1,0,-1,-1,-1,1,
0,0,0,0,0,0,0,0,-1,0,1,1,-1,1,1,-3,0,-1,1,1,1,0,-1,0,
0,0,2,1,0,1,0,0,1,0,-1,-1,0,1,0,1,0,0,0,1,1,0,0,0,
-1,0,-1,-1,0,1,0,0,0,1,0,0,-1,-1,0,0,0,0,-1,1,0,0,0,
0,0,0,-1,0,0,0,1,1,0,-1,-1,0,1,1,1,0,0,0,0,0,0,-1,0,
0,0,0,0,1,2,1,-1,0,0,0,0,2,-3,-1,1,0,0,0,1,-1,0,-1,0,
1,1,0,0,-1,1,0,0,0,-1,0,-1,1,-1,1,-2,0,0,0,0,2,1,-1,
0,0,0,0,0,0,0,0,0,0,0,0,-1,1,1,0,0,0,0,0,0,1,0,1,0,
0,-1,-1,0,0,0,0,0,0,0,0,0,0,0,0,0,-1,0,-1,0,-1,0,0,
-1,-1,1,-1,0,0,1,1,1,-2,-1,0,-1,0,0,-1,0,0,0,0,0,0,1,
0,0,0,0,-1,-1,1,1,0,1,0,0,0,0,0,0,1,-1,0,0,0,0,0,-1,
-1,0,0,0,0,0,0,0,-1,0,0,0,0,0,0,0,0,0,0,0,0,-1,0,0,
0,-1,0,-1,0,1,0,0,-1,0,0,1,0,0,0,1,0,0,0,1,2,0,-1,-2,
0,0,-1,0,0,-1,-1,1,-1,0,-1,1,1,0,-1,0,0,1,0,1,0,0,0,
0,1,0,0,1,0,0,-1,0,0,0,0,0,-1,1,1,0,0,0,0,-1,1,0,0,
0,0,0,0,0,0,0,1,0,1,-1,0,0,0,0,0,-1,0,0,0,0,0,0,0,0,
0,0,0,0,0,1,-1,0,0,0,0,0,0,0,0,-1,0,0,0,-1,-1,0,1,0,
0,1,0,0,1,0,-1,0,0,0,1,-1,0,0,0,0,0,0,0,-1,0,0,0,0,
0,0,0,-1,0,0,0,0,-1,-1,0,1,0,1,0,0,0,0,-1,0,0,-1,1,0,
-1,0,-1,0,0,0,0,0,0,0,0,0,0,0,0,0,0,0,0,0,0,0,0,-1,
0,0,0,0,-1,0,0,-1,-1,0,0,0,0,0,-1,2,0,-1,0,1,0,-1,0,
0,-1,0,-1,-2,1,1,0,0,0,0,0,1,0,1,-1,1,-2,0,0,-1,0,0,
-1,0,1,0,-1,0,0,0,0,1,0,0,0,0,0,1,0,0,0,0,0,1,0,0,
-1,0,-1,0,0,0,1,0,0,0,0,0,0,0,0,0,0,0,0,-1,1,0,1,0,
0,0,0,1,1,0,0,0,0,1,-1,0,0,0,0,1,0,0,0,0,0,0,-1,-1,
2,1,0,0,0,0,0,1,0,1,0,0,1,0,-1,0,0,1,0,0,0,0,0,0,0,
0,0,0,1,-1,0,0,0,0,0,0,1,-1,0,0,0,0,-1,0,0,0,0,0,1,
0,-1,0,0,1,0,0,0,0,0,0,0,0,0,0,0,0,-1,0,0,-2,-1,0,-1,
-1,2,1,-2,2,-1,2,1,0,0,0,0,0,1,0,-2,-1,0,0,0,0,-1,0,
0,1,1,1,-1,1,-1,-1,1,0,1,0,-1,0,-1,1,1,0,0,0,0,0,-1,
-1,-1,0,0,0,1,0,0,-1,0,0,0,0,-1,0,-1,0,0,1,0,0,0,0,0,
1,2,0,0,0,0,0,0,0,-1,0,1,-1,0,0,-1,0,0,0,0,1,-1,1,1,
3,1,-1,1,-2,1,1,1,0,1,1,1,2,-1,0,1,0,-1,0,1,0,0,1,0,
0,1,1,1,0,-1,-2,-1,0,0,-1,0,0,0,0,0,0,-1,0,0,0,-1,0,
0,-1,1,0,-1,-1,-1,0,1,0,0,1,0,2,0,0,1,0,0,-1,0,0,1,1,
-1,0,0,0,0,0,0,-1,1,1,0,-3,-1,1,-1,-3,1,0,-2,1,0,1,0,
1,0,-1,1,0,2,2,-1,-2,1,-1,0,-1,0,0,-1,1,-1,0,0,-1,-1,
1,1,0,1,0,0,0,0,1,1,1,0,0,0,0,-1,0,0,0,0,0,0,1,-1,
-1,0,0,0,0,-2,0,-2,-1,0,0,0,0,0,1,0,1,0,-1,-1,-1,1,0,
0,0,0,0,0,-1,1,1,0,0,0,2,-2,0,2,1,0,1,-2,-2,1,-2,0,1,
0,-1,-1,-1,1,1,-1,-1,0,1,-1,1,1,0,1,1,0,1,0,-1,0,0,-1,
0,0,0,0,0,1,0,0,-1,-1,0,0,0,0,0,0,1,0,0,0,0,0,0,0,0,
1,0,0,1,0,-1,-1,0,1,0,0,-1,0,0,1,1,-1,0,0,0,0,0,0,0,
0,0,-1,1,0,0,3,-1,-2,1,2,1,3,2,0,1,-1,0,1,1,3,0,1,2,
0,1,0,-1,0,-1,0,-1,-1,-1,0,-1,1,0,1,1,1,-1,-1,0,-1,-1,
-1,0,0,1,-1,0,-1,1,0,0,0,-1,-1,0,-1,0,-1,-1,-1,0,0,0,
0,1,0,1,-1,0,1,1,0,0,0,-1,-1,-1,1,0,0,0,-1,0,0,0,1,1,
0,-1,0,1,-1,1,0,0,-1,0,-1,0,1,0,0,0,-1,0,0,1,-1,0,-1,
0,0,0,0,1,-1,0,1,-1,0,1,-1,1,0,-1,0,0,0,0,0,0,0,0,0,
0,0,0,0,0,0,0,0,0,1,-1,0,0,0,0,0,0,0,0,0,0,0,0,1,0,
0,0,0,0,1,1,0,0,0,0,0,0,0,0,0,0,0,-1,0,1,1,0,3,0,-2,
1,-2,3,2,2,0,1,-1,-1,-1,1,1,-3,0,-1,0,3,0,0,-1,0,2,1,
0,1,-1,2,2,0,-1,0,0,1,-3,-1,-1,-1,0,0,0,0,-1,0,1,-1,
-1,0,1,1,-1,-1,0,-1,0,0,0,1,-2,0,-1,2,1,1,1,0,0,0,0,
1,1,0,-1,0,1,0,0,0,-1,0,1,0,0,0,-1,0,0,-1,-1,1,2,-2,
0,-5,-2,-1,0,0,0,0,0,-2,-2,0,0,0,0,-2,0,-1,1,0,-1,0,0,
-1,0,-1,-1,-1,0,0,0,0,3,0,1,1,0,0,0,0,1,-1,0,0,1,0,0,
-1,1,1,0,1,1,0,1,0,1,0,1,-2,0,-1,-1,0,-1,0,0,0,-1,0,
0,0,0,0,0,0,0,0,0,0,0,0,0,1,0,-2,2,1,-2,-2,1,0,2,2,
1,1,0,0,0,0,1,0,-1,0,0,1,0,0,0,-1,0,0,-1,0,0,1,1,0,
-1,0,0,0,-1,-1,0,-1,-2,-1,0,1,0,0,1,-1,0,0,0,0,0,-2,1,
1,0,0,0,0,0,1,1,1,0,1,1,0,0,-1,0,0,0,1,0,0,0,0,0,0,
0,0,0,1,-1,-1,1,0,0,1,1,0,-1,1,-1,3,0,0,1,0,0,-1,0,0,
2,0,-1,0,1,1,1,-1,0,0,-1,0,0,1,0,2,0,1,0,1,2,0,-3,-2,
0,-1,-1,0,1,1,-1,0,0,0,0,0,0,0,-2,-1,0,-1,-1,-1,-1,-1,
-2,1,-1,1,0,1,1,0,1,0,0,0,0,0,-1,-1,0,0,0,0,0,0,0,1,
0,0,1,-2,-2,0,2,1,1,0,2,-3,0,5,0,1,0,-1,0,-3,0,-1,1,
-2,1,0,-1,-2,-1,0,0,0,-1,-2,0,-3,0,-1,0,0,1,1,1,1,0,
-1,0,0,-1,0,0,0,0,0,-1,0,1,-1,0,2,-2,-1,0,-1,0,1,-1,0,
-1,-2,-1,0,0,0,-1,1,0,1,0,-1,-1,-1,1,0,0,0,0,0,0,0,0,
-1,1,-1,0,0,0,-1,1,-1,-2,0,0,0,0,0,-1,0,2,0,2,0,-1,-1,
0,-1,0,-1,0,0,0,1,0,1,0,1,-1,0,0,1,1,1,-1,-1,1,1,1,0,
0,0,0,-1,0,0,0,0,1,1,-1,0,-1,0,1,0,1,-1,-1,0,-1,0,0,
0,0,0,0,1,0,1,0,-1,0,0,0,0,0,0,1,0,0,0,1,0,0,3,2,-2,
1,1,-1,-3,-1,-4,-2,1,0,-1,0,0,-1,1,-1,-1,1,0,-2,0,0,1,
0,1,0,0,0,-1,1,0,-1,-2,-1,-1,-1,-2,1,0,-1,0,1,0,0,0,1,
-1,1,0,0,0,0,-1,1,-1,1,1,1,0,1,0,0,0,0,-1,0,0,-1,0,0,
-1,0,1,1,1,0,0,0,0,0,0,-1,0,-1,0,0,0,1,0,0,2,0,-1,0,
4,1,0,-2,2,0,2,-1,-1,-3,-1,2,1,-2,-1,2,3,0,-1,-1,-1,-1,
0,1,0,-1,1,0,0,0,0,1,1,0,0,-1,0,0,0,0,0,0,-1,0,-1,-1,
0,1,-1,0,1,0,-1,1,0,1,-1,-1,0,0,-1,0,0,1,0,-1,0,0,0,
0,0,-1,-1,0,0,0,1,-1,0,1,1,-1,0,0,2,0,1,0,0,-4,1,-2,
1,-1,-3,-1,-1,0,1,1,2,-1,0,2,-1,0,1,0,0,1,0,0,-1,2,1,
1,2,1,1,-1,1,0,-1,1,-2,0,1,1,0,0,0,0,1,1,0,0,0,0,1,
-1,-1,1,0,0,1,0,0,0,0,1,1,1,-1,1,0,-1,-1,0,0,0,1,0,1,
-1,0,0,0,0,0,-1,1,0,1,0,-1,-1,0,-1,2,0,0,1,-3,-1,0,0,
-1,1,1,0,-2,-1,0,1,0,-1,-1,0,0,0,0,0,0,0,-1,0,-1,0,0,
0,0,-1,1,2,1,1,0,1,1,-1,0,1,0,0,0,0,0,0,0,1,1,0,0,0,
0,0,1,1,0,1,-1,0,0,0,0,-1,0,0,0,0,0,1,1,0,0,0,0,1,0,
0,-1,0,0,0,1,1,-1,0,1,1,-1,2,1,1,0,0,-1,1,0,0,1,0,1,
0,2,0,0,0,0,0,1,-1,-1,0,0,1,-2,-1,0,0,0,0,0,-1,1,0,
-1,-1,0,1,0,0,0,0,1,0,0,-1,-1,0,0,0,0,-1,-1,-1,-1,0,0,
0,0,-1,0,0,0,1,0,0,0,0,0,0,-1,0,0,0,0,0,0,-1,0,0,-1,
2,-1,-1,1,0,0,0,0,0,0,-1,0,0,0,0,0,1,-1,-1,-1,0,-1,1,
-1,0,-1,0,0,-1,0,0,-1,0,0,-1,0,0,0,2,-1,0,-1,0,0,-1,
-1,0,0,0,1,0,1,0,0,0,0,-2,0,-1,0,0,0,0,-1,0,0,0,-1,
-1,-1,0,0,0,0,0,0,0,0,-1,-1,0,0,0,0,0,0,0,2,0,-1,1,3,
1,0,2,1,-2,1,2,2,3,0,0,1,0,1,-1,0,-1,-2,2,1,0,3,-1,0,
-1,0,2,-1,0,0,0,0,1,-2,0,0,0,-1,-2,1,-1,-2,-1,0,0,0,
-1,1,0,1,-1,0,0,0,0,1,-1,0,-1,0,-1,0,0,0,0,2,0,1,0,0,
1,1,0,0,0,-1,0,0,0,0,0,-1,-1,0,0,0,0,0,0,-1,-2,2,2,1,
2,1,0,1,0,1,1,0,0,0,1,-3,0,0,0,0,-1,-1,0,-1,-1,0,0,0,
0,0,0,1,0,-2,0,0,0,0,-2,0,0,-1,-1,-1,0,1,-1,-1,0,-1,
-1,0,1,0,0,0,-1,0,0,-1,0,0,-1,2,0,1,0,1,0,0,1,1,0,0,
0,-1,0,0,0,0,0,0,0,0,0,0,0,0,0,0,0,-1,0,0,0,0,-1,1,
1,-1,-1,0,0,0,0,1,1,1,0,0,-1,-1,0,0,0,0,1,0,0,0,0,0,
0,1,1,0,0,0,-1,1,0,0,1,0,0,0,0,0,0,0,0,0,0,1,0,0,0,
0,0,0,0,0,0,0,0,0,0,1,0,0,0,0,0,0,0,0,1,1,0,0,0,0,
0,0,0,-1,0,0,0,1,0,-3,2,1,-2,-2,0,-2,-1,3,1,-1,0,0,0,
1,0,-2,-1,-1,-1,0,0,1,1,0,-1,-1,-1,0,1,2,1,-1,0,0,2,
-1,0,-2,0,0,-1,-1,0,0,0,1,0,0,1,0,1,0,-1,-2,0,1,0,0,
0,0,0,0,0,0,0,1,0,0,0,-2,0,0,1,2,-1,0,0,0,0,0,0,0,
-1,1,0,-1,1,-1,-1,1,-1,1,4,0,0,-3,-2,-1,0,1,0,1,0,-5,
-2,-1,0,0,1,-3,0,-1,0,0,-1,0,0,-2,0,-1,-1,-2,0,0,1,1,
1,1,0,0,0,0,0,1,0,0,0,0,0,0,0,-1,0,2,-1,-1,0,-1,0,-1,
0,1,1,-2,-1,-1,-1,0,0,2,0,0,-1,-2,0,0,0,0,0,0,0,0,0,
0,-1,-1,0,-2,-1,-1,-1,-1,-3,0,-1,3,1,1,0,-2,0,0,1,2,2,
1,1,0,1,-1,0,-2,-1,-1,2,0,1,1,-1,1,1,2,2,1,2,-1,0,-3,
-1,1,1,0,1,0,1,0,-2,-2,-1,0,0,1,-1,-1,0,0,0,0,0,0,1,
-1,0,1,0,1,1,0,-1,-1,0,1,1,1,0,0,0,0,0,0,0,0,0,1,0,
0,0,1,-1,-1,0,1,-1,0,1,-1,0,0,0,1,1,0,-1,0,0,0,0,0,1,
0,0,0,0,-1,1,0,0,1,-1,-1,-1,-1,0,0,0,0,1,0,1,0,-1,0,
1,0,1,0,0,-1,0,0,0,0,1,0,1,1,0,0,0,1,1,0,1,0,0,1,0,
0,-1,-1,0,1,0,1,1,1,0,0,0,0,1,0,0,0,-1,0,0,1,2,3,-1,
-2,1,3,1,2,1,-1,-1,1,0,0,-1,1,0,-1,0,2,0,1,0,2,0,0,1,
0,1,-2,0,-1,1,1,-1,0,-2,1,-1,2,-1,-1,0,0,0,0,-1,0,1,2,
0,0,-1,-1,0,0,0,-1,-1,0,-1,0,0,0,0,0,0,-2,-1,0,1,1,0,
-1,0,-1,0,-1,0,0,0,0,-1,0,1,-1,0,0,-1,-1,-1,-1,-1,0,0,
0,2,-3,-3,0,1,-3,0,1,0,-1,0,0,1,0,-1,-1,0,0,0,-1,0,0,
0,1,0,2,0,-1,1,0,0,-1,2,-1,1,1,1,0,-1,-1,0,0,-1,0,1,
0,1,1,0,1,-1,1,1,1,1,0,2,0,1,0,0,0,-1,0,0,-1,0,-1,0,
1,1,1,-1,0,0,0,0,0,0,0,1,1,0,-1,-2,-2,1,0,0,-2,2,-1,
0,3,1,-1,0,0,2,1,1,1,-1,0,-1,-1,0,-1,1,0,-2,-1,-1,0,1,
-1,0,0,0,1,1,0,0,-1,0,0,-1,-1,0,0,0,0,0,0,0,0,0,-1,0,
-2,0,1,0,-1,0,0,0,0,0,0,0,0,0,0,0,-1,-1,0,0,1,-1,-1,
0,0,0,0,1,0,-1,1,0,-1,1,0,-1,2,1,0,0,1,-2,1,-1,0,1,1,
0,-1,0,-1,1,0,-2,-1,-1,1,1,0,0,0,-1,1,1,0,-1,1,-1,1,
-2,-1,-1,1,-2,0,0,0,0,0,0,1,0,0,2,0,0,0,0,0,0,-1,1,
-1,0,0,0,0,-2,1,0,0,0,0,1,0,0,0,0,0,0,0,0,0,0,0,0,0,
0,0,1,0,0,0,0,2,2,3,0,2,0,2,2,-1,0,0,0,2,0,0,-3,-3,
-1,-2,2,1,2,0,0,1,-1,1,1,-1,-1,-3,1,-3,2,-1,-1,0,0,2,
1,2,-1,-2,0,1,0,0,0,1,1,0,-1,0,0,-1,0,1,0,-1,-1,-1,-1,
0,0,0,1,-1,-1,-1,0,0,0,1,0,0,-1,-1,0,0,1,0,0,0,0,0,
-1,0,-2,-2,1,-2,-1,1,-1,-1,-2,0,-2,2,1,-1,-1,-2,1,0,1,
1,-1,0,2,-1,0,-1,0,-1,0,0,1,0,0,0,0,0,1,3,1,0,0,-2,
-1,-1,0,0,1,0,0,0,0,1,-1,1,0,0,-1,1,-2,0,0,-1,-1,0,-1,
1,0,0,-1,0,0,1,0,0,0,0,0,0,0,0,0,0,0,0,0,0,0,0,0,0,
1,1,-1,2,2,3,-1,1,2,5,2,-1,-1,-1,-1,1,0,1,-1,-1,0,1,
-2,2,1,0,0,1,0,1,-1,-1,1,-3,1,-1,1,-1,0,0,0,1,1,3,-1,
-1,0,0,0,1,0,0,0,1,0,0,0,-2,1,1,0,-1,-1,-1,-1,-2,0,0,
1,-2,-1,-2,0,0,0,1,0,-1,0,-1,0,-1,0,0,0,0,0,0,0,-1,-1,
-1,1,1,1,1,1,-2,-1,-1,-2,3,2,-3,-1,2,-1,0,0,1,-1,-2,2,
-1,0,2,0,0,0,0,1,0,0,2,0,1,0,0,-1,0,0,-1,-2,-1,0,0,0,
0,0,-1,-1,0,1,1,0,0,0,1,-2,0,-1,0,1,1,1,0,-1,0,-1,2,
1,0,0,0,1,1,0,0,-1,-1,-1,0,0,0,0,0,-1,0,0,1,1,1,-1,0,
0,1,0,2,1,0,-1,-4,-2,0,0,-1,0,1,0,-3,-2,-2,1,0,-1,-2,
0,-1,0,0,0,0,0,-2,0,1,1,-1,0,0,-1,0,2,-1,0,0,1,0,-1,
0,1,-1,0,-1,0,0,1,-1,1,0,0,1,1,0,1,0,1,0,1,-2,0,0,-1,
0,-1,0,0,0,0,0,0,0,0,0,0,0,0,0,0,0,0,0,0,-1,0,-2,-1,
-1,0,0,1,-3,0,4,-1,0,0,1,2,0,2,1,-1,0,3,-2,-1,-1,-1,0,
0,0,0,-1,1,-2,2,0,0,2,2,1,3,0,-1,1,1,-1,0,0,1,0,0,-1,
-1,0,0,-1,0,0,0,-1,0,-1,0,-1,1,-1,1,-2,-1,-1,0,0,-2,0,
0,2,1,0,0,0,0,0,0,1,0,0,-1,0,-1,-1,1,4,2,-1,2,-1,-5,
0,-1,4,1,-2,0,-1,0,0,0,4,-1,0,3,-1,0,2,0,0,0,0,1,-1,
0,1,1,2,-1,0,1,-1,1,-4,-2,-2,-1,-1,-1,0,1,0,0,1,-1,0,
0,0,0,1,-2,-1,0,1,0,1,0,-1,0,0,-1,2,0,1,1,0,1,-1,0,0,
0,1,-1,-1,0,0,0,-1,-1,0,-1,2,0,1,2,0,1,-1,1,-2,2,-2,
-1,2,1,1,-1,3,-1,-2,-2,2,0,1,-1,0,0,3,-1,1,0,1,-1,-1,
1,0,0,-1,-2,0,-1,-1,-2,0,-1,1,0,0,-1,-1,0,0,-1,-1,1,1,
0,0,-1,-1,1,-1,1,0,0,0,0,0,-2,0,-2,0,1,-1,0,0,1,0,0,
-1,0,0,-1,-1,0,0,0,0,-1,0,0,-1,0,0,0,0,1,0,0,1,0,-1,
1,-1,1,-1,0,-1,0,1,1,0,-1,0,1,1,-1,0,0,0,1,1,-1,-1,-1,
0,1,-1,1,1,0,0,-1,0,1,0,1,0,0,0,-1,-1,0,0,0,1,1,0,0,
0,0,0,0,1,0,0,0,0,1,-1,0,0,0,0,0,0,0,0,0,-1,-1,0,0,
0,0,0,0,0,1,0,-1,0,1,0,0,-1,-1,-3,0,-1,2,-4,0,-3,0,1,
-1,2,-1,-2,-2,0,0,0,-2,-1,0,0,0,0,0,0,0,1,-1,0,-1,0,
-3,-2,0,-1,0,-1,0,1,0,0,-1,0,1,0,0,-1,0,0,0,0,0,0,1,
1,-1,1,1,0,1,0,-1,0,-1,-1,0,0,-1,0,0,0,0,1,0,0,0,0,1,
0,0,0,0,0,1,0,0,0,0,0,1,2,0,2,1,-1,-2,-2,-2,-1,1,0,
-1,-1,-2,-3,-2,-2,0,-1,-1,0,0,0,0,1,0,0,0,-1,0,1,1,0,
-1,-1,0,0,0,-1,0,0,1,0,-1,0,0,-1,1,0,0,0,1,0,0,0,0,0,
1,0,1,0,-1,0,-1,-1,0,0,0,0,0,0,0,-1,-1,0,0,0,0,0,0,0,
0,0,0,1,0,-1,0,-1,0,-1,1,0,0,0,0,2,1,1,0,-2,0,-1,2,2,
2,0,-1,0,1,1,1,-2,0,0,0,2,0,3,-1,0,0,2,0,1,0,0,-2,-2,
1,0,0,0,1,-1,0,-1,0,0,0,0,0,0,-1,-1,0,0,0,-1,0,0,-1,
-1,-2,0,0,1,0,0,0,0,0,1,0,0,-1,-1,0,0,0,0,1,0,1,0,2,
1,0,-2,1,0,-2,-1,1,-2,-2,0,1,-1,0,-3,1,0,2,0,-2,-2,2,
0,-2,-2,0,0,1,1,0,1,-2,0,0,-2,1,1,1,0,-1,0,1,0,0,1,2,
2,-1,-2,0,0,-1,1,1,0,-1,1,0,1,0,0,0,0,0,2,1,-1,-1,0,
0,0,-1,0,0,0,0,0,0,0,0,0,1,0,0,0,0,0,0,-1,2,1,-2,-1,
0,2,-1,0,-1,-1,-1,0,2,-1,0,0,0,0,1,-1,0,-1,1,0,-1,-1,
0,-1,0,0,0,0,-1,-1,0,-1,1,1,0,0,0,0,0,0,0,0,1,1,-1,0,
0,0,0,1,0,0,0,1,-1,0,-1,0,0,0,0,1,0,0,0,0,0,0,0,0,0,
0,0,0,0,0,0,0,1,0,0,0,0,0,0,0,1,0,0,1,2,-1,-1,-2,-1,
-1,-2,1,2,0,-1,1,0,-1,-1,3,1,0,-1,0,1,0,0,1,0,0,1,0,
0,-1,0,0,0,1,0,0,0,-1,-1,0,-1,0,0,0,1,1,0,0,0,0,0,0,
-1,0,0,-1,1,0,-1,0,-1,0,-1,0,-1,0,0,0,0,0,0,-1,0,1,1,
1,0,-1,1,0,0,0,-1,0,0,0,-1,0,1,3,2,2,1,1,-1,1,1,-2,1,
-1,-1,5,-1,-1,-4,-2,0,-2,0,0,1,2,0,1,0,0,1,-1,-1,-3,0,
-1,0,-1,-1,-1,0,1,0,2,0,-2,-1,1,0,1,0,0,1,1,0,0,1,-1,
0,1,-1,0,0,0,0,0,-1,0,0,-1,0,0,0,0,0,1,0,0,-1,-1,0,0,
1,0,0,0,0,0,0,0,-1,-1,1,0,0,0,-1,-2,-1,0,1,1,0,0,0,
-1,0,0,1,1,0,0,1,0,0,1,0,0,0,0,-1,0,0,0,0,-1,-1,1,0,
0,-1,0,1,0,0,0,0,1,0,-1,0,0,0,1,0,0,-1,0,0,0,0,0,0,
0,0,0,1,-1,0,0,0,-1,0,0,0,0,0,0,0,0,0,0,0,0,0,0,0,0,
0,0,1,1,0,1,0,-1,0,0,0,0,0,1,0,0,0,1,0,-1,-1,1,1,0,
-2,-1,1,2,1,0,0,0,1,1,0,2,-1,1,-2,0,0,0,0,0,-2,0,1,
-1,-1,0,1,0,0,0,0,0,0,0,0,0,0,0,0,0,0,0,0,0,-1,0,-1,
0,0,1,0,0,0,0,0,1,0,0,0,0,0,0,0,0,1,0,1,0,0,0,0,1,
1,0,-1,-1,-1,1,-1,2,-1,-2,0,1,0,-1,-2,1,1,-1,-2,-1,2,1,
1,1,1,-1,0,1,0,1,-1,2,-1,2,-1,0,1,1,-2,-1,1,0,-1,0,1,
0,0,1,1,0,1,-1,0,1,-1,-1,1,0,0,1,0,-1,-1,0,0,0,0,0,1,
0,0,-1,0,0,0,1,0,0,0,0,0,0,1,0,1,1,-1,-1,1,0,-1,1,1,
-1,0,1,-1,3,1,1,0,2,0,-1,0,1,1,0,-1,-1,2,0,0,1,-1,0,
2,0,0,1,0,1,0,-1,0,1,1,0,-2,0,0,-1,-1,-1,1,1,-1,1,0,
0,-1,1,0,1,-1,-1,0,-1,-1,0,-1,0,-1,1,-1,1,0,0,0,0,1,0,
0,0,0,0,0,0,0,0,0,-1,0,0,0,0,-1,0,0,-2,-2,0,-1,-1,1,
-1,0,0,0,1,0,0,0,0,2,0,1,0,-2,-1,0,-1,0,-1,0,-1,-1,1,
0,1,-1,0,-2,0,0,0,1,0,0,0,0,1,0,0,0,0,1,0,0,0,0,0,0,
0,0,0,-1,0,1,0,1,-1,0,0,0,-1,-1,0,0,1,0,0,0,1,1,0,0,
0,0,0,0,0,0,0,1,0,1,0,0 ] >;

return _LR;
