PermutationGroup<91|
\[1,2,55,17,5,75,72,36,34,76,61,25,44,60,50,42,4,18,80,
31,84,22,81,62,12,65,27,28,71,46,20,41,56,9,73,8,51,87,
91,67,32,16,57,13,88,30,79,90,68,15,37,70,54,53,3,33,43,
86,83,14,11,24,77,64,26,66,40,49,82,52,29,7,35,89,6,10,
63,78,47,19,23,69,59,21,85,58,38,45,74,48,39],
\[52,32,6,78,75,38,2,21,47,65,74,12,11,71,81,36,72,79,61,
18,23,84,8,64,53,25,44,51,27,66,42,7,73,19,43,56,63,3,31,
17,9,39,67,29,83,54,41,88,69,15,80,57,26,90,10,16,1,45,
24,82,34,4,77,59,55,85,35,22,76,48,89,40,91,13,87,49,37,
62,20,28,50,86,58,68,30,60,5,70,14,46,33]
/*order=42456960=2^7*3^6*5*7*13*/>
