PermutationGroup<820|
\[295,262,521,344,230,114,12,657,330,133,608,7,108,14,398,
313,586,731,376,677,81,418,708,161,46,47,748,90,353,654,783,
440,95,791,551,195,168,86,622,519,496,42,186,302,596,25,26,
562,257,332,97,370,702,661,98,434,293,304,65,490,416,193,252,
101,59,687,121,299,417,249,801,321,198,479,629,276,414,770,
592,707,21,571,647,329,734,38,604,546,525,28,110,280,307,438,
33,268,51,55,556,169,64,599,356,354,574,542,575,13,808,91,
187,154,659,6,248,804,781,326,636,524,67,475,469,523,709,774,
319,406,609,274,492,271,10,227,582,593,415,155,660,550,449,
239,177,721,668,410,522,298,149,263,367,228,461,112,138,309,
159,578,157,536,24,628,696,402,290,207,389,37,100,704,646,
218,544,269,446,753,143,757,486,452,500,501,543,670,807,43,
111,459,516,681,737,192,62,540,36,433,202,73,358,759,425,197,
390,235,729,788,166,294,345,210,684,603,388,238,567,784,585,
172,281,405,513,796,508,665,666,442,134,152,240,5,611,566,
756,703,204,375,705,214,142,229,625,569,758,444,403,333,732,
115,70,401,576,63,529,552,589,340,49,506,478,396,812,2,150,
678,491,357,399,96,174,505,132,560,495,130,409,76,450,362,
285,92,219,744,773,429,279,383,457,570,317,165,616,515,57,
208,1,810,626,148,68,300,423,44,649,58,799,641,93,674,156,
742,664,395,16,380,512,803,289,606,127,802,72,494,620,404,
671,118,746,637,84,9,554,50,246,673,526,685,466,733,639,256,
699,507,428,4,209,680,420,722,775,528,391,352,29,104,453,103,
266,199,509,373,724,278,520,364,631,476,151,597,456,52,421,
580,360,740,236,19,426,607,776,314,683,738,286,726,727,714,
712,213,167,203,351,584,527,443,312,260,766,15,267,462,250,
164,245,324,220,128,467,653,275,146,710,787,755,77,137,61,69,
22,477,347,371,583,301,739,201,377,644,343,284,610,675,493,
196,56,725,662,815,94,439,32,634,226,394,244,728,175,448,447,
141,277,460,180,355,602,785,369,287,790,188,451,153,400,594,
643,723,337,407,468,123,510,743,624,534,474,122,366,419,259,
74,587,667,548,591,563,688,179,754,504,741,60,265,131,432,
322,273,41,767,511,538,181,182,805,818,488,270,258,342,223,
359,470,498,315,221,655,292,189,700,564,40,363,3,147,124,120,
89,335,393,350,253,778,669,642,820,473,750,160,747,499,719,
194,780,106,183,173,621,88,701,482,720,140,35,254,648,331,
676,99,656,697,595,272,682,48,484,518,663,232,215,568,242,
288,82,777,764,105,107,251,615,158,761,372,627,135,422,392,
217,17,480,786,255,614,483,79,136,463,559,45,368,635,102,600,
601,454,212,87,713,318,378,11,129,430,231,768,640,590,577,
291,735,698,771,323,545,39,806,472,241,297,581,162,75,652,
365,632,633,441,598,119,328,711,339,613,306,532,464,427,672,
171,83,553,303,706,762,630,408,30,514,557,8,715,113,139,54,
436,565,311,224,225,481,145,531,184,325,645,334,308,431,555,
20,264,716,346,190,561,381,211,336,760,66,485,752,792,730,
718,765,694,717,163,558,618,341,517,547,53,234,170,237,650,
80,23,125,411,638,387,605,386,658,679,695,692,539,549,144,
348,465,361,435,384,385,445,205,691,18,247,338,85,617,794,
191,382,424,374,489,310,471,282,798,327,537,27,816,535,789,
689,176,487,413,233,178,243,200,686,579,651,779,573,693,397,
497,612,800,78,619,795,283,126,349,379,572,530,763,541,117,
797,31,216,455,588,412,206,751,458,34,690,819,736,772,222,
782,745,305,769,71,320,316,116,502,623,185,109,809,296,811,
261,813,817,437,749,814,503,793,533],
\[334,22,282,125,449,316,587,89,802,756,755,172,458,242,10,
395,358,719,742,199,796,643,768,380,480,584,507,545,504,146,
105,150,667,637,27,116,725,78,18,531,136,130,571,98,765,290,
25,135,649,795,691,652,490,289,772,42,469,110,374,262,750,
200,715,104,93,8,79,216,476,131,711,207,231,246,54,245,671,
471,544,516,243,632,186,244,311,502,100,769,496,540,138,40,
256,340,343,156,811,339,115,492,617,184,389,49,288,86,612,
567,357,639,353,56,433,576,82,260,520,488,701,247,388,456,13,
97,206,606,518,536,611,112,37,382,38,703,581,336,14,748,462,
783,804,122,793,538,512,52,489,120,781,661,333,491,664,415,
668,287,553,521,585,532,787,660,87,721,228,171,613,472,688,
305,263,753,683,625,737,604,398,685,709,322,814,283,558,158,
629,189,692,74,204,497,298,578,76,657,761,352,647,695,197,
707,550,642,53,83,697,785,526,720,500,618,644,36,522,330,379,
141,217,554,733,240,107,222,95,397,615,60,143,445,565,773,
361,484,403,229,432,636,368,272,582,46,444,438,730,225,727,
740,548,47,214,250,147,169,223,634,341,780,182,731,145,212,
162,483,818,689,144,610,684,808,596,113,5,670,561,94,373,478,
187,421,2,534,281,486,299,601,180,724,591,669,312,220,547,
454,479,452,258,270,746,280,257,307,732,820,402,563,676,440,
475,378,111,812,85,75,718,326,506,128,759,45,43,523,192,686,
729,651,525,350,662,106,114,717,264,329,439,376,530,774,557,
605,784,494,510,15,253,48,7,633,767,435,751,775,574,77,364,
293,648,779,304,655,351,124,598,551,409,309,501,9,441,392,91,
331,164,265,19,208,203,675,39,337,599,205,230,239,219,284,
347,170,345,61,349,754,356,801,371,533,803,663,564,400,321,
468,646,543,535,202,419,406,696,602,446,72,470,101,603,560,
195,261,224,508,181,354,266,762,251,69,722,425,301,777,71,
586,431,324,296,175,161,640,482,137,528,447,269,401,411,607,
770,539,570,233,609,302,789,509,404,153,157,700,579,460,412,
123,735,315,319,766,33,355,255,177,592,600,133,786,176,757,
588,817,503,291,420,248,614,80,226,474,485,747,568,190,423,
375,286,163,593,274,741,66,118,383,236,573,457,328,394,119,
465,139,713,809,815,467,88,624,673,743,159,437,26,728,631,
413,102,210,23,552,396,410,702,151,805,313,699,134,477,191,
448,6,595,372,363,738,680,723,813,650,524,57,276,148,391,55,
666,28,594,179,555,517,308,681,366,714,129,434,109,417,764,
712,800,621,641,306,463,572,694,659,426,332,32,399,365,428,
344,132,622,556,687,430,387,300,710,252,96,546,174,455,317,
367,791,73,706,443,792,297,117,708,597,656,798,385,271,278,
273,627,211,693,84,310,459,213,450,126,705,323,90,259,493,51,
221,628,185,295,149,99,422,816,414,654,11,665,776,461,155,
453,279,167,183,790,20,698,64,67,235,30,427,499,788,620,541,
658,359,416,577,63,325,292,589,794,505,569,31,810,196,173,
267,616,1,386,744,527,511,194,645,418,734,513,542,285,515,
590,370,464,752,797,739,209,390,566,24,466,92,142,29,782,160,
318,487,215,806,473,218,638,736,407,35,635,327,716,249,335,
377,59,393,575,178,152,70,127,193,726,583,778,630,653,498,
672,436,429,562,623,481,188,529,275,50,21,227,408,3,369,12,
121,103,626,749,198,34,342,232,690,537,168,154,346,580,234,
704,758,608,320,679,165,16,201,799,41,314,58,763,81,549,65,
519,678,268,44,4,760,348,17,451,442,338,384,745,362,514,677,
277,241,381,819,237,559,771,68,495,62,254,140,682,238,360,
674,303,405,294,807,424,166,108,619]
/*order=2^8*3^8*5^2*41*/>
