PermutationGroup<88|
\[2,4,6,8,10,9,13,1,15,14,18,19,16,22,3,25,26,23,24,30,
31,5,34,35,7,33,39,40,42,36,37,29,45,11,12,49,50,51,46,
47,54,48,28,55,17,58,43,32,20,21,57,56,62,59,60,66,67,27,
69,70,64,68,53,73,74,71,38,63,41,44,52,78,76,77,80,61,81,
79,84,82,65,85,86,72,75,87,88,83],
\[3,5,7,9,11,12,1,14,16,17,2,20,21,23,24,4,27,28,29,6,
32,33,8,36,37,38,10,41,43,30,44,13,46,47,48,15,42,52,53,
35,18,25,19,56,57,22,59,40,49,60,61,26,63,64,65,31,66,68,
34,71,72,58,39,74,75,45,73,62,76,77,50,51,79,54,55,81,82,
83,67,78,69,70,80,87,84,86,85,88]
/*order=79464=2^3*3*7*11*43*/>
