//Standard generators of U3(3) = G2(2)' are a, b where a has order 2,
//b has order 6 and ab has order 7.
_LR := rec < recformat< F: GrpFP, AI: SeqEnum, G: GrpMat > |
      F := FreeGroup(2) >;
_LR`AI := [ [a, b^-1] ] where a is (_LR`F).1 where b is (_LR`F).2;

//two constituents, interchanged by _LR`AI[1]
_LR`G :=
MatrixGroup<32, ext<K|Polynomial(K, [2, -1, 1])> where K is RationalField() |
[[78,-43],[-3,-35],[
-4,36],[-19,26],[
55,1],[64,2],[-31,31],[
-90,41],[-18,39],[
-76,51],[-26,51],[
-46,46],[-7,41],[
-84,20],[3,-41],[-52,5],[
-46,0],[40,7],[
13,24],[-33,27],[-5,3],[
-47,14],[-2,-4],[
-18,19],[10,-2],[8,32],[
-30,14],[-9,13],[
-71,16],[-22,9],[-70,8],[
-1,-2],[-28,-9],[
-21,13],[20,-12],[17,-3],[
-2,-16],[-2,-19],[
20,-2],[29,10],[
23,-8],[32,4],[31,-11],[
28,-4],[24,-13],[
16,16],[-25,14],[6,13],[
0,14],[3,-14],[
15,-12],[18,0],[4,0],[
11,7],[-2,2],[
11,0],[-2,-2],[19,-14],[
9,4],[8,-2],[
13,14],[8,2],[6,18],[
0,0],[-39,-87],[
-94,17],[97,-14],[48,17],[
54,-74],[62,-85],[
51,29],[29,97],[
96,6],[71,77],[119,14],[
88,41],[110,-10],[
-20,100],[-105,12],[
-36,66],[-44,62],[
55,-55],[78,-27],[
40,34],[2,5],[
0,54],[-11,5],[33,16],[
1,-11],[92,-23],[
8,34],[24,6],[-17,83],[
12,24],[-45,87],[
-5,1],[-28,-9],[-20,13],[
20,-12],[16,-3],[
-2,-16],[-2,-19],[20,-2],[
29,10],[23,-8],[
32,4],[31,-11],[28,-4],[
24,-13],[16,16],[
-25,14],[6,13],[0,14],[
3,-14],[15,-12],[
18,0],[4,0],[11,7],[
-2,2],[11,0],[
-2,-2],[19,-14],[9,4],[
8,-2],[13,14],[
8,2],[6,18],[0,0],[
-6,15],[10,3],[
-11,-3],[-2,-6],[-13,8],[
-15,9],[-1,-7],[
8,-16],[-9,-6],[1,-15],[
-10,-9],[-5,-11],[
-12,-4],[13,-14],[
11,4],[11,-8],[
11,-7],[-11,5],[-10,0],[
0,-7],[1,-1],[
5,-8],[1,0],[-1,-4],[
-1,1],[-11,-2],[
3,-5],[-1,-2],[10,-11],[
1,-4],[14,-10],[
2,0],[0,0],[0,0],[
0,0],[0,0],[0,
0],[0,0],[0,0],[
0,0],[0,0],[0,
0],[0,0],[0,0],[
0,0],[0,0],[0,
0],[0,0],[0,0],[
0,0],[-1,0],[
0,0],[0,0],[0,0],[
0,0],[0,0],[0,
0],[0,0],[0,0],[
0,0],[0,0],[0,
0],[0,0],[0,0],[
41,-3],[15,-18],[
-16,17],[-17,8],[14,13],[
16,16],[-22,8],[
-41,0],[-22,16],[-42,8],[
-31,20],[-32,13],[
-20,20],[-31,-9],[
20,-20],[-17,-9],[
-12,-11],[7,13],[
-8,16],[-22,6],[-3,1],[
-18,-3],[1,-2],[
-14,5],[3,1],[-13,18],[
-14,0],[-8,4],[
-25,-8],[-10,0],[-21,-13],[
1,-1],[43,17],[
34,-19],[-36,18],[-25,3],[
0,28],[0,32],[
-30,0],[-42,-22],[-41,13],[
-53,-10],[-53,14],[
-48,2],[-42,19],[
-22,-30],[40,-19],[-5,-23],
[-1,-23],[-6,23],[
-24,19],[-27,-3],[
-3,-1],[-16,-15],[
3,-3],[-19,1],[
3,3],[-31,20],[-14,-8],[
-12,2],[-18,-25],[
-11,-5],[-8,-30],[
2,-1],[66,9],[
37,-29],[-41,28],[-33,9],[
12,32],[14,36],[
-40,7],[-66,-16],[-51,23],[
-77,0],[-65,27],[
-64,12],[-49,30],[-43,-29],
[44,-30],[-16,-25],[
-12,-26],[3,27],[
-24,27],[-37,3],[-4,0],[
-28,-14],[3,-4],[
-25,6],[5,3],[-32,29],[
-22,-6],[-15,5],[
-36,-24],[-17,-3],[-25,-32],
[3,-2],[-7,-22],[
-22,3],[23,-2],[
10,5],[15,-18],[17,-20],[
10,8],[3,25],[
23,2],[15,20],[27,6],[
19,12],[26,-1],[
-7,25],[-24,1],[-11,16],[
-11,15],[14,-13],[
19,-6],[8,9],[
1,1],[-2,14],[-2,1],[
8,4],[0,-2],[
21,-4],[1,9],[5,2],[
-6,20],[1,6],[
-13,21],[-2,0],[36,-5],[
12,-16],[-13,16],[
-15,8],[15,10],[
17,12],[-20,8],[-39,3],[
-18,15],[-38,10],[
-26,20],[-29,14],[
-16,18],[-30,-5],[
16,-18],[-16,-7],[
-12,-8],[8,10],[
-5,13],[-19,6],[-2,0],[
-18,-1],[1,-2],[
-11,5],[3,1],[-10,16],[
-13,1],[-7,4],[
-24,-5],[-10,1],[-21,-9],[
0,-1],[43,17],[
34,-19],[-36,18],[-25,3],[
0,28],[0,32],[
-30,0],[-41,-22],[-41,13],[
-53,-10],[-53,14],[
-49,2],[-42,19],[
-22,-30],[40,-19],[-5,-23],
[-1,-23],[-6,23],[
-24,19],[-27,-3],[
-3,-1],[-16,-15],[
3,-3],[-19,1],[
3,3],[-31,20],[-14,-8],[
-12,2],[-18,-25],[
-11,-5],[-8,-30],[
2,-1],[-23,8],[
-3,10],[5,-10],[8,-6],[
-12,-4],[-14,-4],[
10,-7],[25,-6],[
9,-10],[24,-10],[12,-13],[
16,-10],[6,-11],[
21,-1],[-4,11],[11,2],[
11,3],[-9,-4],[
0,-8],[10,-6],[1,-1],[
12,-1],[0,1],[
6,-5],[-2,0],[1,-9],[
8,-2],[3,-3],[
18,-1],[6,-2],[17,2],[
-1,1],[0,0],[
0,0],[0,0],[0,0],[
0,0],[0,0],[0,
0],[1,0],[0,0],[
1,0],[-1,0],[
0,0],[0,0],[0,0],[
0,0],[0,0],[0,
0],[0,0],[0,0],[
0,0],[0,0],[0,
0],[0,0],[0,0],[
0,0],[0,0],[0,
0],[0,0],[0,0],[
0,0],[0,0],[0,
0],[36,-5],[12,-16],[
-13,16],[-15,8],[
15,10],[17,12],[-20,8],[
-38,3],[-18,15],[
-38,10],[-26,20],[-29,14],[
-16,18],[-30,-5],[
16,-18],[-16,-7],[
-12,-8],[8,10],[
-5,13],[-19,6],[-3,0],[
-18,-1],[1,-2],[
-11,5],[3,1],[-9,16],[
-13,1],[-7,4],[
-24,-5],[-10,1],[-21,-9],[
0,-1],[0,0],[
0,0],[0,0],[0,0],[
0,0],[0,0],[0,
0],[0,0],[0,0],[
0,0],[0,0],[0,
0],[0,0],[0,0],[
0,0],[-1,0],[
0,0],[0,0],[0,0],[
0,0],[0,0],[0,
0],[0,0],[0,0],[
0,0],[0,0],[0,
0],[0,0],[0,0],[
0,0],[0,0],[0,
0],[31,16],[27,-13],[
-30,13],[-19,0],[
-4,23],[-4,26],[-21,-2],[
-29,-20],[-35,8],[
-40,-12],[-43,8],[
-38,-2],[-35,13],[
-14,-25],[31,-13],[
0,-19],[2,-20],[
-7,19],[-21,15],[-19,-4],[
-1,0],[-11,-13],[
2,-2],[-15,0],[2,2],[
-25,14],[-9,-7],[
-8,1],[-12,-20],[-9,-4],[
-3,-25],[3,-1],[
58,-7],[19,-25],[-22,25],[
-24,12],[22,17],[
25,20],[-30,12],[-60,3],[
-32,24],[-61,14],[
-43,30],[-47,20],[
-27,28],[-46,-10],[
25,-28],[-24,-12],[
-19,-15],[12,17],[
-9,22],[-29,9],[
-3,1],[-28,-3],[1,-3],[
-19,8],[5,1],[
-16,25],[-20,1],[-10,6],[
-38,-8],[-15,1],[
-32,-16],[2,-2],[0,0],[
0,0],[0,0],[0,
0],[0,0],[-1,0],[
0,0],[0,0],[0,
0],[0,0],[0,0],[
0,0],[0,0],[0,
0],[0,0],[0,0],[
0,0],[0,0],[0,
0],[0,0],[0,0],[
0,0],[0,0],[0,
0],[0,0],[0,0],[
0,0],[0,0],[0,
0],[0,0],[0,0],[
0,0],[52,-5],[
19,-23],[-23,24],[-22,11],[
20,17],[22,19],[
-29,10],[-57,1],[-31,23],[
-59,14],[-42,27],[
-47,19],[-28,26],[
-43,-11],[25,-24],[
-21,-13],[-18,-12],[
11,15],[-9,19],[
-27,7],[-3,-1],[-27,-4],[
1,-3],[-16,7],[
5,1],[-16,22],[-19,0],[
-10,5],[-35,-9],[
-13,0],[-29,-14],[1,-2],[
45,4],[24,-20],[
-27,20],[-22,7],[10,20],[
12,23],[-27,6],[
-47,-8],[-34,16],[-53,2],[
-42,20],[-44,10],[
-32,21],[-32,-17],[
28,-21],[-12,-16],[
-9,-17],[3,18],[
-15,18],[-25,3],[-3,0],[
-21,-8],[2,-3],[
-16,4],[4,2],[-20,20],[
-15,-3],[-10,4],[
-27,-14],[-13,-1],[-19,-20],
[1,-1],[-45,-4],[
-24,20],[27,-19],[
22,-7],[-10,-20],[
-12,-23],[27,-6],[
46,9],[33,-15],[
52,-1],[42,-19],[43,-9],[
31,-20],[31,18],[
-28,21],[12,16],[9,17],[
-3,-18],[15,-18],[
25,-3],[3,0],[
20,9],[-2,3],[16,-4],[
-4,-2],[20,-20],[
15,3],[10,-4],[27,15],[
12,2],[19,20],[
-1,1],[-43,-17],[-34,19],[
36,-18],[25,-3],[
0,-28],[0,-32],[30,0],[
42,22],[41,-13],[
53,10],[53,-14],[49,-2],[
42,-19],[22,30],[
-40,19],[5,23],[1,23],[
6,-23],[24,-19],[
27,3],[3,1],[16,15],[
-2,3],[20,-1],[
-3,-3],[31,-20],[14,8],[
12,-2],[18,25],[
11,5],[8,30],[-2,1],[
0,0],[0,0],[0,
0],[0,0],[0,0],[
0,0],[0,0],[0,
0],[0,0],[0,0],[
0,0],[0,0],[0,
0],[0,0],[0,0],[
0,0],[0,0],[0,
0],[0,0],[0,0],[
0,0],[0,0],[0,
0],[-1,0],[0,0],[
0,0],[0,0],[0,
0],[0,0],[0,0],[
0,0],[0,0],[
-3,-25],[-24,1],[22,0],[
11,6],[18,-18],[
21,-21],[10,10],[-2,28],[
21,4],[10,23],[
26,7],[17,13],[25,1],[
-13,26],[-25,-1],[
-13,17],[-14,15],[
17,-13],[20,-5],[
7,11],[0,2],[-5,14],[
-3,1],[7,6],[
2,-3],[23,-3],[-1,10],[
5,3],[-12,22],[
0,6],[-17,22],[-1,0],[
2,-13],[-10,-1],[
9,2],[3,4],[10,-8],[
12,-9],[3,6],[
-5,14],[7,3],[0,12],[
10,6],[4,8],[
10,2],[-10,13],[-11,-2],[
-7,7],[-8,6],[
9,-5],[9,-1],[2,6],[
0,1],[-5,7],[
-1,0],[3,3],[1,-1],[
11,0],[-1,5],[
2,2],[-9,11],[-2,4],[
-11,10],[-1,0],[
-6,17],[12,3],[-14,-3],[
-2,-7],[-15,10],[
-17,11],[-1,-8],[8,-19],[
-11,-7],[0,-18],[
-13,-10],[-7,-13],[-15,-5],
[13,-16],[13,4],[
13,-9],[12,-8],[
-12,6],[-12,0],[0,-8],[
1,-1],[5,-10],[
1,0],[-2,-4],[-1,1],[
-12,-2],[3,-6],[
-2,-2],[10,-13],[0,-5],[
15,-12],[2,0],[
56,8],[32,-24],[-34,23],[
-29,7],[10,27],[
11,31],[-34,5],[-54,-15],[
-42,19],[-64,-1],[
-55,23],[-54,10],[
-40,25],[-35,-25],[
37,-25],[-13,-22],[
-10,-22],[2,23],[
-20,23],[-31,2],[-3,0],[
-23,-12],[3,-3],[
-21,5],[3,3],[-27,24],[
-19,-5],[-12,4],[
-28,-21],[-14,-2],[-21,-28],
[3,-2],[-6,15],[
10,3],[-11,-3],[-2,-6],[
-13,8],[-15,9],[
-1,-7],[8,-16],[-9,-6],[
1,-15],[-10,-9],[
-5,-11],[-12,-4],[13,-14],[
11,4],[11,-8],[
11,-7],[-11,5],[-11,0],[
0,-7],[1,-1],[
6,-8],[1,0],[-1,-4],[
-1,1],[-11,-2],[
3,-5],[-1,-2],[10,-11],[
1,-4],[14,-10],[
1,0],[9,9],[12,-4],[
-14,4],[-7,-1],[
-5,10],[-5,11],[-7,-2],[
-8,-11],[-16,1],[
-15,-8],[-17,0],[-15,-4],[
-16,3],[-2,-12],[
12,-3],[4,-9],[3,-9],[
-5,8],[-10,5],[
-6,-3],[0,0],[-3,-7],[
1,-1],[-5,-1],[
1,1],[-10,4],[-2,-4],[
-3,0],[-3,-9],[
-4,-2],[2,-11],[1,0],[
-3,-20],[-19,1],[
17,0],[9,5],[14,-15],[
17,-17],[8,9],[
-2,23],[16,2],[8,18],[
22,5],[14,10],[
20,0],[-11,21],[-21,-1],[
-10,14],[-10,11],[
13,-10],[15,-4],[
6,9],[-1,2],[-4,11],[
-2,0],[6,4],[
2,-2],[19,-2],[0,8],[
4,3],[-11,18],[
-1,5],[-13,18],[-2,1],[
-45,-4],[-24,20],[
27,-19],[22,-7],[
-9,-20],[-11,-23],[27,-6],[
46,9],[33,-15],[
52,-1],[42,-19],[43,-9],[
31,-20],[31,18],[
-28,21],[12,16],[9,17],[
-3,-18],[15,-18],[
25,-3],[3,0],[
20,9],[-2,3],[16,-4],[
-4,-2],[20,-20],[
15,3],[10,-4],[26,15],[
12,2],[19,20],[
-1,1]],
[[32,20],[31,-13],[
-33,12],[-20,-2],[
-7,26],[-8,30],[
-24,-3],[-26,-26],[-36,7],[
-39,-17],[-47,7],[
-39,-5],[-37,11],[
-12,-29],[36,-13],[
2,-21],[5,-22],[
-9,21],[-24,15],[-21,-6],[
-1,0],[-9,-16],[
4,-2],[-16,1],[1,4],[
-29,15],[-9,-8],[
-9,0],[-9,-25],[-9,-6],[
0,-30],[4,-2],[
0,0],[0,0],[0,0],[
0,0],[0,0],[0,
0],[0,0],[0,0],[
1,0],[0,0],[0,
0],[0,0],[0,0],[
0,0],[0,0],[0,
0],[0,0],[0,0],[
0,0],[0,0],[0,
0],[0,0],[0,0],[
0,0],[0,0],[0,
0],[0,0],[-1,0],[
-1,0],[0,0],[
0,0],[0,0],[-16,-13],[
-18,7],[17,-4],[
11,3],[7,-15],[6,-17],[
13,0],[11,15],[
17,3],[17,15],[20,-1],[
14,6],[18,-3],[
3,17],[-20,9],[-3,10],[
-8,14],[7,-12],[
16,-8],[12,2],[6,-2],[
1,10],[-2,1],[
8,-1],[-2,-3],[15,-9],[
4,6],[5,-2],[
4,15],[5,3],[-4,19],[
-1,-1],[0,0],[
0,0],[0,0],[0,0],[
0,0],[0,0],[0,
0],[0,0],[1,0],[
0,0],[0,0],[0,
0],[0,0],[0,0],[
0,0],[0,0],[0,
0],[0,0],[0,0],[
0,0],[0,0],[0,
0],[1,0],[0,0],[
-1,0],[0,0],[
0,0],[-1,0],[0,0],[
0,0],[0,0],[0,
0],[32,-19],[-3,-14],[
2,14],[-8,11],[
24,-1],[28,-1],[-12,13],[
-35,18],[-4,17],[
-28,23],[-8,22],[-16,21],[
1,17],[-33,9],[
0,-17],[-23,3],[-20,1],[
17,2],[7,10],[
-13,12],[-2,1],[-18,7],[
-1,-1],[-7,8],[
4,-1],[4,13],[-12,6],[
-3,5],[-28,8],[
-7,4],[-28,4],[0,-1],[
-8,-29],[-29,3],[
28,-2],[14,7],[20,-23],[
23,-26],[13,11],[
2,33],[28,3],[17,26],[
34,7],[24,14],[
32,-1],[-12,32],[-31,1],[
-14,21],[-15,19],[
19,-17],[25,-8],[
10,12],[0,2],[-4,17],[
-3,1],[9,6],[
1,-3],[28,-5],[0,12],[
6,3],[-10,26],[
1,7],[-18,27],[-2,0],[
0,0],[0,0],[0,
-1],[0,0],[0,0],[
0,0],[0,0],[1,
-1],[1,-1],[1,-1],[
1,-1],[1,-1],[
1,-1],[1,-1],[0,0],[
0,0],[0,0],[0,
0],[0,0],[0,0],[
0,0],[1,-1],[
0,0],[1,0],[1,0],[
0,0],[0,0],[0,
0],[0,-1],[1,-1],[
0,0],[0,0],[
14,14],[18,-6],[-18,4],[
-11,-2],[-8,15],[
-8,17],[-11,-3],[-9,-17],[
-20,0],[-18,-14],[
-23,0],[-17,-7],[
-21,4],[0,-18],[19,-6],[
5,-12],[6,-14],[
-8,12],[-15,8],[-10,-4],[
-1,1],[-1,-10],[
2,-1],[-9,-1],[0,2],[
-16,7],[-3,-6],[
-5,0],[-1,-15],[-4,-3],[
4,-18],[2,0],[
13,25],[27,-6],[-27,3],[
-14,-5],[-17,22],[
-18,25],[-14,-7],[
-7,-28],[-27,-4],[
-19,-25],[-32,-5],[
-21,-14],[-30,2],[
6,-29],[29,-5],[
11,-18],[14,-20],[-16,17],[
-24,9],[-12,-8],[
-3,1],[2,-16],[3,-1],[
-11,-4],[0,3],[
-25,8],[-2,-10],[-7,-1],[
4,-24],[-4,-6],[
13,-27],[2,1],[-14,-14],[
-18,6],[18,-4],[
11,2],[8,-15],[8,-17],[
11,3],[9,17],[
19,0],[17,14],[24,0],[
17,7],[20,-4],[
1,18],[-19,6],[-5,12],[
-6,14],[8,-12],[
15,-8],[10,4],[1,-1],[
1,10],[-2,1],[
9,1],[0,-2],[16,-7],[
3,6],[5,0],[1,
15],[4,3],[-4,18],[
-2,0],[0,0],[
0,0],[0,0],[0,0],[
0,0],[0,0],[0,
0],[0,0],[-1,0],[
-1,0],[0,0],[
0,0],[0,0],[0,0],[
0,0],[0,0],[0,
0],[0,0],[0,0],[
0,0],[0,0],[0,
0],[0,0],[0,0],[
0,0],[0,0],[0,
0],[1,0],[0,0],[
0,0],[0,0],[0,
0],[23,-8],[3,-10],[
-5,10],[-8,6],[
13,4],[15,4],[-10,7],[
-24,6],[-10,10],[
-24,10],[-12,13],[-16,10],[
-6,11],[-21,1],[
4,-11],[-11,-2],[-11,-3],[
9,4],[0,8],[
-10,6],[-1,1],[-12,1],[
0,-1],[-5,5],[
3,0],[-1,9],[-9,2],[
-2,3],[-18,1],[
-6,2],[-17,-2],[1,-1],[
-7,3],[0,3],[
2,-3],[1,-2],[-4,-1],[
-5,-1],[3,-2],[
8,-2],[2,-3],[7,-3],[
4,-4],[5,-3],[
2,-3],[7,0],[-1,3],[
4,0],[4,0],[
-3,-1],[-1,-2],[3,-2],[
0,0],[4,0],[0,
0],[3,-2],[0,0],[
0,-3],[3,-1],[
2,-1],[6,0],[2,0],[
6,0],[0,0],[0,
0],[0,0],[0,0],[
-1,0],[0,0],[
0,0],[0,0],[0,0],[
0,0],[0,0],[0,
0],[0,0],[0,0],[
0,0],[0,0],[0,
0],[0,0],[0,0],[
0,0],[0,0],[0,
0],[0,0],[0,0],[
1,0],[1,0],[0,
0],[0,0],[0,0],[
0,0],[0,0],[0,
0],[0,0],[0,0],[
0,0],[0,0],[0,
0],[0,0],[0,0],[
0,0],[0,0],[
-1,0],[0,0],[0,0],[
0,0],[0,0],[0,
0],[0,0],[0,0],[
0,0],[0,0],[
-1,0],[1,0],[0,0],[
0,0],[0,0],[1,
0],[1,0],[0,0],[
0,0],[1,0],[0,
0],[0,0],[0,0],[
0,0],[0,0],[0,
0],[0,0],[0,0],[
0,0],[0,0],[0,
0],[0,0],[0,0],[
0,0],[0,0],[0,
0],[0,0],[0,0],[
0,0],[0,0],[0,
0],[0,0],[-1,0],[
0,0],[0,0],[0,
0],[0,0],[1,0],[
1,0],[0,0],[0,
0],[1,0],[0,0],[
0,0],[0,0],[0,
0],[24,-1],[10,-10],[
-11,9],[-11,4],[
7,9],[9,10],[-13,4],[
-22,-3],[-13,8],[
-25,2],[-19,11],[-19,5],[
-12,10],[-17,-7],[
11,-11],[-7,-6],[
-7,-7],[4,8],[-4,9],[
-13,3],[-1,0],[
-9,-4],[1,-1],[-9,4],[
1,1],[-7,10],[
-8,-1],[-5,2],[-14,-6],[
-6,0],[-12,-9],[
1,-1],[13,-12],[-6,-5],[
4,5],[-1,5],[
12,-3],[15,-4],[-2,7],[
-13,12],[1,6],[
-9,11],[1,9],[-2,8],[
5,6],[-16,8],[
-6,-7],[-10,5],[-10,2],[
10,-1],[6,4],[
-3,7],[-1,2],[-7,4],[
-1,0],[-3,5],[
2,-1],[7,5],[-5,4],[
0,3],[-14,7],[
-4,3],[-14,4],[1,0],[
16,13],[18,-7],[
-19,6],[-11,-1],[-5,15],[
-6,17],[-13,-3],[
-14,-16],[-20,3],[-21,-10],
[-26,2],[-21,-4],[
-22,6],[-4,-18],[
21,-6],[2,-13],[4,-12],[
-7,12],[-14,8],[
-11,-4],[-1,0],[-4,-10],[
2,-1],[-9,-1],[
0,2],[-17,7],[-6,-5],[
-6,0],[-3,-15],[
-3,-4],[2,-17],[2,0],[
37,23],[36,-16],[
-37,14],[-24,-1],[-7,30],[
-8,34],[-27,-4],[
-32,-29],[-41,8],[-46,-18],
[-53,8],[-44,-5],[
-43,15],[-13,-34],[
41,-15],[2,-25],[
5,-25],[-11,24],[-27,18],[
-24,-6],[-2,0],[
-10,-18],[3,-2],[-19,0],[
1,4],[-33,17],[
-12,-10],[-11,1],[-10,-28],[
-9,-6],[0,-34],[
4,-1],[23,-8],[3,-10],[
-5,11],[-8,6],[
13,4],[15,4],[-10,7],[
-25,7],[-11,11],[
-25,11],[-13,14],[-17,11],[
-7,12],[-22,2],[
4,-11],[-11,-2],[-11,-3],[
9,4],[0,8],[
-10,6],[-1,1],[-13,2],[
0,-1],[-6,5],[
2,0],[-1,9],[-8,2],[
-2,3],[-19,2],[
-7,3],[-17,-2],[1,-1],[
-23,8],[-3,10],[
5,-11],[8,-6],[-13,-4],[
-15,-4],[10,-7],[
25,-7],[11,-11],[25,-11],[
13,-14],[17,-11],[
7,-12],[22,-2],[
-4,11],[11,2],[11,3],[
-9,-4],[0,-8],[
10,-6],[1,-1],[13,-2],[
0,1],[6,-5],[
-2,0],[1,-9],[8,-2],[
2,-3],[19,-2],[
8,-3],[16,2],[-1,1],[
-38,23],[3,17],[
-1,-18],[10,-13],[-29,1],[
-33,1],[15,-16],[
44,-22],[7,-20],[36,-27],[
11,-27],[21,-25],[
1,-21],[42,-13],[
0,20],[26,-3],[23,-1],[
-21,-2],[-8,-11],[
16,-14],[3,-2],[
24,-9],[1,1],[7,-10],[
-4,1],[-5,-15],[
15,-8],[3,-6],[34,-10],[
11,-6],[35,-5],[
0,2],[-29,23],[8,12],[
-6,-13],[5,-11],[
-26,4],[-30,5],[8,-13],[
31,-22],[1,-17],[
26,-26],[3,-22],[13,-21],[
-6,-16],[33,-14],[
7,15],[22,-6],[
23,-4],[-20,1],[-11,-9],[
10,-13],[0,-1],[
17,-9],[2,1],[5,-9],[
-4,2],[-10,-11],[
11,-7],[1,-5],[28,-12],[
7,-6],[31,-9],[
0,1],[16,-12],[-4,-7],[
2,7],[-2,6],[
13,-1],[16,-2],[-4,7],[
-17,11],[-1,9],[
-15,13],[-2,11],[-7,10],[
2,8],[-18,7],[
-4,-8],[-11,3],[-13,2],[
11,0],[6,5],[
-6,7],[0,1],[-9,4],[
-1,-1],[-4,5],[
2,-1],[6,6],[-6,3],[
-2,3],[-16,6],[
-4,3],[-17,4],[0,0],[
9,-22],[-15,-4],[
13,7],[3,8],[21,-11],[
23,-13],[1,10],[
-16,24],[9,11],[-7,25],[
10,14],[0,18],[
14,8],[-22,20],[-15,-5],[
-16,10],[-17,11],[
17,-8],[15,0],[
0,10],[0,0],[-12,12],[
-2,0],[3,6],[
2,-2],[15,2],[-5,8],[
2,3],[-18,17],[
-3,6],[-21,16],[-1,-1],[
15,-24],[-15,-6],[
14,7],[1,9],[
22,-11],[26,-12],[0,12],[
-18,25],[9,11],[
-8,24],[10,16],[2,18],[
15,9],[-24,20],[
-15,-9],[-19,11],[-18,8],[
18,-6],[15,3],[
-2,12],[0,2],[-12,12],[
-1,0],[0,7],[
2,-2],[15,5],[-6,9],[
2,4],[-20,17],[
-4,6],[-24,14],[0,-1],[
7,-5],[-1,-3],[
1,3],[-2,3],[6,-1],[
7,-1],[-3,3],[
-8,5],[-1,4],[-6,6],[
-1,5],[-3,5],[
1,4],[-7,2],[-1,-3],[
-6,1],[-5,1],[
4,0],[2,2],[-2,3],[
0,0],[-4,2],[
0,0],[-1,2],[1,0],[
1,3],[-3,2],[
0,1],[-6,2],[-1,1],[
-7,2],[0,0],[
23,-6],[5,-10],[-8,10],[
-8,5],[10,6],[
13,6],[-10,6],[-24,3],[
-11,9],[-25,7],[
-15,12],[-18,8],[-9,10],[
-21,-1],[6,-11],[
-9,-3],[-10,-4],[8,5],[
-1,8],[-11,5],[
-1,1],[-12,-1],[0,-1],[
-7,5],[2,0],[
-2,9],[-8,1],[-4,3],[
-18,-1],[-7,1],[
-16,-4],[1,-1],[8,-16],[
-11,-3],[10,4],[
2,5],[15,-8],[17,-9],[
1,8],[-10,17],[
7,6],[-4,16],[9,9],[
3,11],[11,5],[
-15,14],[-12,-5],[-11,8],[
-11,6],[12,-5],[
10,1],[0,8],[-1,2],[
-7,8],[-1,0],[
1,5],[1,-1],[12,2],[
-4,6],[2,3],[
-13,12],[-3,5],[-15,10],[
0,0],[32,-26],[
-9,-14],[6,16],[-5,12],[
30,-5],[34,-6],[
-10,16],[-38,26],[-1,19],[
-29,30],[-4,25],[
-15,25],[5,18],[-40,18],[
-7,-17],[-25,7],[
-24,5],[23,-2],[12,9],[
-12,15],[-2,2],[
-22,11],[-2,-1],[-5,10],[
4,-2],[11,12],[
-13,9],[-2,6],[-34,15],[
-10,7],[-34,10],[
0,-1],[-26,-5],[-16,11],[
18,-11],[13,-2],[
-5,-13],[-5,-15],[17,-2],[
26,9],[20,-8],[
30,1],[28,-10],[27,-4],[
20,-11],[17,13],[
-19,11],[5,11],[3,10],[
0,-11],[10,-10],[
15,-1],[2,0],[11,7],[
-1,1],[10,-3],[
-1,-2],[14,-11],[10,2],[
6,-2],[14,11],[
7,2],[8,14],[-2,1]]>;

return _LR;
