//Standard generators of U4(3) are a and b where a has order 2, b is in class
//6A, ab has order 7 and abababbababb has order 5.
_LR := rec < recformat< F: GrpFP, AI: SeqEnum, G: GrpMat > |
      F := FreeGroup(2) >;
_LR`AI := [
      [ a, b^-2*a*b*a*b^-1*a*b^-1*a*b^-2*a*b^-1*a*b^-2*a ],
       //U43.2_1 - order 2 -  not same as in Online ATLAS.
      [ a, b^-2*a*b^2*a*b^-1*a*b*a*b^-1*a*b^-1*a*b^3 ],
       //U43.2_2  - order 2 - not same as in Online ATLAS.
          [ a, (b^-1*a)^4*b^-2*a*b^-2*a*b*a*b^-1 ],
       //U43.(2_12_2) (not 2_3 !) - order 2
            [a,b^-1*a*b^-2*a*b^-1*a*b^-2*a*b*a*b^-2*a*b]]
       //U43.4  - order 4
                  where a is (_LR`F).1 where b is (_LR`F).2;
       //may need other auts later.
//two constituents fixed by 2_1 interchanged by 4 and 2_2

_LR`G := sub<GL(35,Integers()) |
\[ 0,0,0,0,1,0,1,0,1,1,0,0,1,0,-1,0,0,0,0,0,0,0,0,
1,0,1,0,1,0,0,0,0,1,1,0,0,0,1,0,0,0,0,1,0,0,0,1,0,
1,1,0,1,0,-1,0,0,0,0,0,0,0,0,0,0,0,0,0,0,0,0,0,0,
1,0,1,0,1,0,0,1,1,0,1,0,0,0,0,0,0,0,0,0,0,0,0,0,
-1,1,0,-1,0,0,0,0,0,0,0,0,0,0,0,0,-1,0,0,0,0,0,0,0,
0,-1,0,0,0,0,0,0,0,0,-1,0,0,0,0,1,-1,0,-1,0,0,0,0,
0,0,0,0,0,0,0,-1,1,0,0,0,0,0,0,0,0,1,0,0,0,0,0,0,
0,0,0,0,-1,1,0,0,0,-1,0,0,0,0,-1,0,0,-1,0,0,0,0,1,
0,0,0,0,0,0,0,0,0,0,-1,0,-1,0,0,0,0,-1,0,0,0,0,0,0,
0,0,0,-1,0,0,0,0,0,-1,-1,0,0,0,0,0,0,0,0,0,0,0,0,0,
0,0,0,0,0,0,0,0,0,0,0,0,0,0,1,0,0,0,0,0,0,0,0,0,0,
0,0,0,0,0,0,0,0,0,0,0,0,0,0,0,0,0,0,0,0,0,0,0,0,0,
0,0,0,0,0,0,1,0,0,0,0,0,0,0,0,0,0,0,0,0,0,0,0,0,0,
0,0,-1,0,0,-1,0,0,1,0,1,0,0,0,0,0,0,0,-1,0,0,0,0,0,
-1,0,0,0,1,0,0,0,1,0,0,0,0,0,0,0,0,0,0,0,0,0,0,0,
0,0,0,0,0,0,0,0,0,0,0,0,1,1,0,0,0,0,0,0,0,0,0,0,0,
0,0,0,0,1,0,-1,0,0,-1,0,0,0,0,0,-1,0,0,0,0,0,-1,0,
0,-1,0,0,0,0,1,-1,0,0,0,0,0,1,0,0,0,0,1,0,0,1,0,0,
1,1,0,1,0,-1,0,0,0,0,0,0,0,0,0,0,0,0,1,-1,0,0,0,0,
0,0,0,0,-1,-1,-1,0,0,0,0,0,0,0,0,0,0,0,0,0,0,0,0,0,
0,0,0,0,0,0,0,0,0,0,0,0,0,0,0,0,0,1,0,0,0,0,0,0,0,
0,0,0,0,0,0,0,0,0,0,0,0,0,0,0,0,0,0,0,0,-1,0,0,0,
0,-2,-1,-1,-1,-1,0,0,0,1,1,0,0,0,0,0,-1,0,0,0,-1,0,
-1,0,0,0,-1,0,0,0,0,1,0,0,-1,0,1,1,0,0,0,0,-1,0,0,
0,1,0,0,0,0,1,0,0,0,1,1,0,0,1,0,1,0,0,0,0,0,1,0,0,
1,0,0,-1,0,0,0,0,0,0,0,1,0,0,0,0,0,0,0,0,0,0,0,-1,
0,0,0,0,0,0,0,0,1,0,0,1,1,0,0,1,0,0,0,0,0,0,0,0,0,
0,0,1,-1,0,0,0,0,1,0,0,1,0,0,0,0,0,0,0,0,0,-1,0,0,
0,0,1,0,0,0,0,0,0,0,0,0,0,0,1,0,0,0,0,0,0,0,0,0,0,
0,0,0,-1,0,0,1,0,0,0,0,0,0,0,1,0,0,0,0,0,0,0,0,0,
0,0,0,0,0,0,0,0,0,0,0,0,0,0,0,0,0,0,0,-2,0,-1,-1,0,
0,-1,1,1,0,1,0,0,0,0,-1,1,0,0,0,0,-1,0,0,-1,0,0,0,
0,0,-1,0,0,0,0,-1,0,0,-1,0,0,0,0,1,0,0,0,0,1,0,0,0,
-1,-1,-1,0,-1,0,0,0,0,-1,0,0,1,0,0,1,0,1,0,0,0,0,0,
-1,0,0,-1,0,0,0,0,-1,-1,0,0,0,0,0,0,0,0,0,0,0,0,0,
0,-1,0,0,-1,0,-1,0,0,0,0,1,1,0,0,1,0,0,0,0,1,1,0,0,
0,0,0,0,0,0,0,0,0,0,0,0,1,0,-1,1,0,0,-1,-1,0,0,-1,
-1,0,0,0,0,-1,0,0,-1,0,0,0,0,0,0,0,0,1,0,0,-1,0,0,
0,-1,0,1,-1,0,0,1,0,0,1,1,0,0,0,0,0,0,1,0,1,0,0,0,
0,0,0,0,0,-1,0,1,0,0,0,0,0,0,0,0,-1,0,0,0,-1,0,0,0,
0,-1,0,0,0,1,1,1,0,0,0,-1,0,0,-1,0,-1,0,0,0,0,0,0,
0,0,1,0,0,0,1,1,0,0,1,0,0,0,0,0,1,-1,0,0,0,1,0,0,
0,0,0,0,0,0,0,1,-1,0,0,0,0,0,0,0,0,1,0,0,0,0,1,1,
-1,0,0,0,0,0,0,1,0,-1,0,1,0,-1,1,0,-1,0,0,0,0,0,1,
0,-1,1,0,0,0,1,1,0,-1,0,0,1,0,0,0,-1,0,0,0,1,0,0,
-1,0,1,0,1,1,0,0,0,0,0,0,-1,0,0,1,0,0,0,1,0,0,0,1,
1,0,0,0,-1,0,0,0,0,0,0,-1,-1,0,0,0,0,0,0,0,0,0,0,0,
0,0,1,-1,0,1,1,0,1,0,0,1,0,0,1,-1,0,0,0,0,1,1,0,0,
0,0,0,0,-1,1,0,0,0,0,0,0,-1,0,0,0,0,0,0,0,1,0,0,0,
0,0,0,0,1,0,0,0,0,0,0,0,0,0,0,0,0,0,0,0,0,0,0,0,0,
0,0,0,0,0,0,0,0,0,0,0,0,1,0,0,0,-1,0,0,1,0,-1,0,0,
-1,0,0,0,0,1 ],
\[ 0,0,0,1,0,0,0,0,-1,1,1,-1,0,0,0,0,0,0,0,0,0,0,0,
0,0,0,-1,1,0,0,0,0,0,0,0,-1,0,0,-1,0,0,-1,-1,-1,0,0,
0,-1,0,1,0,0,1,0,1,0,-1,0,0,0,0,0,-1,0,0,0,0,0,0,0,
0,0,0,0,0,0,-1,0,-1,0,0,0,0,0,1,0,0,1,0,1,0,-1,0,0,
0,0,-1,0,0,0,0,0,0,0,0,0,0,0,0,1,0,0,0,0,0,0,0,1,
0,0,0,0,0,0,0,0,-1,0,0,0,0,-1,0,0,-1,-1,0,0,0,0,-1,
0,1,-1,1,0,0,0,0,1,1,0,0,1,1,0,0,0,-1,0,0,-1,0,1,0,
0,0,0,0,0,0,0,0,0,0,0,0,0,0,0,0,1,1,1,0,0,0,0,0,0,
0,1,0,0,0,0,1,0,0,0,1,1,0,0,0,0,1,0,1,0,0,0,0,1,0,
0,1,0,0,0,0,0,1,-1,-1,0,-1,0,0,-1,0,0,-1,0,1,0,-1,1,
0,-1,0,0,0,0,0,0,1,0,-1,0,0,0,0,0,1,0,0,-1,1,0,0,0,
0,0,0,0,0,1,1,0,1,1,0,0,1,0,0,1,0,0,0,0,0,0,0,0,0,
1,0,0,1,0,0,0,1,0,1,0,0,1,0,0,0,0,0,0,0,0,0,0,0,1,
-1,0,0,1,0,0,0,1,0,-1,0,0,0,0,0,0,1,0,0,1,-1,0,0,0,
0,1,0,-1,0,0,0,0,0,-1,0,0,0,0,0,0,-1,1,0,0,0,0,0,0,
0,-1,0,0,0,0,0,0,0,0,0,0,0,0,0,0,0,0,0,0,0,0,0,0,
0,0,0,0,0,1,0,0,0,0,0,0,0,0,1,0,0,1,-1,0,0,0,0,1,
0,-1,0,0,0,0,0,-1,0,0,0,0,0,0,0,0,-1,0,-1,-1,-1,-1,
-1,0,-1,-1,0,0,0,1,0,0,0,0,0,-1,0,0,0,-1,0,0,0,0,0,
0,0,0,-1,0,0,0,0,0,-1,0,-1,-1,1,1,-1,0,0,-1,0,0,0,1,
0,-1,-1,0,-1,-1,0,0,-1,0,-1,0,0,0,0,0,0,1,0,0,0,1,0,
0,1,-1,0,0,0,0,0,0,0,0,-1,0,0,0,0,0,0,0,0,0,0,1,-1,
0,0,0,0,0,0,0,0,0,0,0,0,0,0,0,0,1,0,0,0,0,0,0,0,0,
0,0,0,0,0,0,0,0,0,0,0,0,0,0,0,0,0,0,0,-1,0,0,0,0,
0,-1,-1,0,0,0,0,0,0,0,0,0,0,0,0,0,0,0,0,0,0,0,0,0,
0,0,0,0,0,0,-1,-1,0,0,0,0,-1,0,0,0,0,0,0,0,0,0,0,0,
0,0,0,0,0,0,0,0,0,0,0,0,0,0,0,0,0,0,0,0,0,0,0,0,0,
0,0,0,0,1,0,0,0,0,-1,0,0,0,0,0,0,0,0,0,0,0,0,0,0,
0,0,0,0,0,0,0,0,0,0,0,0,0,1,0,0,0,-1,0,0,1,0,-1,0,
0,-1,0,0,0,0,1,0,0,0,0,0,0,0,0,0,0,0,0,0,0,0,0,0,
0,0,0,0,0,0,0,0,0,0,0,0,0,0,0,1,0,0,0,-1,0,0,0,0,
-1,0,0,-1,0,0,0,0,1,0,0,0,0,0,0,0,0,0,0,-1,0,-1,0,
0,0,0,-1,0,0,0,0,1,0,0,0,0,1,0,0,1,0,0,1,0,0,1,0,
0,0,-1,0,1,0,0,0,0,0,-1,0,0,1,0,0,0,0,0,0,0,0,0,1,
0,0,0,0,0,0,-1,-1,0,0,0,1,0,0,1,0,0,0,0,0,0,0,0,0,
0,0,0,0,0,-1,1,0,1,0,-1,0,0,0,1,0,1,1,1,0,0,0,-1,0,
0,-1,0,0,0,-1,-1,0,0,-1,0,0,-1,0,0,0,0,0,0,0,0,1,1,
1,0,0,0,0,0,0,0,0,0,0,0,0,0,0,0,0,0,0,0,0,0,0,0,0,
0,0,0,0,0,0,0,0,-1,-1,-1,0,0,-1,0,0,0,1,0,0,0,0,-1,
-1,0,0,0,0,0,0,0,0,0,0,0,0,0,0,0,0,0,-1,0,0,0,0,0,
0,0,0,0,0,1,0,0,0,0,-1,0,0,0,0,0,1,0,0,1,1,0,0,0,
0,0,0,0,0,0,0,0,0,0,0,0,0,0,0,-1,-1,0,1,0,0,0,0,1,
0,0,1,0,0,-1,0,0,0,1,0,0,0,0,0,0,0,0,0,0,0,0,-1,1,
0,0,1,0,0,0,-1,0,1,0,-1,0,0,0,0,0,1,0,0,0,0,0,0,-1,
0,1,-1,1,0,1,0,1,1,1,0,0,1,-1,-1,0,0,0,0,0,0,1,0,
-1,0,0,0,-1,0,0,0,1,0,0,0,0,0,0,0,0,0,0,0,0,0,0,0,
0,0,-1,0,0,0,0,0,1,0,-1,-1,0,0,0,0,0,0,0,0,0,0,0,0,
-1,1,0,0,-1,0,0,0,0,-1,0,0,0,-1,-1,1,0,0,0,0,0,0,0,
0,0,0,0,0,0,0,0,0,0,0,0,0,0,0,0,0,0,0,0,0,0,0,1,0,
0,0,0,0,0,0,0,0,0,0,0,0,0,0,0,0,0,0,0,0,0,0,-1,0,
-1,-1,-1,0,0,-1,-1,0,-1,0,1,1,0,0,0,0,0,0,0,0,0,0,1,
-1,1,1,0,0,0,0,0 ]
/* order = 3265920 = 2^7 * 3^6 * 5 * 7 */ >;

return _LR;
