//Standard generators of U4(4) are a, b where a is in class 2A,
//b is in class 4B and ab has order 20.
_LR := rec < recformat< F: GrpFP, AI: SeqEnum, G: GrpMat > |
      F := FreeGroup(2) >;
_LR`AI:=[[a,b*a*b*a*b^-1*a*b*a*b^-1*a*b^2*a*b^-1*a*b*a*b^2], //frob order 4
         [a, b^-1] ] //frob^2, order 2
              where a is (_LR`F).1 where b is (_LR`F).2;
//one rep fixed by AI[1] mapped to nonisomorphic module by AI[2]
_LR`G := sub<GL(52,Integers()) |
\[ 0,1,-1,0,1,0,0,-1,1,0,-1,0,-1,0,0,1,-1,1,0,0,0,0,
-1,0,0,0,0,0,0,1,0,0,0,-1,0,0,0,0,-1,-1,0,-1,1,0,0,0,
1,0,0,-1,1,1,-1,1,-1,1,1,-1,0,1,2,1,-1,0,-1,-1,-1,1,1,
3,1,1,2,1,-1,0,0,-1,0,0,0,0,0,1,1,1,1,0,0,0,-1,0,1,
0,0,-1,1,-1,1,-1,0,-1,2,1,-1,-2,-1,-1,0,1,0,1,-1,0,0,
0,-2,0,0,-1,-1,-2,1,0,1,0,0,-1,-1,0,0,0,-1,0,0,0,0,0,
-1,0,-1,0,0,1,0,1,0,0,0,0,0,0,-1,-1,0,0,1,1,0,0,0,0,
1,-1,0,0,-1,0,1,-1,-1,0,0,1,1,0,0,-1,0,1,0,-1,-1,-1,0,
-1,-1,-1,1,-1,0,0,-1,0,0,0,0,-1,1,0,0,0,-1,0,0,0,0,0,
2,-2,0,-3,1,2,0,0,-1,-2,2,1,0,0,0,0,0,-1,-1,0,0,2,0,
0,-1,1,0,0,0,0,1,0,-1,0,-1,0,0,0,1,0,-2,1,1,0,0,-1,0,
-1,0,-1,0,0,-1,0,1,0,-1,-1,-1,0,-1,0,1,0,2,0,0,0,1,0,
0,0,-1,0,1,0,0,0,0,0,1,-1,0,0,0,2,0,0,1,0,1,0,0,0,
-1,0,0,0,-1,0,0,1,-1,-1,0,-1,0,0,0,1,0,1,-1,0,0,0,-1,
0,0,-2,-1,-2,0,-1,1,-1,0,0,0,0,0,0,-1,0,0,0,0,-1,0,0,
-1,0,0,1,0,1,0,1,-1,1,0,1,0,0,0,0,1,0,0,0,0,2,0,-1,
2,-1,0,0,-1,1,0,0,-2,0,0,1,-1,1,0,1,0,1,1,0,2,2,-1,0,
-1,1,-1,1,0,-1,1,0,0,0,0,-1,1,-1,2,1,2,-1,1,1,0,0,0,
0,0,0,0,0,-1,-1,0,0,0,1,0,-1,-1,-1,0,0,-1,0,1,0,0,0,
0,0,0,0,0,0,0,0,0,0,1,1,0,0,0,-1,0,1,-1,1,0,1,0,1,
-1,0,0,-1,0,-2,0,1,-1,0,-1,-1,1,0,0,0,0,0,0,-1,-1,-1,
0,1,0,0,-1,1,0,0,0,0,0,0,-1,1,-1,0,0,0,1,0,-1,1,0,0,
0,-1,0,0,0,-1,0,0,1,1,0,0,1,0,-1,-1,0,-1,-1,0,1,0,1,
0,0,0,-1,0,0,0,0,0,0,0,0,0,0,-1,0,0,0,0,0,0,0,0,0,
-1,0,-1,0,0,0,1,0,1,0,0,0,0,0,0,0,-1,0,-2,0,0,1,1,1,
0,0,0,-1,1,1,0,-1,-1,0,1,0,-2,-1,1,0,-1,0,0,0,0,-1,0,
-1,-1,-1,0,0,0,0,0,0,0,0,-1,0,-1,0,0,0,-1,1,0,0,0,0,
0,1,1,1,0,0,0,0,-1,-2,0,1,1,-1,-1,1,1,0,1,0,0,0,-1,0,
0,0,-1,0,-1,0,0,-2,-1,1,1,0,1,1,0,0,-1,0,0,1,0,1,0,
-2,0,-1,1,-1,-1,1,2,1,2,0,1,-1,0,-1,-2,-1,-1,1,0,2,0,
1,-1,-1,-1,0,0,0,0,-1,1,1,2,0,-1,-2,0,1,2,1,0,-1,0,0,
0,1,1,1,0,0,0,1,-1,0,1,0,3,2,1,-1,-2,0,0,-1,0,-1,-2,
-1,-1,2,1,0,0,1,2,0,0,0,0,0,0,-1,0,1,0,0,1,0,0,1,1,
0,0,0,0,0,0,0,1,1,0,0,1,2,0,-1,-4,2,2,1,-2,0,-1,1,1,
0,0,1,1,-2,0,-1,0,-1,0,-2,0,1,1,-1,0,1,1,1,0,-2,-2,0,
0,2,0,0,-2,-1,0,2,1,-1,0,0,-2,0,-1,0,1,-1,-1,1,0,-1,0,
-1,1,-1,0,2,0,1,0,0,-1,1,-1,0,-1,-1,0,1,0,0,1,1,0,1,
0,0,0,-1,1,-1,0,1,0,1,0,0,1,-2,0,0,0,-1,0,0,1,-1,-1,
-2,0,1,1,-2,-1,0,0,0,1,0,0,2,1,0,-1,-1,-2,1,1,-1,-1,2,
-1,0,-1,0,0,1,-1,-1,0,1,2,0,0,0,0,1,1,1,-1,-1,0,0,1,
-1,1,0,2,-2,-1,-1,0,-1,1,0,0,2,2,1,0,0,1,-1,1,0,-1,-1,
0,0,1,1,0,0,0,1,-1,0,1,0,1,1,1,1,0,2,0,0,0,0,1,1,0,
0,1,-1,1,1,0,1,1,0,1,1,-1,0,-2,1,2,0,0,-1,-1,0,-1,1,
-2,-1,1,1,1,0,-1,1,1,0,1,0,0,0,-1,0,-1,0,-1,0,-1,-1,0,
0,-1,1,0,0,1,1,-1,1,-1,-1,-1,-1,-1,1,0,0,0,-1,-1,1,2,
2,0,-1,0,-1,0,0,-1,1,-1,-2,-1,1,0,1,-2,-1,0,1,-1,-1,0,
-1,-1,0,0,1,-2,1,0,0,0,0,0,1,0,1,1,-1,2,-1,0,-1,0,0,
1,0,0,0,1,1,0,0,2,0,-1,0,0,0,-1,-1,-1,2,1,0,0,2,0,0,
1,0,-1,0,0,-1,-1,1,0,1,0,1,0,-1,0,0,1,0,1,0,0,0,0,0,
0,0,0,1,0,-1,-2,0,0,-2,0,1,0,-3,-1,0,0,-1,2,0,0,-2,-2,
1,1,-2,0,1,0,0,-1,-1,1,-1,0,1,0,1,0,1,0,0,0,0,1,0,-1,
1,2,-2,1,0,1,0,1,-2,0,1,0,-1,-2,1,1,1,0,0,0,0,0,-2,
-1,-1,0,0,0,0,-1,1,1,-1,0,-1,1,-1,-1,-1,0,-1,0,-1,-1,
-1,0,0,1,0,0,-1,1,1,0,0,-2,0,-1,0,-2,1,1,0,-1,0,2,0,
-1,-1,2,-1,0,0,-1,1,0,0,-1,2,0,-2,-1,2,0,1,0,0,-1,2,1,
-1,0,2,0,1,-1,1,-1,-2,-2,0,1,1,1,-1,0,0,2,1,2,0,1,1,
-1,-1,-1,0,-1,-1,0,0,1,0,1,0,0,0,0,0,0,0,-1,-1,-1,1,1,
0,-1,-1,0,0,0,-1,0,0,0,0,1,0,0,-1,0,1,1,0,1,0,0,0,-1,
0,0,0,0,0,0,0,-1,0,0,1,2,-1,1,-2,-1,0,-1,1,-1,0,0,1,
1,0,0,1,0,0,1,1,-1,0,1,0,0,2,0,1,0,1,0,1,-1,0,0,0,1,
0,0,0,1,0,0,-1,0,1,0,-1,0,0,-1,0,-2,-1,-1,0,1,0,0,1,
1,3,2,0,0,-2,1,0,0,-1,-2,1,0,0,1,-1,0,2,1,0,0,2,0,1,
0,-1,-1,0,0,0,0,0,1,0,-1,-1,1,-1,0,0,-1,0,0,0,2,0,0,
-1,0,0,0,-1,0,1,-1,-1,-1,1,0,0,-1,-1,1,0,0,0,1,-1,1,0,
0,0,0,0,1,0,0,0,0,-1,1,0,0,0,0,0,0,0,-1,0,1,1,-1,0,
-1,1,1,1,0,0,-1,0,0,0,-1,-1,0,0,0,1,0,0,0,0,0,0,0,0,
-1,0,-1,0,-1,0,-2,-1,0,0,0,0,0,0,0,1,0,0,0,-1,-1,-1,0,
0,0,-1,0,-1,-1,0,-1,0,0,0,1,-1,0,-2,0,0,0,-1,-1,0,-1,
1,0,-1,-1,-1,0,-1,0,-2,0,-1,0,0,-1,0,0,-1,1,-1,0,0,0,
1,1,-1,0,0,0,-1,-1,0,1,-1,2,0,1,-1,-3,2,-1,2,3,0,0,0,
0,-1,0,0,1,2,1,-1,-1,1,-1,0,0,0,-1,1,0,-3,0,0,0,-1,0,
1,1,-1,0,1,-1,-1,-1,1,-1,-1,-1,0,1,-1,0,2,0,-1,0,2,2,
-1,0,0,-1,0,0,-1,-1,0,0,1,1,0,-1,1,1,-1,1,-1,1,1,0,0,
1,0,0,-1,0,-1,0,0,0,0,-1,-1,0,0,-1,1,-1,1,0,0,-2,2,1,
0,0,0,0,0,1,0,0,-1,0,0,0,0,0,0,-1,-1,-1,0,-1,0,-1,0,
0,0,0,0,0,0,0,0,0,0,-1,0,0,0,0,0,0,0,0,0,1,-1,1,0,1,
0,0,0,0,-1,-2,1,1,-1,0,-2,1,-2,-2,0,0,0,2,1,0,0,-1,-1,
1,-1,1,1,0,0,-1,0,2,-1,0,3,0,1,2,1,0,0,0,0,1,-1,0,0,
1,-1,1,1,1,0,1,-1,-1,0,1,1,0,0,-1,-1,-1,1,0,0,0,0,0,
1,1,0,0,-1,0,-1,0,-1,-1,0,1,0,0,0,0,0,0,-1,0,0,0,0,0,
-1,-1,0,0,0,0,0,0,0,0,0,0,0,0,1,1,0,-1,1,1,0,-1,1,-1,
0,0,0,0,0,0,-1,0,0,0,-1,0,0,0,0,1,0,-1,1,0,-1,0,-1,0,
-1,0,1,1,0,-1,0,-1,0,0,0,0,0,0,0,0,0,0,0,-1,0,-2,0,0,
-1,-1,-1,0,0,0,1,0,2,1,0,-1,-2,-1,0,-1,-2,0,1,0,-1,1,
-1,0,2,-1,-1,-2,1,0,0,-1,0,-1,-1,1,1,1,-1,1,-1,-1,-1,0,
-1,0,-1,0,-1,0,0,-1,0,0,1,1,-1,0,0,0,0,1,0,1,1,1,1,0,
0,-1,0,-1,0,0,0,0,0,0,1,0,0,-1,0,0,-1,0,1,-1,0,-1,1,
0,0,-1,-1,0,0,0,0,0,1,-2,1,-1,-1,0,1,0,1,0,1,-1,-1,1,
2,1,-1,0,0,2,0,-1,-1,1,0,-1,0,-1,0,0,-1,1,-1,0,1,1,0,
-1,-1,1,0,-1,1,-2,-1,-2,-1,0,0,-1,0,0,0,-2,0,-1,-1,-1,
0,0,0,0,0,-1,0,2,1,0,-1,-1,0,1,-1,-1,-1,1,-1,-1,-1,-1,
0,-1,-1,-1,-1,0,-1,0,0,-1,-1,0,1,0,0,-1,-1,-1,-1,-1,0,
0,0,1,-1,0,0,0,2,0,1,1,0,1,0,0,-1,0,-1,1,1,0,0,-1,-1,
1,1,-1,-1,0,1,1,0,0,0,-1,1,0,0,0,0,0,0,-1,1,1,-1,0,0,
-1,1,0,0,1,-1,1,1,1,-2,0,1,-1,1,1,0,0,2,1,1,-1,-2,-1,
1,1,-2,-2,1,0,1,0,0,0,2,0,-2,0,0,1,0,1,1,0,1,0,1,-1,
-2,0,0,1,-1,1,1,2,-2,0,1,-1,-1,-2,2,4,1,1,-2,-2,0,0,0,
-3,-2,1,1,2,2,0,2,1,-1,2,0,-1,-1,-1,0,-1,1,-1,1,-1,0,
0,0,-1,1,0,0,1,2,-1,0,-1,-1,-2,-1,-2,2,1,-1,1,0,-1,0,
-1,-1,-1,2,1,0,1,0,0,1,2,0,1,0,1,0,0,-2,-1,0,0,-1,0,
1,0,0,0,-1,1,0,0,0,0,0,-1,0,0,0,-1,0,-1,0,-2,0,-1,0,
0,-2,1,1,-1,-1,-1,-1,-1,1,1,1,1,1,1,1,0,-1,-1,0,0,-2,
-2,-1,-1,1,0,-1,0,2,0,0,0,-2,1,0,0,2,1,0,-1,0,0,-1,1,
-1,0,-1,-1,0,1,-2,-1,0,1,0,2,-1,-1,-1,1,2,1,0,0,-1,0,
-1,1,2,2,-1,-1,0,1,-1,1,0,1,1,0,1,2,0,0,-1,1,0,0,-1,
-1,0,0,0,1,-1,-1,1,-2,1,0,2,-1,2,0,1,-1,0,-2,1,1,0,0,
0,-1,1,0,1,1,1,-2,-2,-3,-2,-1,0,0,1,-1,0,1,1,0,0,0,0,
0,-1,-1,-1,0,0,0,1,0,0,0,0,1,-1,2,0,1,0,1,-1,0,1,0,1,
-2,0,2,0,-2,-1,-2,2,1,2,1,3,1,-1,-1,-1,1,-3,-1,-1,1,2,
1,-1,1,2,0,1,0,-2,0,1,1,3,0,1,-2,-1,0,0,1,-1,1,-1,-1,
0,1,-2,0,0,3,-1,1,0,-2,3,-1,3,3,0,1,0,0,1,1,0,2,1,1,
0,-1,-1,-1,1,1,0,0,1,1,-2,2,0,0,1,0,2,1,-1,-1,1,-1,-1,
-1,1,-1,0,-2,1,0,0,1,0,0,-1,1,0,-1,2,1,0,1,-1,0,-2,0,
0,0,0,0,0,0,2,0,0,-1,0,0,0,0,-2,0,0,1,1,-1,1,-1,-1,0,
-1,1,1,0,0,0,0,0,1,0,0,0,0,0,-1,0,-1,0,-1,-1,0,0,0,2,
0,0,-1,0,-1,0,0,0,1,-1,0,0,0,0,-1,0,0,0,0,1,-1,0,0,0,
-1,0,-1,0,0,0,0,0,0,0,0,-1,0,0,0,-1,0,0 ],
\[ 0,0,0,0,0,-1,1,-1,0,0,1,1,0,0,0,0,0,0,1,1,-1,0,0,
0,-1,0,0,0,0,0,0,0,0,0,0,0,0,0,0,-1,-1,-1,0,0,0,0,0,
0,0,0,-1,0,0,2,0,0,1,-3,0,-1,1,0,0,1,0,0,0,0,1,0,-2,
-1,0,0,0,-1,-1,0,0,0,0,-1,0,0,-1,-1,0,-1,0,0,0,-1,0,
-1,1,1,-1,0,1,1,0,0,0,-1,-1,-1,1,0,-1,1,-2,1,0,-1,0,
-1,2,1,1,0,0,-1,-2,-1,0,0,1,0,1,0,1,1,1,0,1,0,0,1,0,
0,0,-1,1,1,1,1,-1,0,0,1,0,1,0,1,0,-1,-1,0,-1,-2,-1,-1,
1,0,1,1,-1,0,-3,1,0,1,-2,0,0,0,0,0,-1,-1,0,0,-2,-1,-2,
0,-1,0,0,-1,0,0,-1,2,-1,1,0,0,1,1,-1,-1,0,-1,0,-1,0,1,
-2,0,0,-1,0,0,-2,2,3,1,0,0,3,0,0,0,0,-1,-1,0,2,0,0,
-1,2,-2,-1,0,2,0,1,-1,0,1,1,-1,-1,-1,1,1,2,0,0,0,0,1,
-1,-1,0,2,0,0,2,1,0,0,1,-1,0,-1,-1,-1,0,0,1,0,0,1,2,
0,-1,0,0,0,0,-1,-1,0,0,0,0,-1,0,0,0,-1,0,-1,0,0,-1,-1,
0,-1,1,0,0,0,0,0,-1,0,0,-1,-1,-1,0,0,-1,1,0,2,-1,-1,
-1,-1,0,1,0,-1,-1,-1,-1,0,1,0,1,0,1,-1,0,1,-1,0,1,0,1,
0,1,0,0,0,0,2,1,1,0,1,-1,1,0,1,0,1,0,0,0,1,0,0,1,1,
-1,1,3,0,0,2,0,0,2,-1,-1,0,-1,0,1,1,-1,0,1,0,0,0,2,0,
0,1,-2,2,1,0,1,1,1,0,1,0,-1,0,0,0,1,0,1,0,0,1,1,-1,
0,0,0,1,1,-1,-3,-1,1,0,0,0,0,0,0,-1,2,1,-1,-1,0,0,-1,
0,0,0,-1,0,0,0,1,-1,0,0,0,0,-1,-1,-1,-1,0,0,0,1,-1,0,
-1,0,-1,0,0,1,0,0,1,-1,-1,0,1,-1,0,0,3,0,1,1,2,0,-2,
0,1,0,0,-1,0,-1,0,1,1,-1,1,0,0,0,1,-1,0,-1,0,-1,1,-1,
0,0,0,1,0,0,-1,1,0,-1,0,1,-1,-1,0,-1,2,-1,0,1,-1,-1,
-2,0,-1,0,-1,0,0,0,0,0,0,0,-1,0,-1,-1,-2,0,-2,0,0,-1,
0,0,0,1,-1,0,0,0,1,0,0,-1,0,0,0,-1,1,1,0,1,1,1,-1,-2,
-1,-1,0,1,0,0,2,1,0,1,2,-1,-1,0,0,-2,0,-1,0,-1,-1,1,1,
-1,0,0,0,0,1,-1,0,0,-1,0,0,-1,1,1,-1,0,0,0,-1,1,-1,-2,
-1,1,0,1,-1,-1,1,-1,1,2,-1,0,-1,1,1,0,-1,-1,0,0,0,-2,
-1,-1,0,0,-1,1,-1,1,-1,1,0,0,1,0,0,1,-1,0,0,-1,0,1,-1,
0,1,0,0,0,-1,0,0,0,1,1,-1,0,-1,2,1,-2,-1,-1,1,3,0,-1,
0,-2,-3,0,1,-1,1,0,1,-2,0,2,0,0,1,0,1,-1,2,0,-1,0,-1,
2,2,0,1,2,-3,2,1,2,0,2,0,-1,0,-2,-1,0,0,5,0,2,-1,-2,
-1,0,-2,1,2,-3,-4,-2,0,0,1,0,0,2,1,0,1,1,-1,2,0,1,0,
1,1,1,0,0,1,1,1,1,-2,0,0,2,1,2,1,0,0,2,-3,-1,-1,-1,
-2,-1,1,1,1,3,1,0,2,0,-1,1,-1,0,1,1,1,0,1,-1,1,-2,-1,
-1,1,0,0,0,1,1,1,-1,-1,-1,1,1,1,-1,-1,0,1,0,-1,-1,0,2,
-1,0,1,-1,1,1,0,2,-1,1,-2,-2,1,0,2,0,0,-1,1,-1,0,0,0,
0,1,1,0,0,1,1,1,0,1,0,0,1,0,0,0,-1,1,0,0,0,-1,0,0,1,
0,1,0,1,-1,-1,2,-1,0,1,0,2,0,1,-1,-2,-1,-1,0,1,0,-1,0,
0,-1,0,0,0,0,2,0,0,1,1,-1,1,0,0,1,-1,1,1,0,0,-1,0,0,
1,0,0,0,1,0,1,0,0,1,1,1,-1,0,2,-1,2,1,0,-2,0,0,0,0,
1,0,-2,-2,-2,1,1,0,-1,1,1,0,0,1,1,0,2,0,1,1,0,1,0,0,
-1,0,0,0,-1,-1,0,-1,2,1,2,1,1,-1,0,-1,0,0,-1,0,-1,0,0,
1,0,0,0,0,-1,1,1,0,1,-1,-1,0,1,0,-1,0,1,0,-1,-1,-1,0,
0,0,0,-1,0,-1,0,1,0,0,0,-1,0,1,0,0,0,0,0,0,0,-2,-3,
-1,0,-2,2,2,2,-1,0,-1,-3,-2,1,-1,-2,-4,0,0,0,0,0,2,2,
1,0,2,0,-3,2,-1,0,2,-1,0,2,-1,-1,0,2,1,2,-2,0,1,1,0,
2,1,1,1,2,0,1,0,0,0,0,1,-1,0,1,-1,0,-1,0,0,0,-2,-1,0,
0,0,0,0,-1,0,0,-1,0,-1,1,0,0,0,0,0,-1,0,0,0,0,0,-1,1,
0,-1,0,1,0,1,0,0,0,1,-2,-1,1,0,2,-1,0,-3,-2,0,-1,0,2,
1,0,1,-1,0,0,0,-1,0,1,-1,-1,1,2,0,1,1,1,1,-1,1,1,0,0,
-1,0,-1,0,0,1,0,1,1,2,-2,-1,0,0,-2,0,0,0,0,0,-1,1,1,
0,0,0,1,0,1,0,0,0,-1,0,1,0,0,0,1,-1,0,1,0,0,1,0,0,1,
1,0,0,-1,1,0,1,0,-1,0,0,1,0,0,0,1,0,0,-1,0,1,0,-1,-1,
1,0,0,0,0,-1,-2,1,-2,-1,-1,-1,0,0,-1,0,1,0,0,0,-1,0,
-1,0,0,-1,0,-1,-1,1,0,1,0,2,-1,1,2,2,-2,-1,1,1,1,0,0,
0,0,0,0,1,1,-1,-1,1,0,-1,-1,-2,2,-1,-1,0,3,1,-2,-1,2,
0,0,1,0,-1,1,1,-1,-1,1,-1,1,-2,1,0,-1,-2,0,0,1,1,1,0,
0,1,0,1,-1,0,2,0,-3,1,0,0,-1,-2,1,-1,1,2,1,-1,0,0,-1,
1,0,0,1,-1,-1,-1,1,-2,-1,0,0,-1,0,0,-1,0,1,0,-2,0,-1,
0,0,0,0,-1,-1,0,1,-1,0,0,0,0,0,-1,2,0,-1,-1,2,-1,0,-2,
-1,-1,0,0,2,-2,-1,2,2,1,0,0,0,2,0,-1,-1,1,0,-1,1,-1,1,
-1,0,-2,-1,-1,1,-2,0,-2,-1,-1,2,-1,1,0,-1,-1,-1,-1,1,0,
0,-1,-1,-1,1,2,-1,2,0,-1,-1,-1,0,-1,0,0,0,1,-1,-1,2,2,
0,1,1,0,1,0,0,0,1,0,0,0,0,0,0,-1,1,1,1,2,0,-1,1,0,0,
0,0,-1,2,1,-1,-2,0,1,-1,2,0,2,0,0,0,0,-1,0,0,-2,-2,0,
1,0,0,0,1,2,1,0,1,0,-1,1,0,0,1,1,0,1,-1,0,1,1,0,1,
-2,0,1,1,0,1,1,1,0,1,0,0,0,0,1,-2,-1,0,-1,-2,0,0,1,0,
1,1,3,1,-1,0,0,0,0,-1,-1,0,1,1,-1,-2,1,0,1,-1,0,0,0,
0,-1,-1,0,0,0,0,0,1,-1,0,-2,0,0,-1,1,-1,0,-1,-1,1,-2,
1,0,-2,1,3,-1,1,1,0,0,0,0,0,-1,1,-1,1,0,2,0,0,2,0,0,
0,-1,1,-1,1,0,1,1,0,-1,1,-1,0,-1,0,-1,-1,1,-1,-1,0,-1,
0,1,-1,1,0,0,0,1,0,1,-1,1,-2,-2,0,1,1,1,0,0,0,0,1,0,
-1,0,-1,0,-1,0,-2,0,0,-1,0,-1,-1,1,0,0,1,1,-1,1,-1,-1,
-1,0,0,1,0,-2,-1,0,1,-2,0,2,2,-1,0,0,-1,-1,1,-2,-2,-1,
0,1,1,0,-1,1,2,0,-2,0,1,-2,1,0,-1,2,0,1,1,-1,0,0,2,0,
1,0,1,-1,0,0,1,1,1,0,1,1,2,0,1,1,-1,0,-2,0,2,0,-1,1,
-1,-1,1,2,0,1,-1,0,-1,0,-1,-1,0,0,-1,1,0,-1,0,0,-1,-1,
-1,0,0,-1,-1,0,-1,1,-1,1,-1,0,0,-1,-1,1,-1,0,1,0,1,0,
-1,-1,0,1,1,-1,1,-1,0,0,-1,0,0,0,0,0,0,0,0,0,0,0,0,1,
0,-1,0,-1,1,0,0,1,1,-1,0,0,0,0,0,0,-1,0,0,0,0,0,0,0,
0,1,0,0,1,1,-1,0,1,1,0,1,-1,0,0,-1,0,2,1,-1,-1,0,0,0,
0,0,-1,0,0,-1,0,0,1,0,0,0,0,0,-1,0,-1,-1,-1,1,0,-1,-1,
0,1,-1,0,-1,0,-1,-1,0,-1,1,-1,0,2,-1,-2,0,-2,-1,2,0,2,
1,-1,0,1,1,-1,0,1,0,-2,-1,-1,-1,0,1,-1,-2,0,0,0,0,0,0,
0,0,-1,2,-1,-1,-1,-1,-1,1,0,0,0,1,-1,0,-1,-1,0,1,-1,1,
0,1,-1,-1,1,1,1,0,-1,-1,1,1,0,0,1,0,-2,1,-2,0,-1,0,-1,
-2,0,-1,0,1,0,0,0,0,0,0,0,-1,0,0,0,0,-1,0,2,0,0,1,-2,
-1,-1,1,1,0,1,3,-1,1,1,2,-1,-1,-1,1,-1,-1,-2,0,0,-1,0,
1,-1,0,0,-1,0,1,-2,0,-1,0,-2,1,-2,0,0,0,1,-1,-1,-1,1,
-1,-1,0,0,1,0,0,-1,-1,-1,0,0,0,0,1,-1,0,1,2,1,0,0,-1,
0,0,0,-1,0,0,0,0,-1,0,-1,0,1,-1,0,0,0,0,-1,-1,0,0,-1,
1,-1,-1,-1,-1,0,0,-1,0,-2,-1,-1,-2,1,2,0,-2,1,0,0,-1,1,
-1,0,-2,-1,1,1,0,-1,0,1,0,-1,-1,0,-1,1,0,0,1,-1,1,0,
-1,0,0,1,-1,0,1,1,-1,0,0,0,0,0,-1,0,1,-2,-1,0,-1,3,0,
2,-1,-2,-1,0,-3,1,0,-2,-2,0,0,0,0,1,0,3,0,1,1,0,-1,1,
-1,0,0,0,0,2,0,1,0,1,0,2,-1,0,0,0,0,1,1,-1,1,2,-3,0,
0,1,-2,-1,2,0,1,2,1,0,0,0,0,-1,-2,0,1,0,-1,-1,1,0,-1,
0,1,0,-1,2,-1,0,1,2,-1,0,-2,-1,2,0,0,-1,-3,-1,1,0,1,1,
2,1,-1,0,1,1,0,0,0,-1,0,-1,1,1,0,1,0,-1,1,0,0,1,-1,
-1,-1,1,0,0,0,2,1,-1,1,0,-1,0,-2,1,-1,0,1,0,1,-1,0,0,
-1,-1,1,-1,0,0,1,0,0,0,1,0,0,1,-1,0,1,0,-2,1,0,0,1,0,
0,0,0,0,0,0,0,0,1,0,0,0,0,0,0,0,0,1,0,1,1,-1,1,0,0,
0,0,-1,-1,0,0,0,0,0,0,1,-1,-1,1,2,1,2,1,-1,0,-2,0,2,
0,0,0,-1,0,0,2,1,0,0,0,-1,-1,1,0,0,0,1,1,0,0,1,-2,1,
1,0,2,0,0,-1,-1,0,1,0,0,-2,2,0,0,-1,0,-1,0,-2,0,-1,-1,
2,1,2,-1,-1,0,-1,2,0,-1,-1,-1,-1,0,1,1,0,1,1,1,-1,0,0,
-1,0,0,-1,2,-1,1,0,-1,-1,0,1,1,1,0,0,0,2,-2,0,0,2,0,
1,1,-1,-1,-1,0,3,1,-1,0,2,1,1,0,-1,1,0,-3,0,3,1,-1,1,
0,-1,0,2,1,-2,2,2,-2,1,-1,3,-2,0,1,0,1,-1,0,-1,-3,-3,
3,-1,-1,-2,1,0,-1,1,1,-1,-1,0,1,1,-1,2,0,-1,0,1,0,-1,
-1,-1,0,1,0,1,2,2,0,2,1,0,1,0,1,0,1,0,0,0,1,0,0,-2,
1,0,1,1,0,-1,0,1,0,0,1,0,1,1,0,1,0,1,0,-1,0,0,0,0,
-1,0,0,0,0,0,0,0,0,0,1,0,1,-1,0,0,0,0,0,-1,0,1,1,0,
0,-1,0,0,0,1,1,-1,0,0,-1,1,1,1,0,0,0,-1,-1,-1,0,-1,0,
-1,-2,1,-1,-2,1,-1,2,1,0,2,4,0,-2,-1,1,0,-1,0,-1,-1,0,
2,0,-1,2,0,0,-1,1,0,-1,-1,0,0,0,1,1,1,-1,0,0,0,-2,-1,
0,-1 ] >;

return _LR;
