_LR := rec < recformat< F: GrpFP, AI: SeqEnum, G: GrpMat > |
      F := FreeGroup(2) >;
//Standard generators of U5(2) are a and b where a is in class 2A, b has order 5
//and ab has order 11.

_LR`AI := [ [ a, b^-1 ] ]
                  where a is (_LR`F).1 where b is (_LR`F).2;

//two constituents
_LR`G :=
/*
Original group: c9Group("u52p")
Recomputed by direct ARR method
Schur index: 1
Character: ( 55, 7, -1, 15*w - 5, -15*w - 20, 6*w + 4, -6*w - 2, 1, 1, 7, 3, -1,
0, -7*w - 4, 7*w + 3, -2, -2, 2*w + 2, -2*w, -3*w - 4, 3*w - 1, 1, 2, 2, 2*w - 
1, -2*w - 3, -1, 1, w, -w - 1, -w - 1, w, 0, 0, -w - 1, w, 2*w + 2, -2*w, 1, w +
1, -w, 0, 0, 0, 0, -w - 1, w )
*/

MatrixGroup<55,K | [
Matrix(K,55,55,
[[-1,-1],[0,0],[0,-1],[1,1],[1,0],[0,-2],
[2,-1],[-1,0],[1,0],[0,0],[1,-1],[0,0],
[0,2],[2,-1],[-1,0],[1,0],[0,-1],[-1,-2],
[0,0],[1,1],[0,0],[0,2],[0,0],[0,0],[
-1,0],[0,0],[0,0],[-1,-1],[1,0],[-2,-1],
[0,0],[0,0],[0,0],[1,0],[1,0],[0,-1],
[0,0],[0,-1],[-1,0],[0,-1],[0,0],[0,0],
[0,0],[0,0],[0,0],[0,0],[0,0],[0,0],
[0,0],[0,0],[0,0],[1,0],[0,0],[0,0],
[0,0],[-4,-2],[0,0],[0,2],[2,0],[1,2],
[0,1],[-2,-2],[1,2],[0,-2],[-1,-1],[0,1],
[-1,-1],[1,-1],[1,0],[1,3],[1,-1],[-1,-1],
[-2,1],[0,-1],[2,0],[0,0],[1,-1],[-2,0],
[1,2],[1,0],[0,0],[0,0],[0,1],[0,0],
[3,2],[0,0],[1,2],[-1,0],[0,0],[0,0],
[0,0],[0,0],[0,1],[0,1],[0,0],[-1,-1],
[-1,0],[1,1],[0,0],[1,0],[0,0],[0,0],
[0,-1],[0,0],[1,1],[0,0],[-1,-1],[0,0],
[-1,0],[0,0],[0,2],[0,0],[0,2],[0,0],
[0,1],[-1,-3],[-2,-1],[1,1],[0,1],[0,0],
[2,1],[1,1],[0,0],[-4,-1],[1,1],[-1,-2],
[-3,-1],[-2,0],[-3,-1],[0,-2],[0,0],[0,1],
[2,1],[1,-1],[0,-1],[0,0],[0,0],[1,1],
[-1,0],[-1,-1],[0,0],[2,1],[0,1],[1,0],
[0,0],[0,1],[0,0],[0,0],[0,0],[-1,0],
[0,0],[0,0],[1,0],[0,0],[0,-1],[0,0],
[0,-1],[0,0],[0,0],[-1,-1],[0,0],[0,0],
[0,0],[0,0],[0,0],[-2,0],[0,0],[-2,0],
[1,0],[0,-1],[-2,-2],[-1,-2],[1,0],[0,
0],[-1,-1],[1,1],[-1,-1],[2,1],[-2,-2],
[0,0],[0,1],[0,1],[-2,-2],[-1,0],[1,0],
[0,0],[1,0],[1,1],[0,0],[-1,0],[0,0],
[0,0],[0,0],[0,-1],[0,-1],[0,0],[1,0],
[0,0],[0,0],[1,0],[-1,-1],[0,0],[0,0],
[0,0],[0,0],[0,0],[0,0],[1,0],[-1,-1],
[0,-1],[0,0],[0,0],[0,0],[0,0],[0,0],
[0,0],[0,0],[-1,-1],[0,0],[0,0],[1,2],[
0,0],[3,-1],[-1,-1],[-3,-2],[1,1],[-3,-1],
[0,-1],[-1,0],[1,2],[0,-1],[2,2],[0,0],
[-3,-4],[0,-1],[-1,-1],[1,-1],[0,0],[1,0],
[-3,-1],[0,0],[-2,-1],[2,0],[1,1],[1,1],
[1,0],[0,0],[1,1],[-2,-1],[-2,-1],[0,0],
[-1,-1],[0,0],[0,0],[-1,-1],[-1,1],[0,0],
[-1,-1],[1,0],[0,0],[1,1],[1,0],[-2,-2],
[0,1],[-2,0],[0,0],[0,0],[-1,0],[0,0],
[0,-1],[0,0],[0,0],[0,0],[0,0],[0,0],
[3,3],[0,0],[-1,-2],[-2,-1],[-1,-1],[-1,
-1],[1,2],[-2,-1],[0,2],[0,1],[0,-2],[0,
-1],[-1,1],[-3,-1],[-1,-2],[0,1],[0,-1],
[1,0],[0,0],[-1,1],[0,0],[-1,1],[1,0],
[1,-1],[0,0],[0,0],[0,0],[0,-1],[0,0],
[-2,-1],[0,0],[-1,-1],[1,1],[0,0],[0,0],
[0,0],[0,0],[0,-1],[0,-1],[0,0],[1,1],
[1,0],[-1,0],[0,0],[0,1],[0,0],[0,0],
[0,1],[0,0],[-1,-1],[0,0],[1,1],[0,0],
[0,0],[0,0],[0,1],[0,0],[-1,3],[0,-1],[
-1,-1],[-2,0],[-1,-1],[1,1],[0,0],[-1,0],
[-2,-1],[-2,-1],[0,-1],[-3,-1],[0,0],[0,
-1],[-2,-1],[-2,0],[-1,-1],[2,0],[0,0],
[1,0],[1,1],[1,0],[1,0],[1,0],[0,0],
[-1,0],[-1,-1],[1,1],[0,0],[1,1],[0,0],
[0,0],[-1,-1],[-1,0],[0,0],[0,0],[0,0],
[-1,-1],[0,0],[0,0],[1,1],[0,0],[1,0],
[0,0],[0,0],[0,0],[0,0],[-1,-1],[0,0],
[0,0],[0,0],[0,0],[0,0],[-1,1],[0,0],[
2,0],[0,-1],[-1,0],[2,2],[-1,-1],[-1,1],
[-1,0],[1,0],[3,1],[1,0],[3,2],[-2,-3],
[1,1],[-1,-1],[0,-1],[1,2],[0,0],[-2,-2],
[0,0],[-2,-1],[1,1],[1,1],[0,0],[1,0],
[0,0],[2,1],[-1,0],[0,-1],[0,0],[0,1],
[-1,0],[0,1],[0,0],[0,1],[1,1],[0,0],
[1,0],[0,0],[1,1],[1,0],[-1,-1],[0,1],
[-1,0],[0,0],[0,0],[0,0],[0,0],[1,0],[0,
0],[0,0],[0,0],[0,0],[0,0],[1,1],[0,0],
[0,-1],[0,0],[-1,0],[0,1],[1,4],[-2,-4],
[2,2],[0,1],[-1,0],[1,-1],[-4,-3],[1,4],
[-1,-2],[1,1],[2,1],[-1,1],[1,1],[1,1],
[0,0],[-3,-1],[0,-3],[1,1],[0,0],[-1,-2],
[1,0],[1,1],[-1,1],[-1,1],[0,0],[0,-1],
[0,0],[0,0],[0,0],[1,2],[0,0],[1,1],[
-1,-1],[1,1],[0,-1],[-1,-1],[-1,-1],[0,0],
[-1,0],[0,0],[0,0],[0,0],[0,1],[-1,0],
[0,0],[0,0],[0,0],[0,0],[0,-1],[2,2],
[0,0],[-2,-3],[-1,-1],[-1,2],[0,2],[1,
3],[-1,-2],[0,0],[1,0],[-2,-1],[-1,-3],[
-1,-1],[-2,3],[-1,0],[-1,2],[0,0],[0,3],
[1,0],[0,2],[0,0],[1,1],[-2,-4],[1,0],
[0,0],[-1,-2],[0,0],[0,-1],[0,2],[0,1],
[0,0],[-1,-1],[0,0],[0,0],[-1,0],[2,2],
[0,0],[0,1],[-1,-1],[0,0],[0,-1],[-1,-1],
[-2,0],[1,1],[0,2],[0,0],[0,1],[0,1],
[0,0],[-1,0],[0,0],[0,0],[-1,0],[0,0],
[0,0],[0,3],[0,0],[2,-3],[0,-1],[0,0],
[0,-1],[-2,0],[1,0],[-1,0],[1,0],[2,-2],
[4,0],[1,1],[-4,-4],[2,0],[-3,-2],[0,0],
[1,2],[0,1],[-4,-2],[0,0],[-2,1],[2,0],
[2,1],[0,0],[1,0],[0,0],[3,1],[-1,1],
[-2,-1],[0,0],[1,0],[0,1],[0,0],[0,0],
[1,2],[0,0],[0,0],[1,0],[0,0],[1,1],[
1,0],[-2,-2],[0,1],[-2,0],[0,0],[-1,-1],
[-1,0],[0,0],[0,-1],[0,0],[0,0],[0,0],
[0,0],[0,0],[-4,-3],[0,0],[0,-2],[1,1],
[-1,0],[2,-1],[-1,-2],[0,2],[-1,-1],[2,1],
[1,1],[3,3],[0,1],[1,-4],[0,2],[1,-2],[
-1,-3],[-2,-2],[0,-1],[1,0],[0,0],[-1,0],
[0,1],[1,2],[1,1],[0,0],[0,0],[0,2],[
-1,-1],[-1,0],[0,0],[0,2],[-1,-1],[0,0],
[0,0],[-1,0],[0,0],[-1,0],[0,1],[-1,-1],
[0,0],[0,0],[0,0],[0,0],[0,0],[0,0],
[1,0],[0,0],[0,0],[1,0],[0,0],[0,-1],
[0,0],[0,0],[0,0],[-2,1],[0,0],[-5,-2],
[1,-1],[0,-2],[-3,-3],[-2,-3],[0,0],[-1,
-1],[-2,-2],[-1,-2],[-1,-2],[2,0],[-3,-4],
[1,0],[1,1],[1,-1],[-2,-2],[0,-1],[0,1],
[0,0],[2,1],[0,1],[1,1],[2,2],[0,1],
[0,0],[0,0],[0,-1],[0,1],[0,0],[0,0],
[0,0],[0,0],[0,-1],[-1,-1],[0,0],[0,0],
[1,1],[0,0],[0,0],[0,0],[-1,0],[0,0],
[1,1],[0,0],[0,0],[0,0],[0,0],[1,-1],
[0,0],[-1,-1],[0,0],[0,0],[0,0],[0,1],
[0,0],[3,2],[-1,-1],[-1,-2],[-2,0],[0,0],
[-3,-2],[0,0],[0,2],[0,0],[2,2],[-2,1],
[4,1],[-1,-1],[2,1],[3,1],[-1,0],[1,2],
[-1,0],[0,0],[-1,-1],[0,0],[-1,0],[0,0],
[0,1],[0,0],[0,1],[0,-1],[-1,0],[0,0],[
-2,-2],[0,-1],[-1,-1],[0,0],[-1,-1],[0,0],
[0,-1],[1,1],[1,1],[0,1],[1,1],[-1,-1],
[-1,-1],[-1,-1],[0,0],[0,0],[0,0],[0,0],
[0,0],[0,0],[0,0],[0,0],[0,0],[0,0],
[-1,-1],[0,0],[-5,-4],[1,0],[3,1],[-2,
-4],[3,2],[0,-1],[1,0],[-2,-3],[-1,-2],
[-1,-2],[-1,-2],[1,2],[0,0],[0,2],[0,2],
[0,-1],[0,0],[1,2],[0,0],[2,2],[-2,-1],
[0,0],[0,1],[-2,-1],[0,0],[-2,-2],[2,1],
[0,1],[0,0],[1,0],[1,1],[0,-1],[0,0],[
1,-1],[0,-1],[1,1],[-1,0],[0,0],[-1,-1],
[-1,0],[0,1],[1,-1],[2,2],[0,0],[0,0],
[0,0],[0,0],[0,0],[0,0],[0,0],[0,0],
[0,0],[0,0],[-1,1],[0,0],[-1,-5],[1,1],
[0,2],[-1,-1],[-1,1],[2,3],[0,0],[3,-1],
[0,-2],[4,-3],[4,3],[-4,-5],[2,2],[-4,
-3],[-2,-1],[0,2],[1,1],[-1,0],[0,0],
[1,3],[0,-1],[1,1],[0,0],[1,0],[0,0],
[3,1],[-1,1],[1,3],[0,0],[1,2],[-1,0],
[-1,0],[0,0],[1,2],[0,0],[-1,1],[1,0],
[0,0],[1,0],[0,-1],[-1,0],[0,1],[-1,1],
[0,0],[-1,-1],[0,0],[0,0],[0,0],[0,0],
[-1,-1],[0,0],[0,0],[0,0],[0,-2],[0,0],
[3,5],[1,0],[0,-1],[0,3],[3,1],[-2,-2],
[0,-1],[-1,1],[0,2],[-2,1],[-3,-1],[6,5],
[-2,-1],[2,1],[1,1],[-1,0],[0,1],[2,0],
[0,0],[0,-2],[-1,0],[-1,0],[-1,-1],[1,0],
[0,0],[-2,-1],[1,0],[1,-1],[0,0],[-1,-1],
[0,-1],[0,0],[0,0],[0,-1],[0,1],[1,0],
[-1,0],[0,-1],[-1,0],[0,1],[1,0],[0,0],
[0,-1],[0,0],[0,1],[0,0],[0,0],[0,1],
[0,0],[1,1],[0,0],[0,0],[0,0],[-2,-3],
[0,0],[2,1],[1,2],[0,2],[3,3],[-2,-1],
[4,3],[0,-1],[2,0],[-1,1],[1,1],[2,-1],
[1,0],[1,2],[-1,-2],[-1,0],[0,0],[1,0],
[0,-1],[0,0],[0,-1],[0,0],[-1,1],[0,0],
[1,0],[0,0],[1,1],[-1,0],[2,1],[0,0],
[1,2],[-1,-1],[0,1],[0,0],[0,1],[0,0],
[-1,1],[0,0],[0,0],[0,-1],[-1,-1],[1,0],
[0,1],[-1,-1],[0,0],[0,0],[0,-1],[0,0],
[1,1],[0,0],[-1,-1],[0,0],[0,0],[0,0],
[-1,-2],[0,0],[-4,1],[0,1],[0,-1],[0,-3],
[-1,-1],[0,-1],[0,0],[-2,0],[-1,1],[-1,3],
[-3,-4],[0,2],[-1,-1],[3,2],[0,-1],[-2,-5],
[-3,-3],[2,2],[0,0],[0,-1],[0,1],[0,0],
[2,1],[-1,1],[0,0],[-2,0],[0,-1],[-1,-1],
[0,0],[0,0],[1,0],[1,0],[0,0],[-1,-1],[
-1,-1],[0,0],[-1,0],[0,0],[-1,-1],[-1,0],
[1,1],[0,-1],[2,0],[0,0],[1,0],[0,0],
[0,0],[0,-1],[0,0],[0,0],[0,0],[0,0],
[0,0],[-1,-1],[0,0],[2,2],[0,1],[0,0],
[1,-1],[1,0],[-1,-1],[0,0],[1,2],[1,2],
[1,4],[-2,0],[4,1],[0,1],[2,0],[0,0],
[-1,-1],[-1,0],[2,0],[0,0],[-1,-1],[0,1],
[-1,0],[0,0],[-1,0],[0,0],[-1,1],[0,-1],
[-1,-1],[0,0],[0,0],[0,-1],[0,-1],[0,0],
[-1,-1],[0,0],[0,0],[0,1],[0,0],[-1,0],
[0,1],[1,0],[0,-1],[0,-1],[0,0],[1,0],
[0,0],[0,0],[0,0],[0,0],[0,0],[0,0],
[0,0],[0,0],[1,3],[0,0],[1,-4],[0,-2],
[-1,-2],[-1,2],[-2,0],[-1,-1],[-1,-1],[0,
0],[-2,-4],[2,-3],[2,0],[-1,-3],[1,-1],
[-1,0],[3,0],[2,2],[3,2],[-2,1],[1,0],
[-1,0],[0,-2],[1,2],[1,2],[1,0],[0,0],
[2,0],[-1,0],[0,2],[0,0],[-1,-1],[0,0],
[-1,0],[0,-1],[0,1],[0,0],[0,0],[1,0],
[1,0],[1,0],[0,-1],[-3,-2],[0,1],[-2,1],
[0,0],[-1,0],[-1,0],[0,1],[1,0],[0,0],
[-1,-1],[0,0],[0,0],[0,0],[2,3],[0,0],
[2,1],[-1,-1],[-1,-1],[0,-1],[-3,2],[0,
-2],[-1,1],[-1,1],[0,-1],[1,2],[-3,-5],[
-3,1],[0,-2],[0,0],[0,-1],[-1,-1],[-1,0],
[-2,0],[0,0],[-2,-1],[2,0],[1,0],[1,0],
[1,0],[0,0],[0,-1],[-1,0],[-2,-2],[0,0],
[0,-1],[1,1],[1,0],[-1,-1],[0,1],[0,0],
[0,0],[0,-1],[0,0],[0,0],[0,0],[-1,-1],
[1,1],[-1,0],[0,0],[0,0],[-1,0],[0,0],
[-1,-2],[0,0],[0,1],[0,0],[0,0],[0,0],
[-1,1],[0,0],[7,3],[2,1],[2,0],[-2,0],
[0,0],[1,-2],[0,-1],[0,0],[3,-1],[3,3],
[0,0],[4,1],[3,1],[-1,0],[4,5],[2,4],[
2,4],[-4,-3],[0,0],[-1,-2],[2,0],[-1,1],
[-1,1],[0,1],[0,0],[1,1],[0,0],[-2,-1],
[0,0],[0,-2],[0,0],[-1,-1],[0,0],[0,0],
[0,0],[1,1],[1,1],[1,1],[0,1],[1,1],[-1,
-3],[-1,0],[-3,-2],[0,0],[-1,-1],[-1,-1],
[-1,-1],[1,1],[0,0],[0,0],[0,1],[0,0],
[0,0],[4,1],[0,0],[-2,1],[1,1],[0,-2],
[-1,2],[0,-2],[0,-2],[1,-1],[-2,-1],[-4,
-2],[-6,-3],[2,-1],[-1,2],[-1,-2],[2,3],
[2,1],[0,-1],[0,-1],[1,2],[0,0],[4,1],
[0,-1],[-1,-1],[1,2],[0,0],[0,0],[-3,-3],
[0,-1],[0,0],[0,0],[-1,-2],[1,0],[1,0],
[-1,-2],[-1,-1],[0,0],[-1,-1],[-1,-1],[0,
-1],[0,-1],[-1,-1],[0,0],[1,1],[1,1],[0,
0],[0,1],[0,0],[0,0],[0,0],[0,0],[0,0],
[0,0],[0,0],[0,0],[0,3],[0,0],[1,3],[-1,
-2],[-2,-1],[-4,1],[-5,-2],[0,-1],[-1,-1],
[0,1],[0,0],[-1,0],[2,0],[-3,0],[1,1],
[0,0],[1,1],[-2,3],[0,1],[-1,-2],[0,0],
[1,-2],[0,-1],[0,0],[1,1],[0,0],[0,0],
[1,2],[-2,-1],[0,1],[0,0],[0,-1],[0,0],
[-1,-1],[-1,-1],[-1,1],[0,0],[-1,0],[1,1],
[0,1],[0,0],[0,0],[-1,-1],[-1,0],[-1,-1],
[0,0],[0,0],[0,0],[0,0],[0,0],[0,0],
[-1,-1],[-1,0],[0,0],[0,0],[3,0],[0,0],
[1,0],[0,1],[0,0],[-1,1],[2,1],[2,2],
[2,1],[1,1],[-3,-5],[-1,-2],[1,1],[0,1],
[-1,-1],[-1,-1],[-1,0],[1,0],[2,2],[0,1],
[0,0],[1,2],[1,-1],[-1,-1],[-1,0],[1,0],
[0,0],[-1,-2],[0,0],[-1,1],[0,0],[0,0],
[1,0],[0,0],[0,-1],[0,0],[0,0],[-1,-1],
[-1,-1],[0,-1],[1,0],[0,-1],[0,0],[0,1],
[-1,0],[0,0],[-1,0],[0,0],[0,0],[-1,0],
[0,0],[1,0],[0,0],[0,0],[0,0],[-1,-2],
[0,0],[0,2],[0,1],[-1,0],[-1,0],[0,-1],
[-1,0],[0,-1],[1,2],[2,2],[1,0],[0,1],
[4,2],[-2,1],[2,0],[0,-1],[-3,-2],[0,2],
[2,1],[0,0],[1,1],[0,0],[-2,-1],[-2,-1],
[1,1],[0,0],[-1,-1],[0,-1],[-1,-1],[0,0],
[-1,0],[0,-1],[0,0],[1,0],[-1,-1],[-1,0],
[-1,-1],[-1,0],[0,-1],[0,0],[0,0],[1,0],
[-1,0],[-1,-2],[0,0],[0,0],[0,0],[0,0],
[0,1],[0,0],[1,0],[-1,0],[0,0],[0,1],
[3,7],[0,0],[1,-2],[-1,-2],[-1,-1],[-3,
0],[2,6],[0,-4],[1,2],[-1,0],[-2,-3],[2,
-2],[-4,-3],[-3,2],[-1,-3],[-3,1],[0,2],
[-1,2],[0,1],[-2,1],[0,0],[-1,2],[1,-2],
[1,-1],[-1,-1],[0,-2],[0,0],[1,-2],[0,1],
[-1,0],[0,0],[1,-2],[1,1],[1,0],[-1,-1],
[1,1],[0,0],[1,0],[0,-1],[1,1],[0,0],
[0,0],[-2,-1],[1,1],[-1,1],[0,0],[-1,0],
[-1,0],[0,0],[-2,-2],[0,0],[0,1],[0,0],
[0,0],[0,0],[3,4],[0,0],[-4,-1],[-1,-1],
[1,1],[-4,-2],[1,1],[-4,0],[-1,0],[0,0],
[2,0],[-2,-4],[1,2],[-1,1],[0,1],[2,1],
[0,-2],[0,3],[0,1],[1,0],[0,0],[2,2],
[-2,-1],[1,-1],[0,0],[-1,1],[0,0],[1,0],
[1,1],[0,1],[0,0],[-1,0],[0,1],[0,0],
[0,0],[1,1],[0,0],[0,0],[0,0],[0,0],
[0,0],[0,0],[-1,1],[0,0],[1,1],[0,0],
[0,0],[1,1],[0,0],[0,0],[0,0],[0,0],
[0,1],[0,0],[0,0],[1,-4],[0,0],[-1,3],
[-1,2],[3,1],[0,1],[5,0],[1,1],[2,0],
[0,0],[-3,0],[-7,-3],[2,2],[7,9],[-1,0],
[1,4],[1,4],[3,0],[0,1],[1,3],[0,0],[5,
2],[-2,-1],[-4,-3],[-3,-1],[-2,-1],[0,0],
[-4,-4],[4,1],[1,0],[0,0],[0,-1],[2,0],
[0,0],[1,1],[1,-3],[0,0],[-1,-1],[-2,-1],
[0,0],[0,-1],[-1,-1],[2,2],[1,0],[2,0],
[0,0],[0,1],[1,0],[0,-1],[0,2],[0,0],
[1,0],[0,0],[0,0],[0,0],[-1,2],[0,0],[
3,7],[-2,-2],[-2,-2],[0,3],[-5,-2],[1,1],
[-2,-1],[-1,2],[0,3],[-2,4],[-1,-2],[-2,
-1],[1,1],[2,-1],[-1,-1],[-2,1],[-3,-2],
[1,-3],[0,0],[-1,-4],[1,3],[1,0],[2,0],
[1,0],[0,0],[0,3],[-2,-2],[2,-1],[1,0],
[1,1],[0,0],[0,0],[-1,0],[-2,0],[0,0],
[0,0],[1,1],[-1,0],[-1,0],[0,1],[2,1],
[-1,-1],[1,-2],[0,0],[1,0],[0,0],[0,0],
[0,-1],[0,0],[-1,0],[0,0],[0,0],[0,0],
[-3,-2],[0,0],[6,4],[0,0],[-2,-3],[1,1],
[-2,-3],[-3,0],[-2,-1],[1,4],[4,3],[3,5],
[-1,5],[4,-5],[-1,1],[2,-3],[1,-2],[-2,-1],
[0,1],[1,-3],[0,0],[-3,-3],[1,3],[0,1],
[0,0],[1,1],[0,0],[0,3],[-1,-3],[-2,-2],
[0,0],[-2,0],[-1,-1],[-1,-1],[1,0],[-3,-2],
[0,1],[-1,-2],[1,2],[-1,-1],[0,2],[2,2],
[1,-1],[-2,-1],[-2,-3],[0,0],[1,0],[0,0],
[0,0],[1,1],[0,0],[1,0],[0,0],[0,0],
[0,0],[0,2],[0,0],[4,-5],[0,2],[0,2],
[1,1],[1,1],[2,3],[0,0],[5,1],[2,1],
[6,1],[3,6],[1,-5],[2,2],[-2,-2],[0,0],
[2,3],[2,2],[-2,-1],[0,0],[-1,1],[0,0],
[0,1],[-1,0],[0,0],[0,0],[4,3],[-1,0],
[0,1],[0,0],[0,1],[-1,-1],[-1,0],[1,1],
[0,1],[0,0],[-1,0],[2,1],[1,1],[1,1],[
1,0],[-1,-1],[-1,0],[-2,0],[0,0],[0,-1],
[0,0],[0,0],[1,1],[0,0],[-1,-1],[0,0],
[0,0],[0,0],[4,0],[0,0],[-16,-9],[-3,-2],
[-1,1],[-4,1],[3,5],[-1,0],[0,0],[-1,-2],
[-12,-5],[-6,-11],[-1,-3],[-4,4],[-3,-2],
[1,5],[-1,-2],[0,-1],[4,-2],[4,9],[0,0],
[7,4],[-6,-4],[0,-1],[3,1],[-2,-2],[0,0],
[-2,-4],[3,2],[6,8],[0,0],[-2,0],[1,-1],
[-2,0],[-1,0],[2,-1],[-1,-1],[0,1],[0,-1],
[0,0],[0,-2],[-2,-2],[-1,5],[1,0],[5,6],
[0,0],[0,2],[2,2],[1,1],[-1,0],[0,0],
[-2,-1],[0,0],[0,0],[0,0],[1,-1],[0,0],
[1,13],[-2,-2],[-2,-2],[-4,1],[-3,-1],[1,
0],[1,1],[-4,1],[0,3],[-6,1],[-4,-6],[-1,
6],[-2,-3],[2,0],[-2,0],[-4,-2],[-3,-1],
[5,0],[0,0],[1,-4],[2,1],[-1,-1],[-1,-3],
[1,1],[0,0],[-3,-1],[-1,-2],[3,-1],[0,0],
[1,-1],[0,0],[0,0],[0,0],[-2,-1],[0,0],
[1,0],[-1,-2],[0,0],[-1,-1],[-1,0],[4,2],
[-2,-2],[1,-4],[0,0],[0,0],[0,-1],[0,0],
[-3,-1],[0,0],[0,2],[-1,-1],[0,0],[0,0],
[-3,-5],[0,0],[7,7],[1,3],[2,2],[2,1],
[3,2],[2,2],[2,1],[2,2],[3,2],[2,5],
[-2,0],[8,4],[1,2],[0,-3],[-2,1],[0,0],
[-1,1],[1,-2],[0,0],[-3,-2],[1,2],[-2,0],
[-2,-2],[1,1],[0,0],[0,1],[0,0],[0,-2],
[0,0],[2,2],[0,-1],[0,0],[1,1],[1,0],
[0,0],[1,1],[-1,0],[1,0],[-1,0],[0,1],
[3,0],[-1,-1],[-1,-3],[0,0],[0,-1],[0,-1
],[0,0],[0,1],[0,0],[1,1],[0,0],[0,0],
[0,0],[0,1],[0,0],[5,-1],[1,0],[1,2],
[1,1],[4,5],[0,2],[0,0],[1,0],[4,0],[
5,2],[-3,-2],[7,1],[0,1],[-1,-2],[-2,-2],
[1,2],[1,2],[0,2],[0,0],[-2,0],[-1,0],
[-1,1],[-2,-2],[1,0],[-1,0],[0,-2],[1,1],
[0,-1],[0,0],[0,1],[-1,-1],[1,0],[0,0],
[1,0],[1,0],[1,1],[0,0],[2,0],[-1,0],
[0,1],[-1,0],[1,0],[-1,0],[0,0],[0,0],
[-1,-1],[0,0],[0,-1],[0,0],[0,1],[0,0],
[0,0],[0,1],[-1,-3],[0,0],[-4,-8],[1,2],
[2,5],[4,-2],[1,1],[4,5],[0,0],[2,-3],
[2,0],[0,-3],[3,3],[-4,-3],[0,2],[-4,-2],
[-5,-4],[1,-1],[-1,-3],[-2,0],[0,0],[1,
3],[-2,-1],[1,0],[-1,-1],[0,-1],[0,0],
[2,-1],[1,3],[0,-1],[0,0],[1,3],[0,2],
[2,1],[1,1],[3,2],[0,0],[-1,0],[-1,-1],
[0,0],[0,-1],[-1,-1],[-1,1],[2,2],[1,3],
[0,0],[0,0],[0,0],[1,0],[1,0],[0,0],[
0,0],[0,-1],[0,0],[0,0],[0,1],[0,0],[7,
2],[-2,-2],[-7,-5],[-1,4],[-5,1],[-3,-4],
[-3,0],[3,6],[-4,1],[4,6],[-6,-1],[-2,-6],
[-1,-3],[0,-4],[2,-3],[-1,1],[3,0],[0,-1],
[0,0],[-5,-6],[1,-1],[4,4],[4,1],[2,1],
[1,0],[2,6],[-4,-2],[1,3],[0,0],[-3,-2],
[-1,-2],[-3,-1],[-2,0],[-2,2],[-1,0],[0,0],
[3,1],[-1,0],[0,1],[1,1],[-2,-2],[-2,-1],
[-3,-1],[0,0],[0,0],[-1,1],[0,1],[-1,-1],
[0,0],[-1,0],[1,0],[0,0],[0,-1],[6,0],
[0,0],[-1,4],[-1,0],[0,-1],[1,4],[-4,-5],
[1,3],[-2,-2],[-1,-1],[-1,1],[-8,1],[6,0],
[-4,1],[1,1],[1,1],[-1,-1],[5,2],[-1,-2],
[-1,-2],[0,0],[5,-2],[-1,1],[-2,-3],[2,2],
[0,2],[-1,0],[-3,-2],[0,-1],[1,-1],[0,0],
[-2,-1],[1,1],[0,0],[-2,-1],[-1,-1],[0,0],
[-2,-1],[0,0],[-2,-1],[0,0],[0,0],[1,1],
[1,1],[2,1],[0,0],[1,1],[1,1],[0,-1],
[1,1],[0,0],[0,0],[0,1],[0,0],[0,1],
[-8,-2],[0,0],[0,-1],[1,0],[-2,-1],[1,-3],
[-4,-6],[2,3],[-2,-3],[2,1],[2,3],[1,2],
[1,2],[-1,-9],[1,4],[0,-3],[-1,-3],[-6,-3],
[0,-2],[1,-2],[0,0],[0,0],[0,2],[2,4],
[0,1],[0,0],[0,0],[0,3],[-2,-3],[0,-1],
[0,0],[1,2],[-2,-1],[0,0],[0,-1],[-3,-1],
[0,0],[-2,-1],[1,2],[-1,-1],[0,0],[0,1],
[0,-1],[-1,0],[-1,-1],[0,0],[1,0],[-1,-1],
[1,0],[2,0],[0,0],[-1,-1],[-1,-1],[0,0],
[0,0],[10,8],[0,0],[-13,-5],[-4,-4],[1,3],
[1,2],[2,5],[-6,-4],[-1,3],[-3,-2],[-3,0],
[-7,-11],[0,-1],[-9,5],[-1,-3],[2,7],[-2,
-3],[4,4],[-3,-4],[4,6],[0,0],[2,2],[-3,
-2],[2,-4],[1,-2],[-2,-3],[0,0],[0,-4],[2,
3],[3,1],[0,0],[-1,0],[1,2],[1,1],[0,1],
[3,1],[1,1],[2,1],[-1,-3],[0,0],[0,-1],
[0,-1],[0,5],[3,1],[5,5],[0,0],[1,2],
[2,3],[0,1],[-3,-2],[0,0],[0,2],[0,0],
[0,0],[0,0],[3,5],[0,0],[-2,-3],[-2,-5],
[0,1],[-2,0],[2,3],[-4,-1],[0,0],[0,1],
[-2,-3],[2,-2],[-3,-1],[-1,3],[-1,-1],[-1,
-1],[-1,-2],[1,3],[0,0],[-2,0],[0,0],[-1,
4],[-2,-3],[2,-2],[0,-2],[-1,-1],[-1,-1],
[2,-1],[1,3],[1,2],[0,0],[0,-1],[1,1],
[0,0],[-1,0],[3,2],[0,0],[1,-1],[0,0],
[0,0],[0,0],[0,0],[-2,0],[1,1],[1,2],
[0,0],[-1,0],[0,1],[1,1],[-1,-1],[0,0],
[0,0],[0,0],[0,0],[-1,0],[-2,-4],[0,0],
[-4,1],[4,2],[1,0],[-1,0],[-2,-2],[4,0],
[0,-1],[-1,-2],[-2,1],[-5,-4],[2,-1],[-7,
-1],[1,0],[-3,-2],[-3,0],[-2,-1],[-2,-2],
[2,-1],[0,0],[2,-1],[1,0],[2,1],[0,-1],
[2,-1],[1,0],[0,0],[0,1],[2,1],[0,0],
[3,2],[0,1],[0,0],[0,0],[1,1],[-1,1],[
0,1],[-1,-1],[-2,-2],[0,-1],[-1,-1],[2,1],
[0,1],[1,0],[0,0],[-1,0],[0,0],[0,0],
[-1,0],[0,0],[0,0],[0,-1],[0,0],[0,-1],
[5,6],[0,0],[-5,-15],[-2,0],[-1,1],[1,-1],
[1,2],[1,2],[0,3],[2,-2],[0,-6],[6,-6],[
1,1],[-10,-10],[0,-2],[-4,0],[0,-3],[3,1],
[4,0],[-3,4],[0,0],[0,5],[2,-2],[3,2],
[-1,1],[1,0],[0,1],[2,-2],[-1,1],[-3,-1],
[0,0],[-1,0],[-1,1],[1,2],[1,1],[1,2],
[0,-1],[0,0],[0,-3],[1,0],[3,1],[1,-2],
[-4,-1],[0,1],[-2,3],[0,0],[-1,0],[-1,1],
[-1,0],[-1,-2],[0,0],[1,1],[0,0],[0,0],
[1,1],[-8,-4],[0,0],[4,-2],[5,1],[1,0],
[3,1],[-1,-2],[1,-4],[0,-3],[0,-1],[1,1],
[5,3],[-2,-4],[5,-2],[0,1],[0,-1],[3,2],
[-5,-2],[1,2],[1,0],[0,0],[-3,-2],[0,-2],
[0,5],[-1,1],[1,-1],[0,0],[0,1],[-1,0],
[-1,-1],[0,0],[2,0],[-2,-2],[1,-1],[0,-1],
[0,1],[0,0],[1,2],[-1,1],[1,-1],[-2,-2],
[-2,0],[-1,-3],[0,0],[-3,-2],[1,0],[0,0],
[-2,-2],[0,1],[1,0],[0,0],[-1,-1],[-1,-1],
[0,0],[0,0],[10,7],[0,0],[-12,-2],[-4,-2],
[2,1],[0,0],[1,4],[2,-1],[2,2],[-6,-5],
[-5,-6],[-12,-11],[4,-4],[-9,7],[0,-5],[
0,6],[-1,0],[7,1],[-2,-3],[-2,3],[0,0],
[5,4],[-2,-2],[0,-5],[2,1],[-3,-1],[0,0],
[0,-7],[3,4],[2,1],[0,0],[1,-2],[4,4],
[2,2],[0,-1],[4,1],[0,-1],[1,0],[-1,-3],
[2,1],[0,-2],[-2,-2],[-1,3],[2,2],[4,4],
[0,0],[-1,0],[1,1],[1,0],[-1,-2],[0,0],
[-1,1],[0,1],[0,0],[0,0],[0,-6],[0,0],[
14,15],[-2,3],[-3,-2],[2,5],[-2,-5],[3,6],
[2,0],[4,7],[0,3],[-1,8],[4,7],[7,3],
[-1,2],[1,-4],[-1,2],[0,-2],[-1,2],[-2,
-6],[0,0],[-1,-3],[4,4],[-5,-3],[-1,-1],
[3,3],[0,0],[-1,3],[-2,-4],[0,-1],[0,0],
[-1,1],[1,-1],[-1,0],[0,0],[-4,-2],[0,1],
[-4,-4],[1,1],[-1,0],[2,2],[2,0],[4,-1],
[-2,0],[-2,-5],[0,0],[0,-1],[1,-1],[0,-1],
[1,3],[0,0],[1,-1],[1,0],[0,0],[0,0],[
4,2],[0,0],[-4,-2],[-1,-2],[-1,0],[-2,-3],
[-2,0],[0,7],[1,2],[0,-1],[3,-2],[-1,-2],
[1,-1],[-4,2],[-1,-2],[0,-2],[-5,-7],[2,0],
[-2,-1],[-1,2],[0,0],[2,4],[0,-1],[1,-3],
[0,-2],[1,0],[-1,-1],[2,-2],[1,2],[0,0],
[0,0],[1,2],[1,2],[2,1],[1,1],[2,1],[
1,0],[0,-1],[-1,-2],[0,0],[1,-1],[-1,-2],
[-1,2],[1,1],[2,2],[0,0],[0,0],[1,1],
[1,1],[-1,-2],[0,0],[0,0],[0,-1],[0,0],
[-1,0],[-1,-5],[0,0],[-6,0],[1,1],[2,4],
[10,3],[5,4],[-2,-4],[1,2],[-3,-1],[-2,2],
[-6,0],[-4,-6],[0,7],[-1,0],[4,3],[-1,-2],
[3,-2],[-2,-6],[5,2],[0,0],[-6,-4],[-1,0],
[2,0],[2,-1],[-3,-3],[1,0],[-2,-1],[1,2],
[1,-1],[0,0],[2,3],[0,1],[2,2],[0,1],[
2,1],[0,0],[3,2],[-3,-2],[-1,-1],[-1,-2],
[-2,-1],[3,3],[2,1],[4,2],[0,0],[2,1],[1,
0],[0,1],[0,0],[0,0],[1,1],[1,1],[0,0],
[0,-1],[3,1],[0,0],[-2,-11],[-1,0],[0,3],
[5,7],[8,5],[-1,0],[0,-1],[2,-1],[-3,-3],
[0,-7],[0,4],[1,-4],[-2,0],[-2,2],[1,0],
[5,4],[5,-1],[-1,2],[0,0],[0,3],[-4,-1],
[2,1],[0,1],[1,-2],[0,0],[1,-2],[2,3],
[3,1],[0,0],[-2,1],[-1,0],[0,2],[0,1],
[3,1],[0,0],[1,0],[0,-1],[1,-2],[1,1],
[1,0],[-2,2],[1,2],[1,5],[0,0],[0,2],
[0,1],[0,0],[1,1],[1,0],[1,1],[1,1],
[0,0],[0,0],[3,4],[0,0],[7,7],[-4,-2],
[-3,-2],[0,3],[2,6],[-6,-4],[-1,1],[1,5],
[1,3],[-3,4],[-6,-2],[3,5],[-2,-3],[1,-1],
[2,-2],[3,4],[0,-1],[-4,-2],[0,0],[-4,-3],
[-1,-1],[2,0],[2,-1],[-1,1],[0,-1],[1,0],
[0,1],[1,-1],[0,0],[-2,-3],[1,1],[0,1],
[-2,0],[1,1],[0,0],[1,-1],[1,-1],[1,1],
[-1,0],[0,1],[-2,-1],[0,1],[-1,0],[0,0],
[0,0],[-1,0],[1,0],[0,-1],[0,0],[0,2],
[1,1],[0,0],[-1,-1],[4,4],[0,0],[4,2],[
-3,-3],[-2,-4],[3,3],[-2,-1],[-2,0],[0,1],
[-3,-1],[6,0],[0,4],[1,-1],[2,0],[0,-3],
[2,2],[3,0],[6,1],[0,0],[-3,-2],[0,0],
[-3,-3],[0,1],[-1,-1],[1,3],[-1,2],[-1,
0],[0,-1],[-1,-2],[-2,-4],[0,0],[-3,-3],
[0,1],[1,1],[0,-1],[-2,-1],[2,0],[1,-1],
[1,0],[2,2],[0,1],[1,1],[-2,-2],[0,0],
[-1,0],[0,0],[1,0],[0,0],[0,0],[2,0],
[0,0],[0,1],[0,1],[0,0],[0,1],[3,7],
[-1,0],[0,3],[-3,-2],[-3,-3],[-8,0],[-3,
1],[2,-1],[0,1],[-1,1],[-2,-1],[-2,-5],
[1,0],[-6,0],[0,-2],[-3,0],[0,3],[-3,2],
[-1,2],[-1,0],[0,0],[4,2],[3,0],[0,-2],
[-1,-1],[0,-1],[0,0],[1,-1],[-1,-1],[1,0],
[0,0],[2,-2],[1,1],[0,0],[0,-1],[-1,0],
[0,0],[-1,-1],[1,-1],[0,1],[1,0],[0,-1],
[1,0],[-1,0],[-1,-2],[0,0],[-1,0],[0,0],
[0,0],[-2,-1],[0,0],[-1,0],[-1,-1],[0,0],
[0,0],[1,0],[0,0],[6,-5],[3,1],[0,3],[
4,10],[3,2],[0,-2],[0,-4],[3,0],[-2,-3],
[1,-3],[2,0],[4,1],[0,2],[-2,1],[5,4],
[2,8],[5,4],[-4,-2],[0,0],[1,0],[-3,-5],
[-1,3],[-1,2],[0,-3],[0,0],[1,0],[-1,3],
[0,1],[0,0],[-1,-1],[-1,-1],[0,0],[-2,-1],
[3,4],[0,0],[-1,1],[-1,0],[1,-1],[0,-1],
[-1,-1],[-4,-3],[1,3],[-3,1],[0,0],[-1,1],
[-1,-1],[0,0],[2,2],[0,0],[0,-1],[0,1],
[0,0],[1,0]])    ,
Matrix(K,55,55,
[[1,3],[0,0],[3,1],[-1,-1],[-2,-1],[2,2],
[1,3],[-5,-3],[1,1],[1,2],[1,1],[2,3],
[-2,0],[2,2],[-1,-1],[2,0],[2,-1],[1,3],
[0,0],[-1,-1],[1,1],[-4,-1],[0,-1],[1,0],
[1,1],[-2,-2],[0,-1],[2,2],[-1,0],[-1,0],
[0,-1],[-1,-1],[0,0],[0,0],[0,0],[0,1],
[1,0],[1,0],[0,0],[1,1],[0,0],[0,0],
[-1,-1],[0,0],[-1,0],[0,0],[1,0],[0,0],
[0,1],[0,0],[0,0],[0,0],[0,0],[0,0],[
-1,-1],[1,2],[0,0],[0,-6],[-1,0],[-1,1],
[-1,-3],[-1,2],[1,1],[-1,1],[2,1],[1,-2],
[5,0],[1,1],[-3,-4],[1,1],[-2,-1],[-1,
-1],[-1,-1],[1,2],[-1,1],[0,-1],[-1,2],
[1,0],[0,1],[0,0],[1,0],[0,1],[1,0],
[-1,0],[-2,0],[0,0],[0,1],[0,0],[0,0],
[0,0],[0,1],[0,0],[-1,0],[1,0],[0,0],
[1,0],[1,0],[-2,-1],[0,0],[-1,1],[0,0],
[-1,-1],[0,1],[0,0],[0,-1],[0,0],[0,0],
[0,0],[0,0],[1,1],[6,1],[0,0],[-1,-1],
[-1,2],[-2,1],[2,3],[0,1],[0,1],[1,1],[
1,0],[-1,-1],[-1,-1],[2,1],[-3,1],[-1,-1],
[0,0],[-1,-1],[3,2],[0,0],[0,0],[0,0],
[1,1],[1,0],[0,-2],[1,0],[0,0],[0,0],
[1,0],[-1,1],[0,1],[0,0],[-1,0],[0,0],
[0,0],[-1,0],[1,2],[0,0],[-1,0],[0,-1],
[0,0],[1,0],[0,-1],[0,1],[0,0],[1,1],
[0,0],[0,0],[1,1],[0,0],[-1,0],[0,0],
[0,0],[0,0],[0,0],[0,0],[2,1],[0,0],
[0,1],[0,-1],[0,0],[1,2],[0,1],[-3,-3],
[1,1],[-1,0],[-1,0],[-1,-1],[-2,-2],[0,3],
[-1,-2],[1,0],[1,0],[2,2],[0,0],[0,0],[
0,0],[-2,-1],[0,-2],[1,-1],[1,0],[-1,-1],
[0,-1],[1,0],[0,1],[0,1],[0,0],[0,-1],
[0,0],[0,0],[0,0],[1,1],[0,0],[1,0],[
-1,-1],[0,0],[0,0],[-1,-1],[0,0],[0,0],
[0,0],[0,0],[0,0],[0,0],[0,1],[-1,0],
[0,0],[0,0],[0,0],[0,0],[-1,-1],[0,-1],
[0,0],[0,1],[-2,-1],[-1,-1],[0,0],[-1,-2],
[-2,1],[0,0],[1,1],[2,1],[-1,0],[0,1],
[1,0],[-1,-1],[0,0],[0,-1],[0,-1],[0,0],
[0,0],[0,0],[0,1],[-1,0],[0,0],[-1,-1],
[0,1],[0,0],[0,0],[0,0],[0,0],[0,1],
[-1,-1],[0,0],[0,0],[0,0],[0,0],[0,0],
[-1,-1],[0,0],[0,0],[0,0],[0,0],[-1,0],
[0,0],[0,0],[0,0],[0,0],[0,0],[1,0],[0,
0],[0,0],[0,0],[0,0],[0,0],[0,0],[1,-2],
[0,0],[-4,3],[0,2],[0,-1],[-1,1],[0,-1],
[0,-2],[2,2],[-2,-2],[-3,0],[-5,-2],[0,-1],
[-1,4],[-1,-2],[2,3],[2,2],[0,0],[0,-1],
[1,0],[0,1],[2,-1],[0,-1],[-1,-1],[0,1],
[-1,-1],[1,0],[-1,0],[0,0],[0,1],[0,0],
[0,-1],[0,0],[0,0],[0,0],[0,0],[0,0],[
0,0],[-1,-1],[0,1],[0,-1],[-1,-1],[1,1],
[0,0],[1,0],[0,0],[1,1],[1,0],[0,0],
[-1,0],[0,0],[0,0],[0,0],[0,-1],[0,-1],
[2,0],[0,0],[-1,0],[-2,0],[-1,-1],[2,2],
[1,0],[-1,1],[1,0],[1,0],[0,0],[-4,-2],
[1,1],[-1,-1],[-1,-1],[0,0],[0,-1],[2,1],
[1,0],[-1,-1],[0,0],[1,1],[-1,0],[0,0],
[0,1],[-1,0],[0,0],[-1,-1],[0,0],[0,0],
[0,0],[-1,-1],[0,0],[0,0],[-1,-1],[0,0],
[0,0],[-1,-1],[0,0],[0,0],[0,0],[0,0],
[-1,0],[0,0],[0,1],[0,0],[0,0],[0,0],[1,
0],[0,0],[0,0],[0,0],[0,0],[0,0],[0,0],
[-2,1],[0,0],[-1,0],[0,0],[0,0],[-1,-2],
[-1,-1],[-1,-1],[-1,0],[0,0],[1,2],[0,0],
[-1,1],[-1,-1],[0,1],[0,0],[0,0],[-2,0],
[-1,0],[1,0],[0,0],[0,0],[-1,0],[1,0],
[0,0],[0,0],[0,0],[0,1],[0,0],[0,0],[0,
0],[0,0],[0,0],[0,0],[0,0],[0,0],[0,1],
[0,0],[0,1],[-1,0],[0,0],[0,1],[0,0],
[0,0],[0,0],[0,0],[0,0],[0,1],[0,0],[0,
0],[0,0],[0,0],[0,0],[0,0],[0,0],[0,0],
[0,0],[2,2],[-1,0],[-1,-1],[0,0],[-1,1],
[0,-1],[0,1],[0,1],[0,0],[0,2],[-1,-2],
[0,2],[0,-1],[0,1],[1,1],[0,-1],[0,1],[
-2,-1],[0,0],[-1,-1],[1,0],[-1,-1],[0,0],
[0,0],[0,0],[0,0],[0,0],[-1,-1],[0,0],
[0,-1],[1,0],[0,0],[0,0],[0,0],[0,0],
[0,0],[0,0],[0,1],[0,0],[0,0],[0,-1],
[0,0],[-1,-1],[0,0],[0,0],[0,0],[0,0],
[0,0],[0,0],[0,0],[0,0],[0,0],[0,0],[
-3,-1],[0,0],[2,0],[1,2],[-1,0],[0,-2],
[-1,-1],[1,2],[0,-1],[1,0],[1,0],[1,2],
[0,2],[2,-1],[-1,1],[0,0],[0,0],[-3,-2],
[0,0],[0,-1],[0,0],[1,2],[-1,1],[0,0],
[-1,0],[1,1],[0,0],[0,1],[0,0],[0,0],
[1,1],[-1,0],[0,0],[0,0],[0,0],[0,0],
[0,0],[-1,0],[0,1],[0,0],[0,0],[0,1],
[0,0],[0,0],[0,0],[0,0],[0,0],[0,0],
[0,-1],[1,1],[0,0],[0,0],[0,0],[0,0],
[0,0],[0,0],[0,0],[0,1],[0,0],[0,0],
[0,0],[-1,-1],[-2,0],[0,1],[1,0],[2,1],
[-1,0],[2,1],[-2,-1],[0,0],[0,0],[0,0],
[0,0],[0,1],[0,-1],[0,0],[0,0],[0,0],
[0,-1],[0,0],[0,0],[0,0],[0,0],[0,0],
[0,0],[0,0],[0,0],[0,0],[0,0],[0,0],
[0,0],[1,1],[0,0],[0,0],[-1,0],[0,0],
[0,0],[0,0],[0,0],[0,0],[0,0],[0,0],[1,
1],[0,0],[0,0],[0,0],[0,0],[0,0],[0,0],
[0,0],[1,4],[0,0],[2,-1],[-2,-1],[-2,-2],
[0,-1],[-1,-1],[-1,0],[-1,0],[2,2],[2,0],
[3,1],[1,2],[-1,-5],[1,0],[0,-1],[0,-1],
[-1,0],[-1,0],[0,0],[1,0],[-2,1],[2,2],
[2,2],[0,1],[0,0],[0,0],[1,1],[-2,-2],
[-2,-1],[0,0],[0,0],[0,0],[0,0],[0,-1],
[-2,0],[0,0],[-1,-1],[1,0],[0,-1],[1,1],
[1,0],[-1,-1],[0,0],[-1,0],[0,0],[0,-1],
[-1,0],[0,0],[0,-1],[0,0],[0,0],[0,0],
[0,0],[0,0],[1,1],[0,0],[3,1],[-1,-1],
[-1,-1],[0,0],[-1,1],[-1,0],[1,1],[1,2],
[1,-1],[1,-1],[-1,0],[0,-1],[0,-1],[-1,
-2],[1,0],[0,0],[1,2],[-1,-2],[0,-1],
[-2,1],[1,-1],[0,0],[0,0],[0,0],[0,0],
[1,0],[-1,0],[-1,0],[0,0],[0,-1],[0,0],
[0,0],[0,-1],[0,1],[0,0],[0,-1],[0,0],
[0,0],[0,0],[0,0],[-1,-2],[-1,0],[-2,-1],
[0,0],[-1,-1],[0,0],[1,1],[0,0],[0,0],
[0,0],[0,0],[0,0],[0,0],[-4,-3],[0,0],
[4,1],[1,-1],[0,0],[1,-1],[-2,0],[0,-1],
[-1,-1],[0,1],[0,0],[2,3],[-1,-2],[1,0],
[0,0],[-1,-1],[1,0],[-1,-2],[0,0],[-3,-1],
[0,0],[-2,-2],[1,-1],[-1,1],[0,0],[1,0],
[0,0],[0,0],[0,0],[-1,-1],[0,0],[0,0],
[0,0],[0,0],[0,0],[0,0],[0,0],[0,0],
[0,0],[0,0],[0,0],[0,0],[-1,-2],[0,1],
[-2,-1],[0,0],[0,0],[-1,-1],[0,0],[1,0],
[0,0],[0,0],[0,0],[0,0],[0,0],[-1,-1],
[0,0],[-3,1],[2,2],[4,1],[0,-2],[4,1],[
3,2],[1,0],[-1,-2],[-1,-1],[-3,-2],[1,1],
[2,0],[2,2],[0,-1],[-1,2],[1,0],[0,0],
[2,-2],[0,0],[2,1],[1,3],[-1,-2],[-1,0],
[-1,0],[0,0],[-1,-1],[2,0],[1,-1],[0,-1],
[2,1],[0,0],[0,0],[1,0],[0,-2],[0,0],
[2,1],[0,1],[0,0],[-1,0],[0,1],[3,1],
[-1,-1],[1,-1],[0,0],[0,0],[1,0],[0,0],
[1,1],[0,0],[0,0],[0,0],[1,1],[0,0],
[0,1],[0,0],[-4,-5],[0,1],[2,3],[-2,-4],
[1,2],[-1,1],[0,1],[1,-2],[1,0],[1,-3],[
0,-1],[-3,-1],[0,0],[-1,0],[-2,-1],[-1,0],
[-1,1],[2,3],[0,-1],[1,3],[-1,-2],[2,1],
[0,0],[-1,-1],[0,0],[0,-1],[1,2],[0,2],
[0,0],[1,1],[0,0],[0,0],[0,0],[1,1],[0,
0],[0,1],[-1,-1],[-1,-1],[0,-1],[-1,-1],
[-1,1],[1,0],[1,2],[0,0],[-1,-1],[0,1],
[0,0],[-1,-1],[0,0],[0,0],[0,0],[0,0],
[0,0],[-3,-2],[0,0],[3,2],[-1,-2],[0,-2],
[3,2],[0,-2],[0,-1],[-1,-2],[-1,1],[0,2],
[-2,2],[-2,-1],[4,1],[-1,0],[1,1],[2,1],
[0,-1],[1,0],[-1,-1],[0,1],[-1,-3],[-2,0],
[-1,1],[-1,0],[0,0],[0,0],[-2,0],[1,-1],
[0,-2],[0,0],[-1,-1],[0,0],[0,0],[0,0],
[-1,-2],[0,0],[0,-1],[0,1],[0,0],[0,1],
[0,1],[0,-1],[0,0],[-1,-1],[0,0],[1,1],
[-1,-1],[0,0],[1,1],[0,0],[0,0],[0,0],
[0,0],[0,0],[-1,1],[0,0],[2,-3],[0,-2],
[0,1],[-1,-1],[-1,0],[-1,1],[-1,-1],[1,1],
[3,1],[4,0],[0,0],[1,-2],[0,1],[-1,-1],
[-2,-2],[-1,-1],[0,1],[1,3],[0,-1],[-1,1],
[-2,-1],[1,2],[0,-1],[1,1],[-1,0],[0,-1],
[0,0],[1,1],[0,1],[0,1],[0,0],[0,0],
[0,0],[0,0],[0,0],[-1,0],[0,0],[0,-1],
[0,0],[0,0],[-1,0],[1,0],[0,1],[0,0],
[-1,-1],[-1,0],[0,0],[0,0],[0,0],[0,0],
[0,0],[-1,0],[0,1],[3,1],[1,1],[3,5],
[1,0],[-1,-2],[1,4],[-1,-2],[1,0],[1,0],
[-1,1],[0,-1],[-1,0],[2,1],[0,-1],[1,-1],
[0,-1],[1,1],[2,1],[0,0],[-1,-3],[0,0],
[0,-1],[3,2],[-1,-1],[0,0],[1,1],[0,0],
[1,0],[-1,-1],[0,-1],[0,0],[0,-1],[0,0],
[0,0],[0,-1],[-1,0],[0,0],[0,-1],[1,0],
[1,0],[0,1],[1,0],[1,-1],[-1,0],[-1,-2],
[0,0],[0,0],[0,-1],[0,0],[0,0],[0,0],
[0,0],[0,0],[0,0],[0,0],[-1,-2],[0,0],
[3,1],[0,0],[0,0],[2,1],[1,0],[0,-1],
[0,-1],[0,1],[1,1],[0,1],[0,0],[4,1],
[0,0],[0,0],[1,1],[1,0],[0,0],[-1,-1],
[0,0],[-1,-1],[0,0],[-1,1],[-1,0],[0,0],
[0,0],[0,0],[0,0],[0,-1],[0,0],[0,0],
[0,0],[0,0],[0,0],[0,0],[0,0],[0,0],
[0,0],[1,0],[0,0],[0,0],[0,-1],[0,0],
[-1,-1],[0,0],[0,0],[-1,-1],[0,0],[1,1],
[0,0],[0,0],[0,0],[0,0],[0,0],[-3,-1],
[0,0],[-1,-2],[1,-1],[2,1],[-2,-4],[2,1],
[-2,0],[1,1],[1,0],[2,1],[2,-2],[-2,-1],
[2,0],[0,0],[-1,-1],[0,0],[-2,-2],[1,2],
[1,1],[0,-1],[-1,2],[-2,-3],[0,1],[-1,-1],
[-1,0],[0,0],[0,-1],[1,1],[0,1],[-1,0],
[1,0],[0,0],[0,0],[1,0],[1,0],[0,0],[
1,0],[-1,0],[0,0],[-1,-1],[-1,0],[-1,-1],
[0,0],[-1,0],[0,0],[-1,-1],[0,0],[1,1],
[0,0],[0,0],[0,0],[0,0],[0,0],[0,0],
[2,-2],[0,0],[-2,1],[-2,-1],[1,0],[0,3],
[1,-1],[2,3],[1,0],[0,0],[-1,-1],[-4,-4],
[1,1],[1,2],[0,0],[-1,1],[-1,1],[1,-1],
[1,0],[2,0],[-1,0],[3,1],[-2,0],[-2,-1],
[-2,-2],[1,1],[0,1],[-2,-2],[1,0],[2,0],
[0,1],[0,0],[0,0],[0,0],[0,0],[0,-1],
[0,0],[-1,-1],[0,0],[0,0],[0,0],[0,0],
[1,1],[0,0],[1,0],[0,0],[0,1],[1,0],[1,
0],[0,1],[0,0],[0,0],[0,0],[0,0],[1,1],
[-4,-3],[0,0],[0,2],[3,1],[3,1],[-1,-4],
[0,0],[0,-3],[-2,0],[-1,-1],[1,1],[1,3],
[1,-1],[1,1],[2,1],[-1,0],[1,3],[0,-1],
[-1,1],[-1,-1],[1,1],[-1,-2],[3,1],[-2,-1],
[-1,0],[0,-1],[0,0],[0,0],[1,0],[-1,-1],
[0,-1],[2,1],[0,0],[0,0],[1,1],[0,-1],
[1,1],[2,2],[0,0],[-1,0],[0,-1],[0,0],
[1,-1],[0,0],[-1,-2],[0,0],[0,0],[0,0],
[-1,0],[1,0],[0,0],[0,0],[0,0],[1,0],[
0,0],[-1,-2],[0,0],[5,5],[1,-1],[-1,-1],
[1,3],[2,2],[-4,1],[2,-1],[-1,2],[1,1],
[-1,2],[-3,0],[8,5],[-3,0],[2,-1],[1,-2],
[1,0],[2,0],[1,0],[1,0],[-2,-1],[-4,-2],
[-1,0],[1,0],[-1,1],[-1,-1],[0,0],[1,0],
[3,2],[0,0],[-2,-1],[0,0],[0,0],[0,0],
[1,0],[0,-1],[1,0],[-1,1],[2,1],[-2,-1],
[-1,1],[0,0],[-1,-1],[0,0],[0,0],[0,0],
[0,-1],[1,1],[1,2],[0,0],[0,0],[0,0],[
-1,0],[-1,0],[-1,-4],[0,0],[3,-3],[2,2],
[0,2],[3,-2],[2,1],[-2,3],[1,-1],[3,1],
[2,-1],[3,2],[1,3],[3,-1],[-2,0],[-2,-3],
[-1,-3],[2,-2],[1,1],[-3,-1],[0,-1],[-1,
4],[-1,-2],[-1,-1],[0,0],[0,1],[-1,-1],
[1,-1],[1,2],[-1,1],[0,0],[-2,0],[0,0],
[0,0],[0,0],[2,1],[0,0],[-1,-1],[-1,0],
[0,-1],[0,0],[0,0],[-2,-1],[0,1],[-1,1],
[0,0],[-1,-1],[0,0],[1,0],[1,1],[0,0],
[1,0],[0,0],[0,0],[-1,0],[-3,-4],[0,0],
[2,5],[1,1],[0,0],[1,-1],[1,1],[-4,-2],
[2,1],[0,1],[1,3],[-2,2],[-2,-2],[6,7],
[-2,-1],[3,1],[1,-1],[1,0],[0,0],[1,1],[
1,1],[-2,-1],[-3,-3],[-1,1],[0,0],[-3,-1],
[0,-1],[0,0],[1,1],[1,2],[-1,0],[0,0],
[0,0],[0,0],[0,0],[1,0],[1,0],[0,0],[
-1,0],[1,1],[-1,-2],[-2,-1],[0,0],[1,0],
[0,0],[0,0],[1,0],[0,-1],[1,1],[0,1],
[0,0],[0,0],[0,0],[-1,-1],[-1,-1],[0,1],
[0,0],[6,-2],[-2,-3],[-3,-1],[5,3],[-1,2],
[-3,-1],[0,0],[2,3],[2,1],[5,4],[-2,-2],
[2,1],[-1,-1],[0,-1],[0,-2],[0,0],[0,0],
[-1,1],[1,1],[-6,-2],[0,-2],[0,2],[-1,-1],
[0,-2],[0,0],[1,1],[-2,-1],[-2,-1],[0,0],
[-1,0],[-1,0],[0,0],[0,0],[-1,1],[1,0],
[-1,-1],[0,-1],[1,0],[2,1],[0,-1],[-2,-2],
[1,1],[-2,0],[0,0],[1,0],[-1,-1],[0,1],
[0,0],[0,0],[0,0],[0,0],[0,0],[0,0],
[0,-4],[0,0],[0,4],[-1,1],[0,0],[2,2],
[0,1],[-1,1],[2,1],[-1,-1],[0,0],[-6,0],
[-2,-3],[1,6],[-2,-2],[0,1],[1,1],[3,0],
[2,1],[-2,-2],[-1,0],[1,-1],[-2,-2],[-2,
-2],[0,0],[-1,0],[0,0],[-2,-1],[2,2],
[1,0],[0,0],[-1,-2],[0,0],[0,0],[-1,0],
[1,0],[1,0],[0,0],[-1,0],[0,2],[-1,-1],
[-1,0],[0,0],[0,0],[0,0],[0,0],[0,1],
[1,0],[1,0],[0,1],[0,0],[0,0],[0,0],
[0,0],[0,0],[1,1],[0,0],[-1,-4],[1,3],
[0,2],[0,-3],[3,4],[3,2],[1,1],[2,0],[
-3,-3],[3,0],[0,2],[-1,0],[0,1],[-2,-1],
[-1,0],[-1,-1],[0,0],[0,0],[0,0],[1,4],
[1,-1],[-1,-2],[0,0],[0,-1],[0,0],[1,0],
[0,1],[-1,1],[0,-1],[0,1],[0,0],[0,0],
[0,0],[1,1],[0,0],[0,0],[0,0],[0,0],
[1,0],[0,0],[0,0],[0,1],[0,1],[0,0],
[0,0],[1,1],[0,0],[0,0],[0,0],[0,0],
[0,0],[1,0],[0,0],[-4,-1],[0,0],[3,4],[
6,2],[2,0],[1,-2],[-1,-2],[2,-1],[-1,-3],
[-5,-4],[1,2],[2,8],[1,-1],[4,3],[2,3],
[2,0],[2,1],[1,1],[-1,-2],[-1,-1],[2,2],
[-2,-5],[1,4],[-1,0],[2,2],[0,0],[0,0],
[1,3],[1,-1],[0,-1],[0,-1],[0,1],[0,0],
[0,0],[1,1],[-1,-2],[1,0],[2,2],[1,2],
[1,1],[-1,0],[1,2],[2,0],[0,0],[1,-1],
[-1,-1],[1,0],[0,-2],[-2,-1],[2,1],[0,0],
[0,0],[0,0],[0,0],[-1,-1],[2,-1],[0,0],
[0,1],[0,0],[-1,-1],[3,3],[0,-2],[0,1],
[0,-2],[0,0],[1,0],[-4,-2],[3,2],[-2,-2],
[-1,-1],[-1,0],[0,-1],[2,0],[1,0],[-2,-1],
[-1,-1],[1,0],[0,0],[0,0],[1,1],[1,1],
[0,0],[-1,-1],[0,0],[0,0],[0,0],[-2,-1],
[0,0],[0,0],[-1,-1],[0,0],[0,1],[-1,-1],
[0,0],[0,-1],[0,1],[1,0],[-1,0],[0,1],
[0,1],[0,0],[-1,0],[0,0],[0,-1],[0,0],
[0,0],[0,0],[0,0],[0,0],[0,0],[4,0],[
0,0],[-4,-7],[-3,0],[-2,-1],[3,1],[1,0],
[-2,-1],[-1,1],[2,1],[-2,-1],[3,-1],[1,1],
[-3,-1],[-2,-2],[1,2],[0,-2],[2,0],[-1,-2],
[-1,4],[1,1],[-2,1],[1,-2],[0,1],[0,1],[
-1,-2],[0,0],[1,0],[-2,-1],[-4,0],[-1,-1],
[-1,1],[0,0],[0,0],[0,0],[-1,1],[-1,-1],
[-2,-2],[-1,-2],[0,-1],[3,1],[0,-3],[-2,0
],[1,1],[0,2],[0,0],[1,0],[-1,0],[0,1],
[-1,-1],[0,0],[1,0],[0,0],[0,-1],[0,0],
[-3,-1],[0,0],[-1,0],[4,2],[2,1],[-4,-4],
[-1,1],[-3,-4],[0,1],[-2,-2],[0,0],[2,0],
[-2,-4],[0,2],[-1,-2],[1,1],[1,0],[-1,-1],
[0,1],[0,3],[1,0],[-1,-1],[0,-4],[2,2],
[2,2],[-1,-1],[0,-1],[1,0],[1,1],[0,3],
[0,0],[1,0],[0,0],[0,0],[0,0],[1,1],[
0,0],[1,2],[-2,-2],[0,0],[-1,-2],[-2,-2],
[-1,0],[1,0],[0,1],[0,0],[-1,-1],[-1,0],
[-1,0],[-1,-1],[0,0],[0,0],[0,0],[-1,-1],
[-1,-1],[-3,-1],[0,0],[2,-3],[1,1],[3,-1],
[0,-3],[2,-1],[7,7],[2,-2],[-1,-5],[-2,-5],
[0,-2],[-2,-2],[3,-2],[0,0],[-3,-1],[1,2],
[0,-3],[4,2],[-2,1],[-1,-1],[3,4],[-4,-2],
[-1,3],[-2,1],[0,2],[-1,1],[-3,-3],[2,0],
[0,0],[0,1],[0,-2],[0,0],[0,0],[0,-1],[
0,-2],[-1,-2],[-1,-1],[-1,1],[1,0],[-1,0],
[-1,1],[-1,-1],[0,0],[-1,1],[0,-1],[-2,-1],
[-1,-2],[1,-1],[1,1],[-1,0],[0,0],[0,0],
[0,0],[1,1],[7,2],[0,0],[0,-3],[-1,0],
[-1,-1],[2,6],[3,4],[-1,-6],[1,1],[0,
0],[-5,-4],[-2,-3],[-2,0],[-2,3],[-1,-5],
[-1,3],[3,1],[5,4],[3,0],[-4,0],[-1,1],
[-1,0],[0,-3],[1,0],[0,0],[0,-2],[1,0],
[1,-1],[0,2],[-2,0],[0,0],[-2,-3],[0,0],
[0,0],[-1,0],[2,2],[0,0],[0,-1],[0,-2],
[1,0],[1,1],[1,-1],[-3,-1],[1,2],[-1,2],
[0,0],[0,2],[0,0],[0,0],[-2,-1],[0,0],
[1,1],[0,0],[0,-1],[0,-1],[-3,-2],[0,0],
[1,3],[2,-1],[1,-1],[1,2],[0,-2],[-1,-8],
[-2,-2],[-1,0],[1,5],[-5,-1],[2,0],[2,0],
[1,0],[2,3],[3,4],[-2,1],[-1,0],[0,-2],
[0,1],[0,-5],[1,1],[0,2],[-2,1],[0,-2],
[1,0],[-2,0],[0,-1],[0,-2],[1,0],[1,0],
[0,0],[0,0],[0,0],[-1,-1],[1,2],[1,2],
[0,0],[-1,-1],[0,0],[0,0],[1,-1],[1,0],
[-1,-2],[0,0],[1,1],[-1,-1],[-2,-1],[1,1],
[0,0],[0,0],[0,0],[0,0],[0,-1],[-4,2],
[0,0],[-2,-6],[0,-3],[2,2],[-2,-2],[2,3],
[2,-2],[-2,0],[3,0],[0,-1],[2,-5],[-1,1],
[-2,-3],[3,1],[-4,0],[-1,2],[-4,2],[0,1],
[-1,-1],[-1,0],[0,1],[1,-1],[2,3],[-4,-2],
[0,-3],[1,1],[1,0],[0,1],[-1,-2],[0,0],
[3,1],[-1,0],[0,0],[0,0],[1,1],[1,1],
[1,2],[1,0],[0,0],[1,0],[1,0],[-2,-2],
[1,1],[-2,0],[1,1],[0,1],[-1,0],[0,0],
[0,-1],[0,0],[0,0],[-1,-1],[1,1],[1,0],
[1,0],[0,0],[-6,-2],[1,4],[1,3],[-2,0],
[2,3],[0,0],[3,2],[0,0],[-3,0],[-1,-5],
[-2,2],[1,5],[-2,0],[3,2],[-2,-1],[-3,0],
[-1,-1],[8,4],[0,0],[2,3],[-4,-2],[3,-1],
[0,-2],[-1,-1],[1,0],[1,1],[1,2],[3,4],
[1,1],[0,1],[0,0],[0,0],[1,1],[2,1],[
-1,0],[0,1],[-2,-1],[0,0],[-1,-2],[-2,-1],
[2,4],[0,-1],[4,2],[0,0],[0,0],[2,2],
[0,0],[-2,1],[0,0],[0,0],[0,0],[-1,0],
[0,-1],[0,-3],[0,0],[-4,-5],[-3,-1],[-1,
-2],[-2,-3],[0,-4],[3,1],[0,0],[1,-2],
[-5,-5],[-1,-3],[0,-3],[-5,-5],[-1,-4],
[-2,2],[0,0],[-2,-5],[1,-1],[-2,3],[-1,
-1],[5,5],[0,-3],[1,3],[0,1],[0,1],[1,
1],[-3,-3],[-1,0],[-2,1],[-1,1],[0,-2],
[1,0],[0,-1],[-1,-1],[0,0],[-2,-2],[-2,
-2],[-1,-2],[-1,-2],[0,0],[-1,-2],[-3,0],
[1,1],[0,2],[0,0],[-1,0],[-2,-1],[1,-1],
[-2,-3],[0,0],[0,0],[0,0],[0,-1],[1,0],
[0,0],[0,0],[-5,-2],[3,3],[2,2],[-3,-3],
[4,-3],[5,8],[0,-3],[-1,-2],[-1,-1],[1,-1],
[4,7],[3,-3],[1,5],[0,-1],[-4,-2],[-1,-1],
[-1,-3],[5,2],[0,0],[6,5],[-2,4],[-1,-1],
[0,-1],[1,3],[-1,0],[0,0],[1,-1],[4,2],
[0,0],[0,3],[-1,0],[0,0],[1,1],[0,-2],
[-1,-1],[0,0],[1,2],[1,-1],[-1,0],[1,2],
[3,4],[-1,-1],[4,1],[0,0],[0,0],[1,0],
[0,-1],[1,1],[0,0],[0,0],[0,0],[0,0],[
0,1],[4,7],[0,0],[0,-5],[-3,-3],[-3,-3],
[-1,-2],[-2,-1],[-5,-2],[-1,0],[1,2],[3,
-1],[3,-2],[-1,2],[-2,-5],[0,-2],[0,0],
[2,-2],[1,1],[1,1],[0,2],[1,0],[-3,3],
[0,0],[4,2],[1,1],[0,0],[0,0],[2,1],[
-2,-1],[-3,0],[0,1],[-2,-2],[0,0],[0,0],
[0,-1],[-1,1],[0,0],[-1,-2],[1,0],[0,-1],
[1,1],[1,0],[-4,-2],[0,0],[-1,2],[-1,-1],
[-1,-1],[-1,1],[1,1],[0,-1],[0,0],[0,0],
[0,0],[0,0],[0,0],[5,1],[0,0],[-3,-2],
[-1,3],[-1,2],[-2,5],[0,3],[4,5],[3,2],
[-1,-3],[-5,-4],[-6,-6],[1,0],[-3,4],[-3,
-1],[1,4],[0,0],[1,2],[4,0],[1,2],[-2,
-1],[6,1],[-4,-3],[-1,-1],[0,1],[1,0],
[0,0],[-1,-1],[1,2],[3,3],[1,1],[-2,0],
[0,0],[0,1],[-1,0],[2,2],[-1,-1],[-2,0],
[-1,-1],[1,2],[0,-1],[-1,-1],[0,3],[0,0],
[2,3],[0,0],[0,2],[2,1],[0,-1],[-1,1],
[0,0],[0,0],[0,0],[-1,-1],[1,0],[-3,0],
[0,0],[6,6],[0,0],[-3,-2],[-1,0],[-4,-3],
[3,5],[1,-1],[1,1],[2,2],[-1,4],[0,-1],
[0,-3],[1,2],[-1,-2],[0,0],[-4,-4],[2,1],
[0,-2],[-1,-1],[2,-1],[-1,1],[-2,1],[1,0],
[2,3],[-1,0],[-3,0],[-1,-2],[2,0],[0,1],[
-1,-1],[-1,-1],[0,0],[-1,-1],[-3,-2],[1,1],
[-2,-1],[2,2],[0,1],[-1,0],[0,2],[0,-1],
[-1,0],[-1,-1],[0,0],[0,0],[1,0],[1,-1],
[1,0],[0,0],[-2,-1],[0,0],[0,0],[1,1],
[3,2],[1,0],[-2,1],[-2,0],[0,-1],[4,4],
[1,-2],[0,2],[1,0],[-1,-1],[-1,0],[-5,-2],
[1,0],[-1,1],[-1,0],[2,2],[0,0],[3,2],
[1,1],[2,1],[0,0],[1,0],[-3,0],[1,-1],
[1,1],[-1,0],[0,0],[-2,-1],[1,0],[1,0],
[0,0],[-1,-1],[1,0],[0,0],[0,0],[0,-1],
[0,0],[0,-1],[-1,0],[-1,-1],[-1,0],[-1,0],
[1,2],[0,-1],[2,1],[0,-1],[0,0],[1,1],
[0,0],[-1,0],[0,0],[0,0],[0,0],[0,0],
[0,0],[4,9],[0,1],[-2,-1],[-2,0],[-2,-3],
[-6,1],[-2,2],[-1,-6],[0,6],[0,0],[0,-2],
[3,-2],[-2,-1],[-7,-1],[2,-4],[0,4],[3,4],
[-2,3],[0,2],[0,-1],[0,1],[-2,-1],[4,0],
[4,1],[-1,0],[0,-2],[2,1],[3,3],[-3,-1],
[-3,-1],[0,1],[2,-2],[0,1],[0,0],[0,0],
[-1,3],[1,0],[1,1],[1,-2],[0,2],[1,0],
[1,-1],[-1,-1],[1,0],[-1,0],[1,1],[1,1],
[1,2],[-1,0],[-3,-3],[0,0],[0,1],[0,0],[
0,-1],[1,-1],[-5,3],[0,0],[12,-3],[-3,-8],
[-1,0],[5,3],[4,6],[-10,-2],[0,-1],[6,7],
[8,3],[7,4],[-6,0],[9,-3],[-1,0],[-3,-5],
[0,-3],[1,1],[2,3],[-3,-2],[-1,-2],[-9,
1],[-5,-4],[3,3],[-1,-2],[-1,0],[-2,-2],
[1,-1],[1,1],[1,-2],[0,0],[-1,-2],[0,0],
[0,0],[0,0],[1,0],[1,0],[2,-1],[0,1],[
1,-1],[-2,1],[0,2],[-4,-4],[0,0],[-4,0],
[1,0],[-1,-1],[-2,0],[2,2],[2,1],[0,0],
[0,0],[0,0],[0,2],[-1,1],[4,-3],[0,1],
[2,10],[6,4],[2,2],[-2,5],[5,4],[-1,5],
[7,2],[-2,-2],[-1,-4],[-6,-1],[1,2],[5,
12],[-4,-1],[2,-1],[-1,-1],[4,4],[4,2],[
1,-2],[-1,0],[3,2],[-3,-3],[-4,-7],[1,-1],
[-1,1],[-2,-2],[1,-1],[3,3],[5,5],[0,-1],
[-2,-1],[0,0],[0,0],[0,0],[4,1],[2,1],
[2,1],[-2,1],[2,3],[-2,-1],[-1,0],[3,3],
[-1,0],[2,0],[0,0],[-1,1],[4,0],[0,0],
[-1,3],[0,0],[1,0],[0,0],[-1,0],[-2,-1],
[0,-8],[0,-1],[-1,8],[3,2],[-1,0],[1,1],
[-4,-5],[-2,-4],[0,-2],[-6,-1],[-1,8],[-2,
3],[2,-3],[4,10],[-4,-1],[5,2],[0,-2],[
1,-3],[-4,-3],[3,6],[3,2],[0,-7],[-1,-2],
[-4,0],[2,0],[0,1],[0,0],[-2,-1],[0,-1],
[2,3],[-1,0],[-2,1],[0,0],[0,0],[0,1],[
-1,-1],[-1,0],[-2,0],[-2,-2],[1,0],[0,-2],
[-2,-2],[2,2],[1,0],[2,-1],[-1,-1],[1,-1],
[-1,-2],[-1,0],[-1,1],[0,0],[0,0],[0,0],
[-2,-2],[-1,0],[5,4],[0,0],[4,4],[-1,2],
[0,1],[1,2],[-2,4],[-1,-4],[3,5],[1,1],[
0,-1],[-1,-1],[-2,-2],[-3,5],[2,-3],[1,2],
[3,2],[1,4],[2,3],[-1,-1],[0,1],[-4,-3],
[3,-2],[1,1],[-1,-1],[0,-3],[2,0],[2,2],
[-1,2],[-3,0],[1,1],[0,-2],[-1,-1],[0,0],
[0,0],[1,2],[2,2],[0,0],[1,-2],[1,2],
[1,0],[1,-1],[-2,-2],[0,1],[-2,0],[0,0],
[0,0],[2,1],[0,0],[-3,-2],[0,0],[0,1],
[0,0],[0,-1],[1,-2],[1,7],[0,0],[-5,2],
[0,0],[-3,-6],[-6,0],[2,-4],[2,1],[1,0],
[-3,-2],[-3,1],[-3,-1],[3,5],[0,-3],[1,3],
[2,2],[1,2],[-2,1],[-1,-2],[4,0],[0,0],
[6,3],[-2,4],[0,-2],[2,3],[-1,2],[-1,0],
[-1,1],[-1,-4],[3,1],[-1,-1],[0,-1],[1,0],
[0,0],[0,-1],[-3,-3],[-1,0],[0,-1],[2,4],
[0,1],[-1,0],[0,2],[3,2],[-1,-2],[3,0],
[0,-1],[1,1],[1,1],[0,0],[1,1],[0,0],
[-1,-2],[0,0],[0,0],[0,1],[-7,1],[0,0],
[-1,-1],[-2,-2],[0,-3],[-3,-2],[-1,-2],[
-1,1],[0,1],[0,-2],[0,0],[-3,0],[-1,0],
[0,-2],[-3,0],[2,3],[1,1],[-5,-2],[3,2],
[0,3],[0,1],[1,-1],[-4,-2],[1,2],[-1,3],
[0,-1],[0,0],[-4,0],[2,-2],[-1,0],[1,0],
[-1,-1],[0,0],[0,0],[0,0],[-2,-3],[1,0],
[0,0],[-1,1],[-1,1],[0,0],[-1,0],[-1,1],
[1,-1],[0,2],[1,0],[1,1],[0,1],[-1,-1],
[0,0],[0,0],[0,-1],[0,0],[0,0],[0,0],[
-5,-6],[0,0],[-5,0],[3,4],[2,-1],[-2,-5],
[3,-4],[6,2],[1,-2],[-2,-4],[-6,-3],[-4,0],
[0,3],[2,1],[0,2],[-1,2],[1,3],[-4,-5],
[1,-2],[2,1],[-1,1],[7,4],[-2,1],[-2,-1],
[0,1],[1,1],[1,2],[-4,0],[2,0],[0,1],[
0,0],[-1,-1],[0,-1],[0,-1],[0,0],[0,-3],
[0,1],[0,0],[0,3],[-1,0],[-1,0],[0,2],
[1,1],[0,1],[2,1],[-1,-1],[0,2],[1,0],
[0,-2],[1,1],[0,0],[0,-1],[0,0],[1,0],
[1,0],[3,-2],[-1,0],[-1,3],[1,1],[0,1],
[-4,2],[1,5],[-4,-7],[2,5],[-1,2],[-2,0],
[-1,-4],[-3,1],[1,6],[-2,-4],[2,2],[2,1],
[0,1],[0,0],[2,1],[0,0],[-2,-2],[2,-3],
[0,-1],[-1,-2],[0,-2],[1,0],[2,0],[0,2],
[0,2],[1,0],[0,-1],[-1,0],[0,0],[1,1],
[2,2],[0,1],[2,1],[-1,-2],[1,2],[0,-1],
[0,-1],[0,0],[-1,0],[-1,-1],[0,1],[0,1],
[1,1],[0,1],[-2,0],[0,0],[1,1],[0,0],
[-1,-1],[0,-1],[5,-3],[0,0],[2,-4],[0,3],
[1,2],[4,1],[2,4],[0,2],[2,1],[1,-2],
[-2,-4],[-1,0],[-1,-2],[0,5],[-3,-3],[-2,
-1],[0,-1],[6,0],[4,2],[-3,1],[0,0],[
-2,1],[-1,-4],[0,-1],[1,1],[-1,-1],[0,0],
[0,-1],[2,3],[-2,2],[0,0],[-2,-1],[0,0],
[0,0],[-1,0],[2,2],[1,-1],[-1,0],[-2,-2],
[0,0],[1,0],[-1,-2],[-2,0],[1,1],[0,3],
[0,0],[-1,0],[1,0],[0,0],[-1,1],[0,0],
[1,0],[0,0],[0,0],[-1,-1],[-14,-4],[0,0],
[11,0],[2,-3],[1,1],[6,-3],[3,1],[-4,6],
[-2,-5],[4,4],[8,3],[7,12],[-3,4],[13,
-3],[-2,6],[-2,-6],[-2,-4],[-1,-4],[1,1],
[-3,-2],[1,-1],[-7,1],[-7,0],[1,1],[1,1],
[-1,2],[-3,-2],[0,1],[4,0],[2,-1],[0,-1],
[-2,1],[1,1],[0,0],[1,1],[1,-3],[1,0],
[2,0],[0,5],[0,-1],[-3,0],[0,4],[-1,-1],
[0,0],[-1,1],[1,0],[0,-1],[-1,0],[1,0],
[5,3],[0,0],[0,-1],[0,0],[0,2],[-2,1]])
]> where w := K.1 where K := CyclotomicField(3);

return _LR;
