S20: 1117
1:  
2:  
5:  
6:  2, 1
7:  2
9:  5
10:  1
11:  2
12:  1
18:  6
19:  9
20:  9, 6
21:  12, 11, 10, 7, 6
22:  9
25:  2, 1
26:  5, 2
27:  5
29:  5, 1
30:  5
33:  7
34:  12
35:  5
38:  
42:  22, 21, 20, 19, 18
48:  27
49:  27, 9
51:  29, 26, 9, 6
53:  25, 12, 11
56:  
57:  27
58:  25, 6
60:  25, 10, 7
61:  19
63:  6
65:  35, 30, 9
66:  9
69:  34, 33, 21
75:  1
77:  5
78:  5
80:  
82:  2
84:  2
87:  38
88:  5
91:  58, 49, 20
92:  57, 49, 48
93:  58, 49
94:  58
95:  58
101:  49, 19
102:  51, 20
103:  49, 22
104:  56
105:  58
106:  60, 58, 53, 21
108:  58, 18
109:  56
111:  49
112:  49
113:  56
116:  66, 22
118:  66, 19
119:  63, 21
120:  63, 18
121:  69, 61, 42
123:  66, 63, 20
125:  27, 26
126:  29, 27
127:  29, 26, 25
129:  80
130:  75, 12
132:  77, 9
133:  78, 9
135:  88, 9
136:  87, 82, 7
138:  75, 10
139:  84, 11
142:  84, 7
144:  84, 75, 6
150:  
153:  113
155:  109
156:  108, 105, 94
157:  112, 108, 101, 95, 93
158:  111, 101, 92
159:  112, 111, 103
160:  112, 95, 94, 92, 91
163:  108, 106, 103, 101, 91, 42
164:  113, 109, 104
165:  111, 105, 93, 91
166:  106, 105, 95
167:  109
168:  106, 103, 94, 93, 92
169:  102
170:  113
173:  80
174:  123, 120, 119, 118, 116, 42
178:  125, 57, 7
179:  126, 57, 10
180:  126, 125, 51, 49
181:  125, 48, 11
184:  127, 58, 51
185:  126, 48, 12
186:  144, 135, 20
187:  144, 142, 139, 138, 130, 21
189:  144, 18
191:  135, 22
192:  133, 22
194:  132, 129, 19
195:  135, 19
197:  150
200:  6
203:  119, 69
207:  118, 61
210:  165
211:  165, 164
212:  167, 164, 155
213:  170, 164, 153
214:  168, 166, 165, 163, 160, 159, 158, 157, 156
217:  80
218:  78, 35
221:  77, 30
223:  78, 30
232:  184, 180, 102, 91
233:  184, 94, 22
234:  185, 181, 180, 179, 178, 92, 21
235:  184, 95, 19
236:  180, 112, 18
237:  127, 126, 125
243:  38
244:  
248:  
251:  
256:  
259:  
261:  195, 191, 189, 187, 186, 42
264:  207, 203, 174, 121
265:  200, 197, 18
268:  181
270:  179
271:  214, 213, 212, 211, 210
273:  129
274:  132
276:  221, 132
278:  217, 129
280:  
282:  194, 173, 61
283:  135, 66
285:  223, 218, 133, 65
290:  144, 63
291:  133, 65
292:  236, 235, 234, 233, 232, 160, 42
294:  237, 179, 178, 60
297:  56
299:  237, 185, 181, 53
300:  237, 184, 180
303:  75
307:  243, 87
308:  88, 78
309:  
310:  
317:  80
318:  84
319:  244
320:  84
321:  
323:  75
325:  248
326:  259
329:  256
332:  88
333:  75
334:  84, 82
335:  75
336:  251
337:  
338:  88, 77
339:  259, 244
344:  75
345:  75
349:  251, 248
350:  84
352:  251, 248
353:  75
355:  256, 243
356:  259, 244
357:  256, 243
358:  217, 173
360:  235
361:  270, 268, 234
362:  
365:  291, 280, 192
366:  283, 191, 116
367:  278, 274, 194
369:  290, 283, 186, 123
370:  283, 195, 118
371:  243
373:  290, 187, 119
374:  256
375:  290, 189, 120
376:  276, 273, 194
378:  300, 93
380:  297
381:  297, 104
384:  300, 232
386:  297, 109
388:  300, 236, 108
389:  297, 113
390:  300, 111, 105
394:  297
396:  297
397:  297
398:  300, 233, 103
401:  300, 235, 101
403:  300, 299, 294, 234, 106
404:  334, 333, 144
405:  333, 307, 138
407:  321, 303, 130
408:  334, 307, 142, 136
409:  344, 130
410:  345, 337, 130
413:  325, 323, 138
414:  325, 320, 142
415:  353, 310, 130
417:  356, 309
418:  335, 318, 144
421:  350, 142
423:  350, 139
424:  335, 319, 138
425:  356, 339, 326, 319
426:  350, 344, 144
427:  333, 329, 130
428:  308, 135, 133
431:  319, 318, 142
432:  335, 326, 130
433:  336, 323, 130
435:  355, 317
436:  323, 320, 144
437:  356, 309
439:  357, 355, 329, 307
440:  344, 138
441:  355, 317
442:  352, 349, 336, 325
443:  332, 135
444:  317, 129
445:  334, 329, 139
446:  326, 318, 139
447:  309
449:  338, 135, 132
450:  336, 320, 139
454:  361, 360, 292
457:  109
460:  93, 66, 63
461:  109
462:  299, 268, 34
463:  294, 270, 33
466:  375, 373, 370, 369, 366, 261, 174
470:  374, 371, 355
472:  317, 173
474:  398, 390, 388, 159, 156
475:  386, 167
476:  396, 386, 380
479:  386
480:  397, 396, 394, 389, 380
482:  389, 170, 153
483:  403, 401, 390, 166, 158
484:  386, 155
486:  403, 398, 378, 168
487:  378
489:  378
490:  384, 169
493:  397, 396, 381
494:  397, 394, 386
495:  378
498:  386
499:  389, 386, 381, 164
503:  403, 401, 398, 388, 384, 292, 163
505:  401, 388, 378, 157
506:  378
508:  390, 384, 378, 165
509:  394, 381, 380
510:  444, 404, 189
512:  447, 443, 195
513:  428, 192, 191
514:  428, 195
515:  447, 437, 425, 417
516:  444, 441, 439, 435
517:  447, 418, 189
519:  443, 418, 186
520:  443, 425, 191
521:  446, 432, 431, 425, 424, 418, 187
522:  445, 439, 427, 408, 405, 404, 187
523:  449, 404, 186
524:  426, 189
525:  440, 426, 423, 421, 409, 187
526:  449, 444, 195, 194
527:  450, 442, 436, 433, 414, 413, 187
529:  428, 426, 186
530:  449, 439, 191
532:  367, 358, 282
534:  350, 344, 25
536:  308, 27
539:  457, 167
540:  461, 167
541:  457, 164
542:  457, 155
543:  460, 165, 123
546:  460, 168, 119, 116
547:  460, 157, 120, 118
549:  463, 462, 403, 361, 69
550:  397
552:  396
553:  401, 360, 61
557:  408, 371, 33
558:  355
559:  472, 470, 435
560:  309
562:  356
563:  427, 374, 34
564:  317
574:  498, 484, 476
575:  498
576:  495
577:  498
578:  508, 505, 503, 486, 483, 474, 214
580:  498, 494, 475
582:  495
583:  479
584:  498
586:  495
587:  508, 490
588:  506, 505, 495
589:  509, 499, 494, 493, 480, 476
591:  505, 489, 487
592:  508, 210
595:  499, 484, 475, 212
598:  489, 479
600:  499, 482, 213
601:  498
602:  495, 487, 486
606:  479, 476, 475
608:  494, 484, 479
609:  479
612:  489
614:  489, 479
615:  506, 489, 486
617:  495
618:  508, 506, 487
620:  508, 499, 211
622:  508, 499
623:  508, 495, 489
624:  499
625:  489
627:  499, 498, 479
632:  530, 526, 523, 522, 516, 510, 261
633:  529, 525, 524, 514, 513, 261
634:  521, 520, 519, 517, 515, 512, 261
637:  536, 57
639:  536, 428, 49
640:  534, 426, 58
641:  536, 48
643:  56
647:  534, 423, 409, 53
653:  534, 440, 421, 60
654:  543, 541, 211
655:  542, 541, 539, 212
657:  543, 210
658:  547, 546, 543, 214, 174
659:  541, 213
660:  553, 549, 503, 454, 121
662:  552, 550, 480
665:  560, 447
668:  564, 444
670:  563, 557, 522, 470, 69
671:  443, 283
672:  426, 290
674:  428, 291, 285
675:  564, 558, 441
677:  418, 290
680:  562, 425
683:  526, 472, 282
684:  562, 560, 437
686:  404, 290
688:  449, 283
690:  558, 439
691:  562, 560, 417
692:  564, 558, 435
693:  280
694:  428, 283
696:  627, 624, 600
697:  623, 618, 615, 602, 591, 588, 578
698:  586
700:  627, 609, 583
701:  623, 617, 576
703:  588, 582, 576
705:  617, 602, 582
706:  627, 623, 622, 620
707:  627, 601, 575
710:  623, 586, 582
711:  617, 602, 588, 586, 576
713:  614, 612, 608, 591, 583
714:  601
715:  615, 612, 609, 608, 598
716:  584, 580, 575
717:  601, 584, 580, 577, 574
718:  624, 620, 618, 589, 587
719:  623, 592, 587
722:  625, 615, 614, 609, 606
723:  622, 600, 589, 587, 578
724:  627, 608, 606, 595, 589, 580, 574
725:  625, 606, 598, 591, 583
726:  620, 600, 595, 592, 578, 271
727:  627, 623, 614, 598
733:  625, 623, 612
737:  577, 575, 574
738:  624, 622, 618, 595, 592
740:  627, 584, 577
745:  350, 334, 320, 318
747:  353, 345, 344, 335, 333, 323, 303
749:  337, 336, 329, 326, 321, 310
750:  325, 319, 307
752:  564, 472
754:  558, 470
755:  640, 639, 93
756:  641, 639, 637, 92
758:  643, 113
759:  639, 514, 101
762:  640, 105
765:  640, 95
770:  643, 109
771:  640, 94
772:  643, 104
774:  639, 112
775:  639, 111
776:  639, 513, 103
778:  640, 639, 529, 91
779:  640, 524, 108
780:  653, 647, 640, 525, 106
781:  659, 658, 657, 655, 654, 271
782:  591, 553
784:  606, 552
785:  608, 550
786:  615, 549
790:  688, 686, 523, 369
791:  677, 671, 519, 369
792:  690, 688, 530, 366
793:  671, 665, 512, 370
795:  688, 668, 526, 370
796:  672, 524, 375
797:  694, 514, 370
798:  672, 525, 373
800:  686, 668, 510, 375
801:  680, 671, 520, 366
802:  694, 672, 529, 369
803:  694, 513, 366
804:  692, 690, 675, 668, 516
805:  690, 686, 522, 373
806:  677, 665, 517, 375
807:  691, 684, 680, 665, 515
808:  693, 674, 513, 365
809:  526, 376, 367
811:  683, 670, 632, 559, 121
812:  680, 677, 521, 373
813:  710, 698
816:  727, 710, 707, 706
818:  
819:  738, 726, 724, 723, 719, 718, 706, 697, 696
820:  
821:  733, 719, 710
822:  707, 700, 696
824:  740, 733, 706, 701, 700
825:  710
826:  707
828:  707
829:  711, 710, 705, 703, 701, 697
833:  714, 707
835:  740, 737, 724, 717, 716, 707
838:  740, 727, 719, 701, 696
839:  710
840:  710, 707
842:  733, 727, 725, 724, 722, 715, 713, 700, 697
844:  750, 747, 440, 424, 413, 405
845:  747, 745, 436, 426, 418, 404
846:  749, 747, 433, 432, 427, 415, 410, 409, 407
847:  449, 443, 428
848:  750, 745, 431, 421, 414, 408
849:  750, 749, 442, 439, 425
851:  447, 444
852:  749, 745, 450, 446, 445, 423
855:  754, 752, 692, 559
859:  780, 779, 778, 776, 759, 633, 163
861:  758, 170
862:  780, 765, 762, 166
863:  758, 153
866:  772, 770, 758, 164
867:  779, 771, 762, 156
868:  775, 759, 756, 158
869:  770, 167
870:  778, 774, 771, 765, 756, 160
871:  779, 774, 765, 759, 755, 157
873:  770, 155
874:  776, 775, 774, 159
875:  778, 775, 762, 755, 165
876:  780, 776, 771, 756, 755, 168
877:  785, 784, 724, 662
879:  786, 785, 715
880:  786, 782, 697, 660
881:  785, 782, 713
882:  786, 784, 722
884:  784, 782, 725
885:  812, 807, 806, 801, 793, 791, 634, 466
886:  805, 804, 800, 795, 792, 790, 632, 466
887:  803, 802, 798, 797, 796, 633, 466
890:  840, 839, 833, 829, 822
891:  842, 838, 835, 829, 824, 822, 821, 819, 816
894:  835, 833, 828
895:  839, 825, 821
896:  840, 835, 826, 821, 813
897:  840, 828, 825, 816
898:  820
899:  820, 818
900:  820
901:  839, 833, 826, 816, 813
903:  829, 825, 813
904:  828, 826, 822
905:  852, 849, 848, 846, 845, 844, 527, 525, 522, 521
906:  847, 845, 529, 523, 519
907:  851, 847, 526, 514, 512
908:  851, 849, 516, 515
909:  851, 845, 524, 517, 510
910:  849, 847, 530, 520, 513
913:  426, 200
915:  693
916:  674
918:  805, 754, 670, 203
920:  197
921:  795, 752, 683, 207
922:  809, 683, 532
923:  873, 869, 866, 212
924:  875, 210
925:  876, 875, 874, 871, 870, 868, 867, 862, 859, 214
927:  875, 866, 211
928:  866, 863, 861, 213
932:  884, 882, 881, 880, 879, 877, 842
937:  461
938:  93
940:  900, 899, 898
942:  904, 903, 901, 897, 896, 895, 894, 891, 890
943:  899, 897
944:  897
945:  899
946:  910, 909, 908, 907, 906, 905, 634, 633, 632
947:  915, 913, 525
948:  920, 915
949:  920, 916, 514
950:  921, 918, 886, 855, 811, 264
951:  920, 913, 524, 265
953:  916, 915, 808
954:  916, 913, 529
955:  928, 927, 925, 924, 923, 271
956:  408
958:  427
959:  894, 877
961:  903, 880
965:  851, 668, 665
966:  847, 694, 688, 671
967:  845, 686, 677, 672
968:  849, 690, 680
969:  937, 155
970:  938, 165
971:  938, 168
973:  937, 540
974:  938, 157
976:  937, 164
980:  945, 944, 943, 942, 940
981:  954, 953, 951, 949, 948, 947, 633
982:  958, 956, 522
984:  526
986:  961, 959, 942, 932
988:  945
989:  966, 965, 907, 797, 795, 793
990:  967, 966, 906, 802, 791, 790
991:  968, 966, 910, 803, 801, 792
992:  968, 965, 908, 807, 804
993:  967, 965, 909, 806, 800, 796
995:  968, 967, 905, 812, 805, 798
996:  976, 973, 969, 212
998:  974, 971, 970, 214
999:  976, 213
1000:  970, 210
1001:  976, 970, 211
1002:  956, 557
1004:  958, 563
1005:  984, 982, 632
1010:  755, 694, 672, 460
1011:  770, 457
1014:  988, 986, 980
1015:  995, 993, 992, 991, 990, 989, 946, 887, 886, 885
1016:  1001, 1000, 999, 998, 996, 271
1017:  984, 683
1020:  1004, 1002, 982, 670
1022:  1011, 869, 539
1023:  1010, 876, 803, 798, 546
1024:  1010, 871, 797, 796, 547
1026:  1011, 873, 542
1027:  1011, 866, 541
1029:  1010, 875, 802, 543
1032:  1020, 1017, 1005, 811
1033:  984, 809, 795
1034:  982, 805
1036:  1029, 1024, 1023, 925, 887, 658
1037:  1027, 928, 659
1038:  1027, 1026, 1022, 923, 655
1039:  1029, 1027, 927, 654
1041:  1029, 924, 657
1044:  1034, 1033, 1005, 886
1045:  1041, 1039, 1038, 1037, 1036, 955, 781
1046:  1033, 1017, 922, 921
1047:  1034, 1020, 918
1050:  1004, 846
1051:  1002, 848
1052:  614, 460, 457
1054:  1047, 1046, 1044, 1032, 950
1055:  1051, 1050, 1020, 905
1056:  1017, 907
1058:  1052, 713, 547, 542
1060:  1052, 722, 546, 539
1061:  1052, 727, 543, 541
1067:  1056, 1055, 1032, 946
1068:  1061, 838, 659, 657
1070:  1061, 816, 654
1075:  1061, 1060, 1058, 842, 658, 655
1078:  1060, 882, 203
1080:  1058, 881, 207
1081:  1070, 901
1082:  1075, 1070, 1068, 891, 781
1085:  899
1086:  1070, 897
1089:  1055, 1047, 995
1091:  1056, 1046, 989
1092:  1080, 1078, 1075, 932, 264
1094:  1086, 1085, 943
1095:  1086, 944
1097:  1085, 940
1098:  1086, 1082, 1081, 942
1099:  1085, 945
1101:  1091, 1089, 1067, 1054, 1015
1103:  1099, 1098, 1097, 1095, 1094, 980
1104:  1041, 990, 954
1106:  1037, 992, 948
1107:  1099, 988
1108:  1098, 1092, 986
1110:  1106, 1104, 1045, 1015, 981
1111:  1108, 1107, 1103, 1014
1113:  1094, 1039, 1001
1115:  1113, 1103, 1045, 1016
1117:  1115, 1111, 1110, 1101, 362

A20: 1116
3:  
4:  
8:  4, 3
13:  
14:  3
15:  
16:  13, 8
17:  
23:  
24:  4, 3
28:  4
31:  
32:  
36:  15
37:  14, 8
39:  23
40:  17
41:  17
43:  
44:  
45:  23
46:  23
47:  
50:  
52:  13
54:  13
55:  
59:  28, 24, 8
62:  32, 31, 13
64:  8
67:  23
68:  37, 16
70:  13
71:  44, 43, 4
72:  46, 3
73:  44, 43
74:  41, 40, 3
76:  46, 45, 4
79:  
81:  43, 4
83:  
85:  46, 45, 39
86:  44, 3
89:  
90:  54, 50
96:  55, 54, 47
97:  55, 50, 47
98:  59, 55
99:  52, 47
100:  59, 52, 50
107:  
110:  
114:  59, 54, 52, 16
115:  
117:  70, 64, 16
122:  67, 39
124:  28, 24
128:  28
131:  79, 73, 13
134:  83, 13
137:  79, 73
140:  79, 13
141:  86, 81, 73, 71, 8
143:  85, 76, 72, 8
145:  32
146:  
147:  64, 37
148:  
149:  89, 32
151:  31
152:  89, 31
154:  114, 100, 99, 98, 97, 96, 90
161:  
162:  115, 110
171:  72, 67, 14
172:  
175:  39
176:  45, 15
177:  15
182:  128, 124, 59
183:  54, 52
188:  
190:  23, 17
193:  
196:  141, 140, 137, 131, 16
198:  152, 149, 62
199:  151, 145, 62
201:  148, 146, 13
202:  151, 148
204:  146, 145
205:  151, 146, 8
206:  147, 117, 68
208:  148, 145, 13
209:  128
215:  162, 161, 154
216:  171, 143, 122, 37
219:  172, 83
220:  176, 85
222:  172, 83, 32
224:  177, 36
225:  172, 31
226:  79
227:  176, 76
228:  36, 31
229:  175, 85
230:  73
231:  183, 182, 114
238:  128, 124
239:  
240:  190, 39
241:  188
242:  188
245:  
246:  193
247:  
249:  193
250:  193
252:  188, 43
253:  188
254:  188, 44
255:  43
257:  193, 44
258:  193, 43
260:  190, 45, 43
262:  44
263:  190, 46, 44, 41, 40
266:  208, 205, 204, 202, 201, 199, 16
267:  175, 122
269:  209, 182
272:  
275:  226, 140, 70
277:  230, 141, 64
279:  230, 226, 137
281:  228, 134, 62
284:  227, 220, 143
286:  190, 67
287:  229, 143
288:  230, 226, 131, 70
289:  225, 222, 219, 134, 62
293:  47
295:  183
296:  238, 182
298:  55, 50
301:  254, 252, 241, 73
302:  258, 257, 246, 73
304:  257, 250, 86
305:  246
306:  240, 79
311:  239, 86
312:  246, 79
313:  250, 249, 246
314:  247, 86
315:  245, 86
316:  83, 79
322:  263, 260, 240, 85, 73
324:  253, 242, 241
327:  258, 250, 81
328:  262, 255, 73
330:  240
331:  254, 253, 86
340:  262, 86
341:  263, 86, 74, 72
342:  254, 252, 242, 71
343:  262, 255, 71
346:  258, 257, 249, 71
347:  255, 81
348:  263, 260, 81, 76, 71
351:  246
354:  253, 252, 81
359:  269, 231
363:  32, 31
364:  238, 209, 14
368:  288, 279, 277, 275, 196, 117
372:  286, 240, 122
377:  298, 295, 90
379:  298, 296, 98
382:  115, 107
383:  298, 293, 97
385:  
387:  295, 293, 99
391:  298, 295, 293, 96
392:  
393:  296, 295, 231
395:  298, 296, 295, 100
399:  
400:  110
402:  
406:  322, 306, 140, 131
411:  351, 312, 302, 131
412:  348, 341, 322, 143, 141
416:  328, 316, 137
419:  312, 305, 302, 137
420:  328, 316, 131
422:  330, 322, 306, 137
429:  316, 140, 134
430:  347, 343, 340, 328, 141
434:  351, 313, 305
438:  354, 342, 331, 324, 301, 141
448:  313, 312, 140
451:  346, 327, 313, 304, 302, 141
452:  228, 225, 152, 151
453:  287, 267, 216
455:  262, 255
456:  96, 70
458:  100, 70, 64
459:  363, 96, 62
464:  364, 296, 269, 37
465:  293
467:  246
468:  240
469:  341, 286, 171
471:  372, 330
473:  
477:  402, 399, 385
478:  
481:  395, 379, 377
485:  400, 382, 162
488:  402, 385
491:  395, 393, 391, 387, 383, 379, 377, 154
492:  161
496:  
497:  402, 399
500:  395, 391
501:  
502:  400, 382
504:  392
507:  391, 387, 377
511:  430, 429, 420, 416, 196
518:  451, 448, 434, 419, 411, 196
528:  422, 412, 406, 196
531:  452, 289, 281, 199, 198
533:  455, 328
535:  316
537:  455, 343, 28
538:  455, 347, 340, 24
544:  161
545:  162
548:  458, 456, 154, 117
551:  464, 393, 359, 68
554:  465, 383
555:  468, 306, 226
556:  467, 302, 230
561:  468, 322, 230
565:  467, 313
566:  316, 226
567:  468, 330
568:  467, 305
569:  328, 230
570:  228, 225, 224
571:  467, 312, 226
572:  469, 412, 372, 216
573:  467, 351
579:  492, 491, 485
581:  507, 500, 491, 481
585:  507, 497, 496
590:  502, 501, 477
593:  502, 485
594:  501
596:  
597:  504
599:  497, 481, 478
603:  488, 481, 478
604:  497, 488, 477
605:  504
607:  492
610:  504
611:  500, 473
613:  500, 473
616:  496, 478
619:  502, 501, 477
621:  
626:  492, 491, 485, 215
628:  
629:  473
630:  507, 496, 488
631:  263, 253, 250, 247, 245, 239
635:  468, 372
636:  535, 429, 52
638:  535, 533
642:  538, 537, 533, 430, 59
644:  535
645:  535, 533, 420, 54
646:  533, 55
648:  535, 533, 416
649:  535, 533, 50
650:  533
651:  
652:  535, 47
656:  548, 545, 544, 215
661:  500, 465, 464
663:  566, 429, 275
664:  561, 555, 406, 288, 275
666:  569, 430, 277
667:  569, 566, 416, 279
669:  567, 561, 555, 422, 279
673:  573, 568, 565, 434
676:  570, 429, 289, 281
678:  572, 528, 471, 68
679:  571, 565, 448, 275
681:  569, 566, 420, 288
682:  573, 571, 556, 411, 288
685:  565, 556, 451, 277
687:  571, 568, 556, 419, 279
689:  561, 412, 277
695:  412, 287, 284
699:  610, 605, 597
702:  629, 628, 616
704:  628, 607, 604
708:  628, 621, 594
709:  629, 607, 593
712:  626, 607, 593, 581, 579
720:  610
721:  630, 616, 604, 603, 599, 585, 581
728:  596, 594
729:  629, 628, 621, 607
730:  616, 604, 596
731:  610
732:  619, 597
734:  629, 621, 607, 604
735:  621, 616, 593
736:  621, 607, 594, 593
739:  619, 597
741:  619, 604, 594, 593, 590
742:  621, 616, 607, 594
743:  629, 613, 611, 581
744:  628, 621, 596
746:  631, 324, 322, 313
748:  631, 354, 348, 347, 327
751:  631, 341, 340, 331, 315, 314, 311, 304
753:  635, 567, 471
757:  651, 110
760:  649, 642, 638, 636, 100
761:  648, 645, 642, 636, 511, 114
763:  650, 649, 645, 644, 90
764:  650, 648, 644, 638
766:  650, 646, 642, 98
767:  652, 646, 645, 638, 96
768:  652, 644, 636, 99
769:  652, 649, 648, 646, 97
773:  651, 115
777:  651
783:  661, 581, 554, 551
787:  596
788:  661, 613
789:  661, 611
794:  681, 667, 666, 663, 511, 368
799:  689, 669, 664, 528, 368
810:  687, 685, 682, 679, 673, 518, 368
814:  731, 720, 699
815:  742, 741, 736, 734, 721, 712, 709
817:  741, 739, 732, 699
823:  720
827:  720
830:  731, 728
831:  731, 704
832:  744, 699
834:  744, 742, 741, 736, 735, 730, 728, 708, 704
836:  730, 721
837:  744, 742, 734, 730, 729, 708, 702
841:  736, 729, 709, 708
843:  743, 735, 734, 729, 721, 712, 709, 704, 702
850:  746, 434, 422
853:  751, 748, 746, 451, 438, 430, 412
854:  746, 448, 429, 406
856:  695, 572, 453
857:  570, 452
858:  689, 635, 572, 147
860:  777, 764
864:  777, 764, 161
865:  777, 773, 757, 162
872:  769, 768, 767, 766, 764, 763, 761, 760, 154
878:  787, 728
883:  789, 788, 783, 743
888:  363, 151, 148, 146, 145
889:  834, 831, 830, 814
892:  834, 832, 817, 814
893:  843, 841, 837, 836, 834, 815
902:  827, 823, 814
911:  854, 853, 850, 528, 518, 511
912:  858, 799, 753, 678, 206
914:  857, 676, 531
917:  857, 202
919:  857, 430, 205
926:  872, 865, 864, 860, 215
929:  341
930:  836, 787, 783
931:  878, 830
933:  746, 565, 561
934:  888, 459, 201, 199
935:  888, 204, 202
936:  888, 208, 205, 100
939:  
941:  902, 893, 892, 889
952:  919, 917, 914, 511, 266
957:  929, 412
960:  930, 893, 883, 878
962:  933, 854, 679, 664, 663
963:  933, 853, 689, 685, 666
964:  933, 850, 673, 669
972:  939, 935, 161
975:  939, 935
977:  936, 935, 934, 266, 154
978:  939, 162
979:  929, 469
983:  957, 528
985:  638, 569, 566
987:  960, 941, 931
994:  964, 963, 962, 911, 810, 799, 794
997:  978, 977, 975, 972, 215
1003:  979, 957, 572
1006:  545, 279, 202
1007:  544, 279, 204
1008:  985, 760, 666, 663, 458
1009:  985, 767, 681, 456
1012:  777
1013:  985, 764, 667
1018:  1003, 983, 678
1019:  957, 695, 689
1021:  1007, 1006, 656, 368, 266
1025:  1012, 865, 545
1028:  1013, 1009, 1008, 872, 794, 548
1030:  1013, 1012, 860
1031:  1013, 1012, 864, 544
1035:  1019, 983, 799
1040:  1031, 1030, 1028, 1025, 926, 656
1042:  1019, 1003, 858, 856
1043:  979, 751
1048:  1042, 1035, 1018, 912
1049:  1043, 1003, 853
1053:  613, 458, 456
1057:  1049, 1018, 911
1059:  735, 545
1062:  1053, 743, 548
1063:  731
1064:  728
1065:  704, 544
1066:  1053, 788, 147
1069:  1065, 1064, 1059, 834
1071:  1063, 814
1072:  1064, 1063, 830
1073:  1065, 1063, 831
1074:  1065, 1062, 1059, 843, 656
1076:  1049, 1042, 963
1077:  1066, 1062, 883, 206
1079:  1064, 878
1083:  1071, 1069, 892
1084:  1071, 902
1087:  1074, 1069, 893
1088:  1073, 1072, 1071, 1069, 889
1090:  1076, 1057, 1048, 994
1093:  1079, 1072, 931
1096:  1088, 1087, 1084, 1083, 941
1100:  1025, 1006, 964, 917
1102:  1087, 1079, 1077, 960
1105:  1100, 1040, 1021, 994, 952
1109:  1102, 1096, 1093, 987
1112:  1083, 1030, 1007, 1006, 975
1114:  1112, 1096, 1040, 1021, 997
1116:  1114, 1109, 1105, 1090, 272
