S16: 1954
1:  
22:  1
55:  1
56:  1
104:  22
124:  22
125:  22
134:  56, 55, 22
136:  22
144:  22
156:  22
220:  125, 124, 104
242:  104
256:  156, 144, 136, 134, 125
260:  124
289:  124
306:  104
335:  
343:  
346:  124
348:  104
351:  156, 136, 124
355:  125
356:  124
363:  
371:  104
374:  144, 136, 104
375:  
377:  
379:  144, 134, 124
385:  156, 134, 104
498:  385, 379, 374, 351, 256, 220
499:  371, 348, 220
534:  355, 220
551:  242
555:  
556:  
557:  377, 363
558:  375
561:  306
567:  343, 335
568:  289, 260, 220
577:  356, 346, 220
578:  242
580:  220
591:  306
620:  
629:  306, 242, 220
643:  
651:  
658:  363, 346
659:  377, 335
660:  363, 335
661:  363, 343
663:  356
664:  377
665:  377, 343
666:  374, 371, 242
667:  385, 348, 242
668:  377
670:  374, 348, 306
671:  346
673:  306
675:  306
676:  385, 371, 306
678:  242
679:  379, 356, 289
680:  375, 355
681:  375, 355
683:  377, 356
684:  
685:  356
687:  351, 346, 289
688:  377, 356
690:  363
692:  346
693:  379, 346, 260
694:  363
697:  242
703:  
704:  363, 346
706:  356, 351, 260
773:  348
811:  651
814:  668, 664, 557
816:  694, 690, 557
828:  643
829:  651, 643
834:  703, 684
840:  651
841:  591
849:  629, 591, 561
855:  620, 567
856:  558, 557
858:  685, 663, 577
859:  692, 671, 577
883:  629, 580, 568
885:  697, 678, 629
888:  629, 578, 551
889:  629, 577, 534
892:  580, 577, 499
894:  556, 555
905:  665, 661, 660, 659, 567, 557
909:  706, 693, 687, 679, 577, 568, 498
917:  591
922:  620, 557
928:  675, 673, 629
929:  578, 556
931:  676, 670, 667, 666, 629, 499, 498
934:  561
936:  555, 551
937:  681, 680, 558, 534
941:  578, 556
942:  704, 658, 577, 557
943:  688, 683, 577, 557
944:  651
947:  556
952:  651
957:  556
959:  704, 693, 692, 690, 661
967:  693, 690, 671, 660, 658
970:  684, 651
972:  688, 679, 665, 664, 663
975:  678, 667, 578
976:  556, 555
977:  556
979:  704, 694, 687, 671, 660
988:  703, 651
989:  697, 666, 578
990:  591
994:  694, 692, 687, 661, 658
1000:  703, 684, 643
1001:  673, 670, 591
1003:  706, 688, 685, 668, 659
1004:  578
1005:  706, 683, 668, 665, 663
1006:  580, 568, 534, 499, 498
1007:  591
1011:  697, 678, 667, 666, 551
1012:  676, 675, 591
1014:  676, 675, 673, 670, 561
1018:  578
1020:  620, 567, 558
1022:  685, 683, 679, 664, 659
1036:  55
1060:  773, 670
1064:  673
1069:  684
1106:  894
1108:  936, 894, 888
1109:  856
1112:  957, 947, 894
1113:  937, 889, 856
1118:  
1120:  941, 929, 894, 888
1130:  834
1132:  829, 828
1133:  
1137:  943, 922, 892, 859, 816
1138:  811
1139:  1014, 1012, 1001, 931, 928, 849
1141:  834, 829
1146:  
1147:  841
1149:  856, 816, 814
1150:  840
1151:  977, 976, 894
1154:  1007, 990, 849
1155:  917
1156:  889, 888, 849
1160:  943, 942, 889, 856
1163:  856, 855
1165:  928, 888, 883
1166:  1006, 931, 909, 892, 889, 883
1167:  1000, 988, 970, 834, 829
1170:  928, 889, 885
1173:  942, 922, 892, 858, 814
1181:  994, 979, 967, 959, 942, 909, 905, 859, 816
1184:  829
1185:  889, 859, 858
1186:  1018, 1004, 888
1187:  
1188:  856
1190:  1020, 922, 905, 856, 855
1192:  888
1193:  1022, 1005, 1003, 972, 943, 909, 905, 858, 814
1198:  952, 944, 829
1199:  917
1200:  917, 849, 841
1202:  894
1210:  
1211:  894
1212:  
1216:  840
1217:  811
1221:  829
1222:  889
1223:  841
1225:  1011, 989, 975, 931, 888, 885
1227:  934, 849
1229:  
1230:  855
1233:  849
1236:  840, 829, 811
1240:  885, 883, 849
1249:  841
1250:  841
1251:  934
1252:  970, 952, 840
1254:  1001, 990, 841
1255:  811
1259:  1004, 989, 976, 947, 941
1260:  970, 944, 811
1261:  1018, 989, 976, 957, 929
1262:  1004, 977, 975, 947, 929
1264:  917
1265:  988, 944, 840
1266:  1012, 1007, 841
1268:  1012, 990, 917
1269:  934
1271:  988, 952, 811
1274:  917
1277:  828
1279:  811
1280:  1018, 977, 975, 957, 941
1281:  828
1283:  840
1284:  840
1285:  1007, 1001, 917
1302:  977
1310:  1064, 1060, 1001
1316:  1069, 970
1326:  975, 773
1343:  1236, 1217, 1138
1345:  1281, 1277, 1132
1348:  1193, 1190, 1185, 1181, 1173, 1166, 1160, 1149, 1137
1349:  1230, 1190, 1188, 1163
1350:  1211, 1156, 1120, 1108
1351:  1223
1354:  1222, 1185, 1156
1358:  1230, 1212, 1188, 1133
1359:  1236, 1216, 1150
1360:  1211, 1118
1362:  1230, 1212, 1133
1365:  1200, 1199, 1155
1366:  1240, 1225, 1170, 1166, 1165, 1156, 1139
1367:  1285, 1268, 1266, 1254, 1200, 1154, 1139
1369:  1221, 1167, 1141, 1130
1370:  1229, 1210, 1130
1371:  1217
1372:  1229, 1210, 1146
1373:  1240, 1233, 1200
1376:  1269, 1251, 1227
1377:  1279, 1255, 1236
1378:  1187
1379:  1229, 1221
1381:  1221, 1187, 1130
1384:  1211, 1202, 1151
1386:  1250, 1249, 1200
1387:  1280, 1262, 1261, 1259, 1225, 1186, 1151, 1120, 1112
1388:  1192, 1186, 1156
1390:  1147
1391:  1221, 1198, 1184
1393:  1284, 1283, 1236
1395:  1199, 1150
1396:  1216, 1155
1397:  1211, 1112, 1106
1398:  1212, 1188
1399:  1138
1400:  1271, 1265, 1260, 1252, 1236, 1198, 1167
1402:  1274, 1264, 1200
1404:  1212, 1133, 1118
1405:  1223, 1200, 1147
1406:  1187, 1146
1407:  1230, 1212, 1211, 1118
1409:  1188, 1149, 1109
1411:  1217
1414:  1229, 1187, 1146, 1130
1415:  1230, 1211, 1188
1416:  1227, 1200, 1156
1418:  
1420:  1236, 1221, 1132
1422:  1216, 1155
1424:  1229, 1221, 1210, 1130
1425:  1236, 1184, 1141
1427:  1223
1430:  1222, 1170, 1163, 1160, 1109
1432:  1202, 1192, 1165, 1120, 1106
1433:  1188, 1160, 1156, 1113
1434:  1233, 1156, 1154
1440:  1217, 1118
1441:  1217, 1133
1442:  1240, 1233, 1227, 1154, 1139
1443:  1188, 1133
1444:  1279, 1271, 1260, 1255, 1138
1446:  1279, 1271, 1217
1447:  1118
1448:  1133
1449:  1266, 1254, 1250, 1249, 1147
1450:  1260, 1255, 1217
1451:  1284, 1252, 1216
1452:  1198, 1184, 1167, 1141, 1132
1453:  1230, 1212, 1211
1454:  1274, 1268, 1155
1458:  1190, 1185, 1170, 1113, 1109
1459:  1283, 1265, 1216
1460:  1216
1461:  1146, 1130
1462:  1266, 1249, 1223
1463:  1221, 1210
1464:  1284, 1283, 1265, 1252, 1150
1465:  1223, 1146
1466:  1222, 1166, 1163, 1149, 1113
1468:  1133
1469:  1223, 1210
1470:  1212, 1118
1472:  1230, 1118
1474:  1216
1475:  1285, 1274, 1268, 1264, 1199
1476:  1155
1477:  1225, 1202, 1192, 1112, 1108
1479:  1229, 1146
1480:  1186, 1165, 1151, 1108, 1106
1481:  1229, 1187, 1130
1482:  1155
1483:  1285, 1264, 1155
1484:  1210
1487:  1210
1489:  1254, 1250, 1223
1490:  1146
1499:  704
1512:  1187
1517:  1202
1518:  1302, 1151
1522:  1130, 1069
1524:  1326, 1302, 1280
1527:  1326, 1225, 1060
1536:  1165, 1064
1540:  1326, 1302, 1262
1548:  1424, 1414, 1381, 1372
1549:  1418
1550:  1415, 1407, 1404, 1358
1552:  1416, 1388, 1354
1554:  1365
1557:  1481, 1479, 1414, 1406, 1372, 1370
1558:  1442, 1434, 1416, 1373, 1367, 1366
1560:  1470, 1453, 1407, 1404, 1362, 1360
1561:  1434, 1433, 1409, 1398, 1388
1564:  1472, 1470, 1468, 1443, 1404, 1398, 1362, 1358
1567:  1480, 1477, 1432, 1397, 1388, 1387, 1384, 1366, 1350
1568:  1420, 1393, 1377
1569:  1466, 1458, 1433, 1430, 1409, 1366, 1354, 1349, 1348
1570:  1416, 1415
1571:  1433, 1416, 1415, 1350
1572:  1482, 1476, 1365
1573:  1420, 1359, 1343
1574:  1434, 1397, 1360, 1354, 1350
1575:  1386, 1373, 1365
1576:  1420, 1381
1577:  1484, 1479, 1463, 1461, 1424, 1379, 1372, 1370
1580:  1453, 1443, 1415, 1362, 1358, 1349
1581:  1452, 1425, 1420, 1400, 1391, 1369
1582:  1411, 1371, 1343
1584:  1422, 1396, 1365, 1359
1585:  1399, 1343
1586:  1472, 1453, 1415, 1407, 1398, 1384, 1360, 1349
1590:  1481, 1461, 1414, 1406, 1381, 1379, 1378, 1369
1594:  1416, 1376
1596:  1395, 1365, 1359
1597:  1415, 1409, 1397
1598:  1381
1599:  1420, 1381
1600:  1490, 1487, 1372
1601:  1359
1602:  1406, 1391, 1381
1603:  1474, 1460, 1359
1604:  1427, 1405, 1351
1606:  1405, 1402, 1373
1607:  1404
1608:  1420, 1345
1610:  1405, 1390
1611:  1425, 1377, 1359
1615:  1404, 1343
1616:  1420, 1391, 1379
1617:  1450, 1446, 1444, 1400, 1377, 1343
1618:  1415
1620:  1469, 1465, 1405, 1372
1622:  1448, 1447, 1404
1623:  1464, 1459, 1451, 1400, 1393, 1359
1625:  1489, 1462, 1449, 1405, 1386, 1367
1626:  1481, 1463, 1424, 1381, 1370, 1369
1628:  1441, 1440, 1404, 1343
1629:  1483, 1475, 1454, 1402, 1367, 1365
1630:  1405, 1372
1631:  1416, 1402, 1386
1632:  1416, 1405, 1365
1634:  1425, 1393, 1343
1635:  1372
1636:  1448, 1446, 1443, 1441, 1371
1637:  1483, 1482, 1460, 1451, 1422
1638:  1490, 1465, 1462, 1461, 1351
1639:  1487, 1469, 1463, 1462, 1427
1640:  1470, 1450, 1447, 1440, 1371
1641:  1482, 1460, 1459, 1454, 1396
1642:  1472, 1447, 1446, 1440, 1411
1643:  1489, 1487, 1484, 1469, 1351
1644:  1483, 1476, 1474, 1451, 1396
1645:  1490, 1489, 1479, 1465, 1427
1646:  1476, 1474, 1459, 1454, 1422
1647:  1468, 1450, 1448, 1441, 1411
1651:  1499, 979
1657:  1518, 1517, 1384
1658:  1512, 1378
1660:  1536, 1517, 1432
1666:  1540, 1527, 1524, 1518, 1387
1667:  1522, 1512, 1414
1670:  1484
1672:  1468
1674:  1536, 1518, 1480
1675:  1512, 1481
1676:  1522, 1461
1678:  1536, 1527, 1366, 1310
1679:  1527, 1517, 1477
1680:  1522, 1369, 1316
1687:  1451, 1316
1688:  1450, 1316
1691:  1483, 1310
1692:  1489, 1310
1695:  1586, 1580, 1564, 1560, 1550
1696:  1626, 1590, 1577, 1557, 1548
1698:  1622, 1607, 1550
1700:  1646, 1644, 1641, 1637, 1629, 1623, 1603, 1584, 1572
1702:  1611, 1601, 1584, 1575, 1554
1703:  1550, 1549
1704:  1632, 1572, 1554
1705:  1550, 1549, 1548
1706:  1602, 1598, 1548
1707:  1645, 1643, 1639, 1638, 1625, 1620, 1604, 1600, 1577
1708:  1597, 1586, 1574, 1571, 1569, 1567, 1561, 1558, 1552
1709:  1631, 1618, 1586, 1570, 1552
1711:  1647, 1642, 1640, 1636, 1628, 1622, 1617, 1582, 1564
1712:  1634, 1615, 1607, 1582, 1564
1713:  1635, 1600, 1548
1714:  1634, 1623, 1617, 1611, 1581, 1573, 1568
1715:  1618, 1597, 1550
1716:  1549, 1548
1717:  1616, 1599, 1598, 1590, 1568
1718:  1632, 1571, 1570, 1550
1719:  1616, 1602, 1590, 1581, 1576
1721:  1632, 1594, 1552
1722:  1635, 1630, 1606, 1604, 1577
1723:  1632, 1610, 1604
1724:  1632, 1631, 1629, 1625, 1606, 1575, 1558
1725:  1628, 1615, 1573, 1550
1726:  1616, 1608, 1573
1729:  1585, 1582, 1573
1731:  1599, 1576, 1573, 1548
1732:  1632, 1596, 1584, 1573
1733:  1632, 1630, 1620, 1548
1734:  1603, 1601, 1573
1735:  1629, 1611, 1603, 1596, 1554
1736:  1630, 1625, 1610, 1600, 1557
1737:  1634, 1628, 1607, 1585, 1560
1738:  1623, 1601, 1596, 1575, 1572
1739:  1626, 1608, 1598, 1576, 1568
1740:  1635, 1620, 1610, 1606, 1557
1741:  1631, 1618, 1594, 1580, 1571
1742:  1597, 1594, 1580, 1570, 1558
1743:  1622, 1617, 1615, 1585, 1560
1745:  1626, 1608, 1602, 1599, 1581
1754:  1576, 1512
1758:  1679, 1678, 1674, 1666, 1660, 1657, 1567
1759:  1680, 1676, 1675, 1667, 1658, 1590
1760:  1688, 1672, 1647
1761:  1692, 1670, 1643
1764:  1691, 1687, 1637
1766:  1576, 1522
1768:  1378
1769:  1716, 1705, 1703, 1696, 1695
1770:  1734, 1731, 1729, 1716, 1713
1771:  1732, 1729, 1726, 1723, 1721
1773:  1733, 1732, 1731, 1725, 1718, 1705
1774:  1734, 1726, 1725, 1715, 1703
1775:  1740, 1736, 1733, 1724, 1723, 1722, 1713, 1707, 1696
1776:  1723, 1718, 1704, 1703, 1698
1777:  1733, 1721, 1716, 1706, 1704
1778:  1745, 1739, 1731, 1726, 1719, 1717, 1714, 1706, 1696
1779:  1738, 1735, 1734, 1732, 1724, 1714, 1704, 1702, 1700
1780:  1743, 1737, 1729, 1725, 1714, 1712, 1711, 1698, 1695
1781:  1742, 1741, 1724, 1721, 1718, 1715, 1709, 1708, 1695
1782:  1715, 1713, 1706, 1705, 1698
1788:  1422
1806:  1754, 1719, 1658
1807:  1766, 1754, 1731, 1667
1809:  1695, 1672, 1657
1810:  1696, 1670, 1658
1812:  1766, 1739, 1680
1813:  1754, 1739, 1675
1814:  1766, 1719, 1676
1817:  1724, 1692, 1691, 1678
1818:  1714, 1688, 1687, 1680
1823:  1782, 1781, 1780, 1779, 1778, 1777, 1776, 1775, 1774, 1773, 1771, 1770,\
 1769
1825:  1766, 1754
1832:  1571, 1499
1833:  1788, 1637
1841:  1768, 1658
1843:  1462, 1036
1844:  1676
1845:  1810, 1809, 1769
1846:  1814, 1813, 1812, 1807, 1806, 1778, 1759
1847:  1818, 1817, 1779, 1764
1848:  1818, 1810, 1778, 1759
1849:  1817, 1810, 1775, 1761
1850:  1818, 1809, 1780, 1760
1851:  1817, 1809, 1781, 1758
1862:  1825, 1814, 1806
1863:  1825, 1807
1866:  1832, 1718
1870:  1825, 1813, 1812
1871:  1832, 1708, 1651
1872:  1832, 1741
1878:  1844, 1843, 1638
1879:  1851, 1850, 1849, 1848, 1847, 1845, 1823
1881:  1833, 1764
1882:  688
1885:  1866, 1863, 1773
1886:  1872, 1871, 1866, 1781
1887:  1870, 1863, 1862, 1846
1888:  1863, 1770
1889:  1866, 1776
1894:  1788
1903:  1882, 972
1905:  1889, 1888, 1887, 1886, 1885, 1823
1907:  1894, 1584
1913:  1894, 1646
1915:  1894, 1833
1916:  1848, 1846, 1844, 1841
1922:  1907, 1702
1924:  1915, 1913, 1907, 1700
1925:  1907, 1732
1927:  1705
1930:  1915, 1881
1932:  1925, 1771
1933:  1927, 1782
1934:  1925, 1924, 1922, 1779
1935:  1927, 1925, 1773
1936:  1927, 1769
1939:  1936, 1935, 1934, 1933, 1932, 1823
1941:  1936, 1845
1943:  1934, 1930, 1847
1944:  1916, 1887
1946:  1886, 1851, 1843
1947:  1943, 1941, 1939, 1879
1948:  1946, 1944, 1905, 1879, 1878
1950:  1935, 1885, 1882
1952:  1950, 1939, 1905, 1903
1954:  1952, 1948, 1947

A16: 1953
2:  
3:  
4:  
5:  
6:  
7:  
8:  
9:  
10:  
11:  
12:  
13:  
14:  
15:  6, 5
16:  6, 5
17:  8, 4
18:  11, 9, 7, 2
19:  10, 8, 4, 2
20:  11, 7
21:  10, 2
23:  11, 9
24:  5
25:  9, 3, 2
26:  8, 5
27:  8, 4
28:  6, 4
29:  13, 9, 5
30:  10, 7, 4
31:  8, 7
32:  14, 7, 6
33:  
34:  10, 9, 8, 2
35:  13, 12
36:  
37:  10, 8, 2
38:  13, 12, 11, 6
39:  10, 9
40:  
41:  6
42:  
43:  10, 9, 8
44:  14, 12, 11, 5
45:  12, 9, 6
46:  10, 3
47:  14, 13, 12
48:  12, 7, 5
49:  
50:  14, 12
51:  9, 4
52:  10
53:  
54:  10, 8
57:  2
58:  3
59:  7
60:  11
61:  9
62:  10
63:  4
64:  3
65:  14
66:  12
67:  23, 20, 18
68:  21, 19, 17
69:  25, 23, 18
70:  16, 15
71:  40, 36
72:  41, 15
73:  51, 39, 34, 30, 18, 17
74:  17, 15
75:  26, 17, 15
76:  33, 25, 21
77:  
78:  53
79:  21
80:  47, 45, 44, 38, 35, 29, 23, 16
81:  54, 37, 31, 30, 27, 19, 17
82:  43, 37, 34, 31, 30, 27, 19
83:  51, 37, 34, 27
84:  24
85:  24
86:  40, 15
87:  54, 46, 37, 34, 25, 21
88:  
89:  48, 38, 35, 29, 18, 15
90:  
91:  
92:  
93:  52, 21
94:  53, 21
95:  24, 15
96:  21
97:  31
98:  46, 30
99:  36, 15
100:  50, 47, 35
101:  
102:  33
103:  49
105:  39, 25, 21
106:  42
107:  42, 18, 15
108:  
109:  51, 46, 43, 39, 34, 25, 19
110:  15
111:  42, 18, 15
112:  53, 17
113:  49, 47, 16
114:  49, 47, 16
115:  54, 43, 39, 37, 34, 31, 30, 21, 19, 18
116:  50, 48, 47, 44, 38, 32, 20, 16
117:  54, 43, 31, 19, 18, 17
118:  50, 45, 44, 32, 18, 15
119:  54, 43, 39
120:  33, 18, 17
121:  17, 15
122:  28, 17, 15
123:  
126:  43, 29, 26, 24
127:  
128:  53, 33, 23
129:  53, 39, 23
130:  53, 36
131:  40
132:  50, 49, 40, 16
133:  49, 36, 35, 16
135:  51, 45, 41, 28
137:  50, 40, 20
138:  50, 36, 23
139:  40
140:  
141:  36, 35, 23
142:  42, 36, 23
143:  52, 51
145:  41, 32, 30, 28
146:  52, 37
147:  52, 46
148:  41, 37
149:  53, 33, 23
150:  39, 33
151:  40
152:  42, 35
153:  53, 36
154:  53
155:  48, 31, 26, 24
157:  52, 41
158:  53, 36
159:  52, 41
160:  
161:  31, 24
162:  42, 40, 20
163:  43, 24
164:  40, 35, 20
165:  54, 53, 23
166:  46, 41
167:  
168:  53
169:  53
170:  
171:  
172:  53, 36
173:  
174:  
175:  50, 42
176:  52, 30
177:  54, 33
178:  
179:  58, 57, 25
180:  60, 59, 20
181:  62, 57, 19
182:  61, 58, 25
183:  64, 46
184:  63, 27
185:  63, 51
186:  62, 58, 46
187:  65, 59, 32
188:  66, 59, 48
189:  65, 60, 44
190:  66, 60, 38
191:  61, 57, 34
192:  66, 65, 50
193:  62, 61, 39
194:  64, 46
195:  63, 28
196:  3
197:  69, 67
198:  119, 117, 115, 109, 105, 87, 73, 69, 68
199:  120, 102, 76, 69, 68
200:  99, 86, 71, 70
201:  119, 117, 115, 97, 82, 81, 68
202:  101, 92
203:  112, 94, 78, 68
204:  118, 116, 100, 89, 80, 70, 67
205:  114, 113, 103, 100, 70
206:  115, 109, 98, 87, 83, 82, 81, 73
207:  111, 107, 106, 70, 67
208:  88, 78, 68
209:  110, 95, 86, 70
210:  92, 91, 68
211:  121, 117, 111, 95
212:  
213:  172, 130, 112, 71
214:  145, 135, 122, 118, 73, 72
215:  106, 103, 90, 70
216:  110, 86, 72, 70
217:  102, 88, 77, 68
218:  96, 93, 87, 76
219:  172, 153, 99, 94
221:  120, 110, 107, 89, 75, 74
222:  122, 99, 74, 68
223:  177, 165, 149, 120, 117, 112, 67
224:  96, 94, 93, 68
225:  122, 121, 120, 118, 111, 110
226:  151, 131, 86, 71
227:  172, 158, 99, 78
228:  84
229:  102, 88, 77, 68
230:  105, 96, 79, 76
231:  88
232:  106, 101, 71
233:  110, 99
234:  169, 154, 94, 78
235:  169, 168, 94, 78
236:  153, 130, 99, 78
237:  102, 88, 78, 77
238:  112, 75, 74, 70
239:  150, 129, 128, 120, 112, 73, 67
240:  94, 93, 79
241:  173, 127
243:  158, 153, 112, 71
244:  167, 112, 101
245:  149, 128, 102, 78, 69
246:  127, 92, 69
247:  96, 94, 79, 68
248:  167, 94, 92
249:  102, 92, 91, 88
250:  174, 94, 92
251:  106, 101, 70
252:  95, 85, 84
253:  99, 95, 72
254:  163, 161, 117, 95
255:  155, 126, 117, 95, 89, 75
257:  85
258:  85
259:  159, 157, 93, 72
261:  170, 99, 94
262:  175, 142, 138, 118, 107, 99, 69
263:  169, 112
264:  175, 162, 137, 118, 111, 86, 67
265:  152, 142, 141, 111, 99, 89, 69
266:  170, 140
267:  108, 106, 90, 70
268:  88, 78, 68
269:  164, 162, 152, 107, 89, 86, 67
270:  173, 101, 67
271:  150, 149, 129, 105, 94, 76, 69
272:  90
273:  158, 130, 99, 94
274:  91, 88, 77
275:  102, 92, 78
276:  107, 74, 73, 72
277:  147, 146, 93, 87
278:  90, 71, 70
279:  90, 71, 70
280:  160, 101, 86
281:  171, 101, 86
282:  162, 142, 106, 71, 67
283:  171, 99, 92
284:  102, 91
285:  151, 86
286:  96, 94
287:  160, 99, 92
288:  175, 152, 106, 100
290:  122, 112, 86, 75
291:  123, 101, 71
292:  140, 112, 86
293:  174, 112, 101
294:  123, 108, 90
295:  
296:  141, 133, 114, 80
297:  176, 143, 93, 73
298:  123, 101, 70
299:  122, 121, 112, 70
300:  151, 139, 86, 71
301:  173, 92, 69
302:  121, 99, 75, 68
303:  164, 141, 138, 137, 100, 71, 67
304:  102, 92, 68
305:  123, 106
307:  123, 106, 101, 90
308:  164, 138, 133, 132, 116, 113, 80
309:  177, 165, 128, 94, 87, 76, 69
310:  174, 167
311:  106, 101, 100, 90
312:  133, 132, 103, 100, 71, 70
313:  127, 101, 67
314:  121, 112, 86, 74
315:  170, 112, 86
316:  92, 91, 78
317:  140, 99, 94
318:  119, 78, 77, 68
319:  166, 148, 87, 72
320:  165, 129, 119, 78, 69
321:  106, 103, 90, 71
322:  168, 154, 112
323:  
324:  171, 160
325:  105, 79
326:  119, 102, 92, 88
327:  139, 131, 86
328:  137, 132, 116, 114
329:  177, 150, 119, 102
330:  85, 77
331:  106, 101, 100, 90
332:  96, 76
333:  97, 77
334:  123, 103, 90
336:  173, 171, 150, 140
337:  164, 162, 151, 139, 137, 131
338:  121, 120, 111, 110, 107, 74
339:  91, 85
340:  177, 170, 160, 127
341:  159, 148, 146, 143, 135, 83
342:  175, 174, 170, 127
344:  177, 173, 160, 140
345:  175, 174, 173, 140
347:  97, 91, 88
349:  162, 151
350:  119, 78, 77
352:  169, 165, 153, 142, 130, 128
353:  123, 106, 101, 90
354:  97, 77
357:  164, 131
358:  
359:  173, 167, 152, 140
360:  108, 100, 71
361:  139, 137
362:  154, 131
364:  119, 102, 91
365:  176, 166, 159, 147, 145, 98
366:  172, 169, 165, 153, 142, 129
367:  122, 120, 118, 110, 89, 75
368:  102, 92, 91, 88
369:  108, 103
370:  139, 137
372:  
373:  119, 102, 92, 88
376:  172, 169, 158, 149, 142, 129
378:  139
380:  168, 165, 153, 141
381:  172, 154, 138, 129
382:  122, 118, 117, 107, 95, 74
383:  91, 88, 77
384:  102, 97, 88, 78
386:  154, 138, 130, 128
387:  168, 141
388:  168, 158, 149, 141
389:  163, 161, 155, 126, 84, 82
390:  169, 158, 149, 142, 130, 128
391:  172, 168, 141, 130, 129, 128
392:  105, 96, 93, 87, 79, 76
393:  171, 170, 150, 127
394:  175, 174, 171, 150
395:  166, 157, 147, 143, 135, 109
396:  171, 167, 152, 150
397:  164, 154
398:  138, 131
399:  176, 157, 148, 146, 145, 81
400:  177, 175, 174, 160
401:  170, 167, 152, 127
402:  177, 167, 160, 152
403:  108, 103
404:  164, 162, 151, 131
405:  161, 155, 97, 85
406:  123, 106, 100
407:  162, 151, 139, 137
408:  121, 111, 89, 75, 73, 72
409:  163, 126, 119, 85
410:  165, 158, 154, 153, 149, 138
411:  106, 103, 90, 71
412:  123, 103, 90
413:  168
414:  64, 58
415:  178
416:  105, 58
417:  98, 58
418:  79, 57
419:  183, 98
420:  185, 184, 83
421:  193, 191, 186, 182, 181, 179, 109
422:  192, 190, 189, 188, 187, 180, 116
423:  67, 60, 57
424:  69, 59, 58
425:  147, 58
426:  173
427:  127
428:  146, 57
429:  105, 61
430:  185, 143
431:  195, 185, 135
432:  159, 62
433:  183, 166
434:  79, 62
435:  149, 61
436:  194, 183, 147
437:  98, 59, 58
438:  97, 59
439:  108
440:  98, 64, 63
441:  177, 62
442:  150, 61
443:  145, 65, 62
444:  135, 66, 61
445:  152, 66
446:  175, 65
447:  178
448:  206, 201, 198
449:  305, 298, 291, 251, 232, 202, 200
450:  303, 288, 282, 269, 265, 264, 262, 207, 204, 200, 197
451:  253, 233, 216, 209, 200
452:  324, 287, 283, 281, 280, 202, 200
453:  321, 311, 303, 251, 215, 207, 205
454:  326, 318, 275, 229, 217, 199, 198
455:  328, 312, 308, 303, 296, 205, 204
456:  310, 293, 250, 248, 244, 203, 202
457:  307, 294, 267, 251
458:  286, 247, 240, 224, 203
459:  316, 304, 284, 275, 210, 203, 202
460:  279, 278, 272, 200
461:  327, 300, 285, 226, 200
462:  329, 320, 309, 271, 245, 239, 223, 203, 199, 198, 197
463:  295, 212, 202
464:  268, 231, 208, 203
465:  323
466:  313, 301, 270, 246, 241, 202, 197
467:  322, 263, 235, 234, 203
468:  273, 243, 236, 227, 219, 213, 203, 200
469:  317, 315, 292, 266, 261, 203, 200
470:  275, 274, 249, 237
471:  314, 302, 299, 290, 238, 222, 203, 200
472:  408, 367, 299, 290, 264, 239, 225, 216, 214, 204
473:  373, 347, 274, 249, 217, 210, 201
474:  299, 298, 293, 263, 244, 238
475:  412, 411, 406, 403, 312, 279, 267
476:  354, 333
477:  399, 395, 365, 341, 319, 297, 277, 259, 214, 206
478:  275, 248, 240, 235
479:  390, 376, 366, 352, 282, 263, 243, 239, 223, 213
480:  314, 300, 293, 291, 280, 243
481:  382, 367, 290, 269, 255, 238, 223, 221, 209, 204
482:  319, 297, 276, 259, 218, 206
483:  413, 322
484:  410, 388, 380, 322, 303, 243, 223
485:  252, 228
486:  407, 404, 349, 337, 300, 285, 282, 269, 264, 226
487:  275, 240
488:  300, 293, 290, 281, 232, 213
489:  254, 253, 198
490:  261, 236, 234, 224, 222, 208
491:  292, 279, 238, 226, 216, 213
492:  290, 280, 244, 243, 232, 226
493:  404, 357, 337, 327, 303, 269, 226
494:  384, 373, 326, 320, 318, 304, 245, 237, 229, 201, 199
495:  258
496:  406, 331, 307, 298, 282, 279, 270, 232, 204
497:  383, 373, 368, 326, 318, 316, 274, 237, 229, 210
500:  254, 252, 211, 201
501:  384, 383, 350, 347, 326, 316, 249
502:  259, 253, 240
503:  327, 280, 251, 209
504:  397, 322, 303
505:  298, 285, 281, 280, 216, 209
506:  360, 303
507:  360, 353, 334, 321, 311, 294, 291
508:  384, 383, 364, 333, 318, 229, 208
509:  401, 396, 393, 283, 271, 265, 261, 248, 246
510:  409, 405, 389, 255, 254, 252, 201
511:  408, 302, 265, 255, 253, 211, 198
512:  400, 342, 340, 309, 287, 262, 261, 250, 246
513:  406, 403, 360, 334, 321, 294, 279, 215, 205
514:  412, 411, 353, 321, 307, 232
515:  407, 370, 337, 327, 303, 300, 264
516:  316, 286, 250, 248, 235, 234
517:  304, 283, 250, 247, 222, 219
518:  362, 327, 322
519:  410, 381, 376, 366, 320, 271, 262, 234, 227, 219
520:  378, 327
521:  327, 322
522:  410, 390, 386, 352, 309, 273, 262, 245, 236, 234
523:  383, 368, 304, 249, 229, 217
524:  240
525:  253, 240
526:  327, 322, 314, 292
527:  382, 338, 314, 299, 264, 225, 223, 211, 209, 207
528:  364, 350, 347, 333, 274, 237, 217, 208, 201
529:  391, 386, 381, 322, 303, 239, 213
530:  322, 251, 244, 238
531:  373, 350, 275, 245, 237, 217, 198
532:  240, 230, 198
533:  253, 252
535:  310, 305, 295, 266
536:  392, 309, 277, 240, 224, 218, 198
537:  275, 250, 240, 234
538:  382, 276, 262, 253, 222, 214, 198
539:  322, 299, 293, 251
540:  373, 364, 275, 249, 246, 245, 210, 208, 198
541:  408, 338, 314, 276, 269, 239, 238, 221, 216, 207
542:  302, 283, 273, 248, 247, 210
543:  319, 253, 198
544:  275, 253
545:  310
546:  364, 329, 284
547:  302, 261, 247, 235, 227, 208
548:  322, 251
549:  324, 295, 284, 266
550:  292, 290, 285, 263
552:  314, 291, 281, 244, 226, 213
553:  327, 281, 251, 216
554:  258, 257, 252
559:  
560:  287, 273, 250, 224, 222, 210
562:  412, 353, 331, 298, 294, 267, 205
563:  322
564:  327
565:  258
566:  350, 320, 318, 198
569:  286, 261, 233, 219
570:  411, 331, 321, 312, 303, 282, 251
571:  353, 334, 251, 215
572:  257
573:  392, 325, 271, 247, 240, 230, 198
574:  310, 231, 212
575:  
576:  327, 251
579:  353, 331, 311, 307, 305, 288, 272, 202
581:  240
582:  275, 240
583:  297, 240, 198
584:  315, 300, 299, 278, 216, 213
585:  
586:  324
587:  
588:  266
589:  
590:  274, 252
592:  373, 329, 326, 320, 304, 301, 275, 268, 198
593:  253
594:  368, 364, 326, 320, 316, 304, 246, 208, 199
595:  400, 345, 344, 293, 292, 280, 270, 264, 223
596:  396, 359, 336, 292, 281, 270, 269, 244, 239
597:  406, 353, 311, 303, 291, 279, 270, 251, 207
598:  
599:  317, 286, 273, 233
600:  367, 338, 302, 265, 262, 233, 225, 222, 221, 199
601:  322, 251
602:  391, 390, 388, 376, 273, 271, 265, 245, 235, 227
603:  411, 360, 331, 312, 311, 282, 267, 232, 215, 207, 204
604:  358
605:  387, 322, 303
606:  331, 313, 311, 303, 288, 278, 251, 232, 204
607:  324, 310, 305, 284
608:  402, 400, 396, 394, 329, 324, 310, 288
609:  
610:  300, 299, 292, 279, 243, 209
611:  257
612:  
613:  324, 272, 212
614:  315, 314, 285, 263
615:  317, 253, 240, 219
616:  406, 305, 288
617:  287, 275, 253, 236
618:  353, 313, 307, 305, 298, 291, 282, 278, 207
619:  327, 251
621:  315, 278, 243, 238, 226, 209
622:  384, 368, 347, 275
623:  273, 261, 253, 240
624:  272, 266, 231
625:  392, 332, 309, 286, 271, 247, 230, 224, 218, 199
626:  327, 322, 315, 290
627:  398, 327, 303
628:  384, 354, 350, 329, 318, 268, 237, 229, 217, 203, 201
630:  316, 287, 283, 236, 233, 227
631:  304, 302, 287, 248, 224, 219
632:  372, 358, 295, 212
633:  339, 330, 274, 252
634:  403, 369
635:  412, 411, 369, 334, 321, 305, 294, 278, 272, 267, 215
636:  391, 380, 366, 352, 320, 309, 265, 236, 235, 219
637:  
638:  411, 369, 360, 321, 312, 288, 278, 267, 215, 205, 200
639:  373, 368, 329, 326, 284, 249, 231, 202
640:  412, 411, 334, 331, 312, 311, 307, 298, 291, 215
641:  368, 316, 301, 284, 268, 249, 245, 210, 199
642:  402, 401, 340, 315, 313, 280, 269, 244, 223
644:  275, 253
645:  401, 359, 345, 342, 310, 288, 266, 241
646:  317, 302, 268, 236, 235, 224
647:  384, 383, 354, 347, 284, 274, 268, 237, 231, 229, 217
648:  283, 275, 253, 227
649:  295, 241
650:  317, 268, 247, 234, 227, 222
652:  393, 344, 340, 336, 329, 324, 266, 241
653:  394, 393, 342, 315, 313, 293, 281, 264, 239
654:  394, 345, 336, 317, 301, 283, 271, 262, 250
655:  361, 327, 303
656:  358, 295, 241, 212, 202
657:  402, 359, 344, 317, 309, 301, 287, 265, 248
662:  404, 398, 397, 386, 362, 308
669:  413, 387, 380, 296
672:  398, 397, 381, 362, 357, 308
674:  378, 370, 361, 328
677:  407, 378, 361, 328
682:  
686:  364, 258
689:  409, 350, 330, 257
691:  333, 258
695:  
696:  413, 388, 387, 296
698:  347, 257
699:  323, 228
700:  405, 347, 339, 257
701:  409, 364, 339, 258
702:  323, 228
705:  350, 257
707:  405, 333, 330, 258
708:  
709:  414, 182, 179
710:  414, 194, 186
711:  415
712:  196, 58
713:  13
714:  61
715:  65
716:  427, 426, 241
717:  426, 423, 270
718:  424, 423, 197, 180, 179
719:  418, 416, 325, 179
720:  427, 423, 313
721:  426, 424, 301
722:  427, 424, 246
723:  428, 425, 277, 179
724:  435, 429, 416, 271, 182
725:  434, 418, 247, 181
726:  438, 354
727:  349, 180
728:  439, 369
729:  438, 333
730:  370, 180
731:  440, 206, 185, 184, 183
732:  439, 403
733:  358
734:  357, 180
735:  332, 179
736:  445, 427, 401
737:  446, 441, 400
738:  446, 445, 288, 192
739:  446, 423, 264, 189
740:  441, 426, 344
741:  445, 424, 265, 188
742:  429, 418, 392, 191
743:  442, 427, 393
744:  434, 416, 392, 186
745:  436, 433, 419, 365
746:  431, 430, 420, 341
747:  442, 424, 271, 182
748:  444, 425, 395, 182
749:  446, 426, 345
750:  444, 443, 214, 193, 192
751:  442, 441, 329, 193
752:  445, 442, 396
753:  445, 426, 359
754:  446, 424, 262, 187
755:  446, 442, 394
756:  445, 423, 269, 190
757:  441, 427, 340
758:  443, 425, 365, 186
759:  443, 428, 399, 181
760:  446, 427, 342
761:  432, 417, 365, 186
762:  441, 424, 309, 186
763:  441, 423, 223, 181
764:  442, 423, 239, 191
765:  434, 429, 325, 193
766:  444, 428, 341, 191
767:  445, 441, 402
768:  442, 426, 336
769:  323
770:  438, 405, 188
771:  381, 193, 192
772:  394, 193, 192
774:  370, 192
775:  437, 365, 187, 186
776:  440, 365, 195, 194
777:  447, 415
778:  537, 516, 478, 467, 459, 458, 456
779:  647, 628, 546, 528, 508, 476, 464
780:  626, 614, 550, 526, 471, 469, 467, 461
781:  650, 646, 547, 490, 471, 469, 468, 467, 464, 458
782:  638, 606, 603, 570, 506, 455, 453, 450
783:  657, 654, 653, 652, 645, 642, 608, 596, 595, 512, 509, 469, 466, 462, 45\
6, 452, 450
784:  640, 638, 635, 618, 606, 603, 579, 571, 570, 562, 514, 507, 457, 453, 44\
9
785:  648, 630, 617, 468, 459, 452, 451
786:  631, 560, 542, 517, 471, 468, 459, 458, 456, 452
787:  613, 586, 463, 460, 452
788:  621, 610, 584, 491, 471, 469, 468, 461, 460, 451
789:  553, 505, 503, 461, 452, 451, 449
790:  539, 530, 474, 471, 467, 456, 449
791:  623, 615, 599, 569, 469, 468, 458, 451
792:  552, 492, 488, 480, 471, 468, 461, 456, 452, 449
793:  647, 641, 639, 628, 622, 592, 531, 523, 501, 497, 494, 473, 470, 459, 45\
4
794:  656, 649, 466, 463
795:  515, 493, 486, 461, 450
796:  618, 616, 606, 597, 579, 496, 466, 460, 450, 449
797:  624, 588, 469, 464, 460
798:  636, 602, 529, 522, 519, 484, 479, 468, 467, 462, 450
799:  607, 549, 535, 469, 463, 459, 456, 452, 449
800:  600, 541, 538, 527, 511, 481, 472, 471, 462, 451, 450
801:  656, 649, 632, 604, 463
802:  622, 594, 566, 540, 528, 523, 508, 501, 497, 494, 454
803:  638, 635, 634, 616, 513, 475, 460
804:  641, 639, 594, 592, 546, 540, 466, 464, 462, 459
805:  597, 571, 513, 507, 506, 453
806:  640, 603, 597, 570, 562, 514, 513, 496, 475, 457, 455
807:  540, 531, 528, 473, 470, 448
808:  625, 573, 536, 462, 458
809:  628, 592, 566, 531, 494, 462, 454, 448
810:  574, 545, 464, 463, 456
812:  616, 586, 559, 463
813:  609, 588, 585, 463
815:  598, 589, 588, 464
817:  565
818:  657, 646, 636, 631, 617, 615, 592, 536, 511, 478
819:  654, 650, 648, 615, 592, 573, 538, 537, 519, 517
820:  598, 588, 559, 460
821:  609, 598, 586, 463
822:  649, 586, 585, 460
823:  606, 605, 601, 548, 504, 467
824:  592, 583, 582, 532, 487, 458
825:  637, 609, 598
826:  565, 554, 495
827:  642, 626, 621, 606, 530, 503, 493, 492, 484, 481
830:  617, 582, 544, 537, 502, 470
831:  655, 619, 605, 597, 548, 526
832:  624
833:  612, 589, 586, 464
835:  609, 586, 585, 545
836:  565
837:  657, 654, 650, 646, 641, 630, 625, 602, 600, 599, 560, 542, 522, 516
838:  610, 597, 595, 539, 527, 526, 515, 503, 484, 480
839:  653, 642, 621, 618, 614, 584, 552, 541, 527, 505, 486, 480, 479, 474
842:  615, 583, 543, 532, 489, 462
843:  583, 543, 538, 536, 502, 482, 477, 448
844:  526, 520, 518, 483
845:  627, 601, 597, 576, 526, 504
846:  637, 598, 586, 460
847:  583, 544, 525, 511, 478, 454
848:  612, 589, 588, 545
850:  649, 645, 616, 588, 545, 535
851:  548, 539, 483, 457
852:  626, 564, 521, 520, 518, 461
853:  637, 559, 545, 460
854:  598, 589, 559
857:  655, 627, 626, 605, 504, 450
860:  616, 608, 607, 586, 546, 545
861:  610, 596, 595, 550, 505, 496, 492, 491, 488, 486, 481, 479, 474, 472
862:  695, 682
863:  615, 581, 525, 524, 502, 458
864:  626, 563, 521, 518, 483, 467
865:  648, 582, 573, 543, 525, 454
866:  677, 674, 655, 520, 515, 455
867:  537, 536, 532, 524, 487, 454
868:  653, 626, 606, 584, 553, 539, 529, 515, 488, 472
869:  598, 585, 545, 463
870:  696, 669, 605, 484, 483, 455
871:  605, 563, 548, 530, 529, 453
872:  613, 599
873:  576, 539, 521, 515, 504, 453
874:  644, 615, 582, 544, 487, 459
875:  614, 574
876:  590, 554, 528, 500
877:  636, 631, 630, 625, 600, 594, 569, 547, 519, 517, 516, 512, 509, 490
878:  707, 701, 700, 689, 633, 554, 528, 510
879:  623, 617, 560, 540, 538, 537, 536, 522, 512, 490
880:  672, 662, 627, 529, 518, 504, 493, 455
881:  637, 588, 586, 559
882:  619, 520, 503, 457
884:  612, 598, 545, 464
886:  652, 649, 588, 586, 549, 546
887:  623, 583, 582, 544, 543, 540
890:  627, 601, 521, 503, 484, 453
891:  550
893:  644, 623, 540, 532, 489, 487
895:  655, 627, 619, 606, 576, 461
896:  612, 588, 546, 460
897:  702, 699, 485, 465
898:  564, 563, 526, 521
899:  655, 619, 564, 553, 493, 453
900:  705, 698, 554, 528
901:  611, 587
902:  533, 511, 510, 500, 489, 448
903:  470, 465
904:  611, 572, 554
906:  601, 576, 553, 530, 518, 457
907:  581, 573, 532, 448
908:  597, 596, 553, 552, 541, 530, 529, 526, 493, 491
910:  623, 593, 525, 524
911:  623, 581, 533, 502
912:  648, 644, 533, 470
913:  588, 586, 545, 466
914:  575, 572
915:  649, 609, 545, 464
916:  612, 598, 585
918:  626, 619, 601, 576, 548, 449
919:  648, 623, 602, 573, 547, 542, 540, 511, 509, 478
920:  637, 616, 588, 464
921:  691, 686, 554, 528
923:  569
924:  611, 587
925:  554, 533, 485
926:  589, 546, 545, 463
927:  587, 575
930:  644, 592, 544, 543, 489, 451
932:  495
933:  644, 617, 593, 538, 489, 454
935:  656, 652, 645, 639, 624, 613, 608, 607, 579, 574, 549, 535
938:  581, 487, 478, 470
939:  615, 593, 533, 525, 502, 451
940:  633, 590, 533, 470
945:  627, 576, 570, 553, 520, 493
946:  601, 570, 530, 529, 504, 483
948:  604, 585, 559
949:  593, 566, 543, 511
950:  622, 582, 524, 478
951:  627, 564, 515, 506
953:  604, 598, 586, 545
954:  587, 524
955:  593, 587
956:  583, 573, 566, 524
958:  637, 612, 476
960:  583, 582, 581, 537, 536, 531
961:  576, 571, 564, 503
962:  701, 686, 565, 546
963:  598, 588, 545, 476
964:  644, 532, 531, 511, 502, 478
965:  617, 544, 543, 538, 533, 531
966:  616, 612, 588
968:  637, 634, 612
969:  648, 573, 531, 502, 489, 487
971:  644, 622, 617, 537, 525, 487
973:  648, 622, 593, 544
974:  619, 571, 553, 548, 530, 521
978:  695, 622, 587
980:  619, 605, 570, 539, 518, 515
981:  695, 682, 575, 523
982:  649, 586, 559
983:  566, 538, 536, 532, 525, 489
984:  616, 586, 585
985:  609, 546, 545
986:  601, 571, 563, 539
987:  655, 570, 548, 518, 503, 484
991:  609, 589, 476
992:  637, 565
993:  707, 691, 565, 476
995:  705, 700, 698, 689, 572, 501
996:  649, 589, 545
997:  563, 506, 504, 484
998:  655, 605, 529, 521, 506, 493
999:  609, 565
1002:  682, 587, 566
1008:  609, 604, 589
1009:  707, 701, 691, 686, 508, 495
1010:  634, 598, 588, 586
1013:  634, 585, 559
1015:  612, 609, 598, 559
1016:  700, 698, 622, 611
1017:  705, 689, 611, 566
1019:  611, 593
1021:  649, 616, 598, 546
1023:  637, 588, 546
1024:  637, 598, 589, 585
1025:  633, 590, 510, 500, 485, 473
1026:  611, 524
1027:  434, 418
1028:  429, 416
1029:  440, 437, 419, 417, 414
1030:  
1031:  158
1032:  435
1033:  710, 709, 421
1034:  708
1035:  714, 713, 29
1037:  722, 721, 720, 718, 717, 716, 466
1038:  729, 726, 476
1039:  448, 417, 416
1040:  732, 728, 634
1041:  581, 418
1042:  731, 448, 420, 419
1043:  733, 604
1044:  762, 760, 757, 754, 737, 722, 512
1045:  752, 747, 743, 741, 736, 722, 509
1046:  763, 749, 740, 739, 737, 717, 595
1047:  767, 763, 757, 756, 736, 720, 642
1048:  767, 762, 753, 741, 740, 721, 657
1049:  760, 753, 749, 738, 736, 716, 645
1050:  767, 755, 752, 751, 738, 737, 608
1051:  768, 755, 754, 749, 747, 721, 654
1052:  756, 754, 741, 739, 738, 718, 450, 422
1053:  765, 744, 742, 725, 724, 719, 573, 421
1054:  768, 757, 751, 743, 740, 716, 652
1055:  764, 763, 762, 751, 747, 718, 462, 421
1056:  764, 760, 755, 743, 739, 720, 653
1057:  768, 764, 756, 753, 752, 717, 596
1058:  766, 759, 758, 750, 748, 723, 477, 421
1059:  769, 465
1061:  729, 691
1062:  771, 734, 672, 422
1063:  776, 731, 477, 436, 431
1065:  502, 434, 432
1066:  770, 729, 707
1067:  774, 730, 674, 422
1068:  531, 435, 429
1070:  731, 482, 433, 430
1071:  448, 438, 437, 424
1072:  506, 439, 423
1073:  769, 699
1074:  769, 702
1075:  325, 196
1076:  372
1077:  197, 196
1078:  325
1079:  777, 711
1080:  415
1081:  415
1082:  801, 794
1083:  809, 807, 804, 802, 793, 779
1084:  806, 805, 803, 796, 784, 782
1085:  923, 791
1086:  797, 791, 788, 781, 780
1087:  908, 868, 861, 839, 838, 827, 800, 798, 796, 795, 792, 790, 789, 788, 7\
83, 780
1088:  872, 791, 787
1089:  920, 913, 881, 853, 812, 810, 796
1090:  939, 911, 910, 863, 791
1091:  891, 780
1092:  916, 884, 869, 810
1093:  919, 879, 877, 837, 819, 818, 808, 804, 800, 798, 791, 786, 785, 783, 7\
81, 778
1094:  832, 797
1095:  915, 913, 835, 822, 813, 797, 794
1096:  898, 864, 852, 844, 780
1097:  875, 810, 780
1098:  935, 886, 860, 850, 810, 804, 799, 797, 796, 794, 787, 783
1099:  846, 825, 821, 787
1100:  799, 792, 791, 789, 788, 787, 786, 785
1101:  918, 895, 857, 845, 831, 823, 796, 780
1102:  854, 820, 815, 797
1103:  930, 893, 887, 874, 842, 824, 804, 791
1104:  926, 913, 896, 848, 833, 804, 787
1105:  810, 799, 792, 790, 786, 781, 780, 778
1107:  965, 960, 911, 887, 879, 843, 830, 807
1110:  1015, 1013, 1010, 966, 821, 813, 812
1111:  1002, 981, 978, 927, 862, 802
1114:  1024, 1015, 1008, 953, 948, 916, 881, 869, 848, 825, 821, 813
1115:  1013, 1010, 982, 881, 869, 853, 850, 846, 822, 812, 803, 787
1116:  969, 964, 938, 919, 912, 911, 907, 902, 893, 807
1117:  1024, 996, 953, 948, 853, 846, 822
1119:  925, 903, 897
1121:  996, 966, 850, 848
1122:  1024, 1015, 991, 963, 958, 916, 884, 881, 854, 835, 833, 815
1123:  966, 963, 958, 920, 896, 860, 848, 846, 833, 815, 797, 779
1124:  983, 969, 960, 956, 907, 867, 865, 863, 843, 842, 824, 819, 809, 808
1125:  1008, 996, 982, 948, 869, 854, 835, 821, 801
1126:  983, 971, 933, 910, 893, 879, 867, 802
1127:  946, 945, 908, 906, 880, 845, 844, 806
1128:  998, 974, 908, 899, 898, 871, 831, 805
1129:  971, 964, 960, 950, 938, 874, 867, 863, 847, 830, 824, 818, 793, 778
1131:  925, 921, 900, 807
1134:  927, 924, 904, 901
1135:  927, 914, 904
1136:  1023, 1010, 968, 920, 896, 884, 881, 860, 853, 820, 803, 797
1140:  997, 986, 961, 951, 898, 890, 873, 845, 838, 805
1142:  903, 807
1143:  1021, 963, 920, 915, 850, 825, 779
1144:  1013, 948
1145:  1024, 1023, 991, 963, 926, 869, 813
1148:  1021, 996, 985, 926, 915, 913, 860, 850, 821, 815, 804, 794
1152:  903, 807
1153:  910, 904
1157:  1010, 963, 953, 913
1158:  921, 904, 876, 802
1159:  996, 991, 963, 926, 915, 886, 884, 848, 833, 821, 810, 779
1161:  1026, 1019, 910, 904
1162:  836, 826, 817
1164:  925, 911
1168:  927, 862, 802
1169:  973, 971, 969, 965, 939, 933, 930, 912, 874, 865, 830, 819, 793, 785
1171:  985, 984, 860, 835
1172:  1009, 993, 962, 921, 878, 826, 779
1174:  940, 925, 912, 903
1175:  1024, 1015, 1013, 1010, 968, 854, 853, 848, 846, 835, 825, 820
1176:  955, 954, 927, 910
1177:  1025, 940, 925, 902, 878, 876, 807
1178:  940, 938, 911, 903
1179:  987, 980, 882, 870, 866, 851, 844, 838, 831, 806
1180:  983, 965, 964, 949, 939, 933, 930, 902, 847, 843, 842, 818, 809, 800
1182:  903
1183:  1021, 953, 926, 860, 854, 812, 801
1189:  998, 980, 951, 945, 899, 895, 880, 873, 868, 866, 857, 852, 795, 782
1191:  986, 980, 974, 946, 918, 906, 873, 871, 868, 864, 851, 823, 790, 784
1194:  817
1195:  987, 974, 961, 945, 918, 906, 899, 895, 890, 882, 852, 827, 789, 784
1196:  
1197:  968, 958
1201:  1015, 1008, 982, 953, 915, 884, 833
1203:  1008, 991
1204:  817
1205:  826, 825
1206:  1021, 1010, 916, 896, 886, 822, 803
1207:  
1208:  862
1209:  1024, 1021, 1015, 926, 920, 915, 896, 853, 833, 822, 813, 812
1213:  1017, 1016, 995, 904, 900, 878, 802
1214:  911, 903
1215:  999, 992, 826, 825
1218:  973, 956, 950, 949, 919, 910, 887, 865, 847, 802
1219:  927
1220:  1008, 985, 953, 926, 915, 886, 869, 835, 815, 813, 810, 801
1224:  925, 911
1226:  998, 997, 987, 946, 890, 880, 871, 870, 864, 857, 827, 823, 798, 782
1228:  1021, 984, 982, 913, 886, 869, 860, 822, 820, 812, 796, 794
1231:  1023, 982, 886, 881
1232:  
1234:  1023, 1021, 966, 920, 913, 896, 886, 884, 850, 846, 804, 796
1235:  900, 876, 826, 779
1237:  925, 904, 826
1238:  1023, 991, 985, 958, 884, 848, 825, 815, 779
1239:  932, 826
1241:  984, 953, 948, 850, 835, 822, 821, 820, 813, 812, 801, 787
1242:  1024, 1010, 984, 968, 920, 833, 815
1243:  836
1244:  836
1245:  1013, 984, 968, 966, 916, 881, 846, 820, 803
1246:  1015, 985, 963, 958, 896, 853, 820
1247:  927, 910
1248:  958, 817
1253:  999, 985, 962, 817
1256:  1019, 1016, 978, 973, 955, 924
1257:  1023, 836
1258:  991, 836
1263:  932, 923
1267:  993, 992, 958, 817
1270:  1026, 1016, 978, 954, 950, 901
1272:  985, 817
1273:  999, 993, 991, 836
1275:  1026, 1017, 1002, 956, 954, 924
1276:  1019, 1017, 1002, 955, 949, 901
1278:  932, 923
1282:  1023, 992, 962, 836
1286:  1028, 1027, 765, 719
1287:  1031, 227
1288:  1032, 1028, 724
1289:  1027, 725
1290:  283
1291:  774, 730
1292:  1032, 1031, 390
1293:  1028, 1027, 744, 742
1294:  1034, 1030
1295:  401
1296:  1032, 1031, 388
1297:  1029, 776, 775, 761, 745, 710
1298:  1057, 1056, 1055, 1054, 1052, 1051, 1050, 1049, 1048, 1047, 1046, 1045,\
 1044, 1037, 783
1299:  1041, 1039, 907, 719
1300:  1065, 1041, 863, 725
1301:  1068, 1039, 809, 724
1303:  1072, 782, 728, 720, 718
1304:  795, 734, 730, 727, 718
1305:  1071, 807, 729, 722
1306:  1071, 809, 726, 721, 718
1307:  808, 735, 723, 719, 718
1308:  1072, 805, 732, 717
1309:  794, 733, 718, 716
1311:  1066, 1061, 1038, 993
1312:  1065, 1039, 843, 761, 744
1313:  1068, 1041, 960, 742
1314:  1070, 1063, 1042, 843, 746, 745
1315:  1068, 1065, 969, 765
1317:  1074, 1073, 1059, 897
1318:  819, 772, 771, 765, 751, 750
1319:  1072, 998, 764, 756
1320:  1072, 951, 739
1321:  868, 774, 772, 771, 750, 738
1322:  1071, 907, 747
1323:  1071, 843, 775, 762, 754
1324:  1071, 902, 770, 741
1325:  1072, 997, 763
1327:  860, 772, 751, 738
1328:  1081, 711
1329:  1080, 711
1330:  1246, 1242, 1241, 1234, 1228, 1220, 1209, 1206, 1201, 1183, 1175, 1159,\
 1157, 1148, 1145, 1143, 1136, 1123, 1122, 1117, 1115, 1114, 1110, 1104, 1095,\
 1089
1331:  1245, 1234, 1231, 1228, 1206, 1136, 1115, 1098, 1092, 1089, 1084
1332:  1105, 1100, 1098, 1093, 1087, 1086
1333:  1245, 1241, 1175, 1144, 1125, 1121, 1117, 1115, 1114, 1110, 1099
1334:  1238, 1234, 1159, 1148, 1143, 1123, 1121, 1104, 1099, 1098, 1083
1335:  1246, 1245, 1242, 1238, 1197, 1175, 1171, 1136, 1123, 1122, 1102
1336:  1241, 1228, 1220, 1183, 1171, 1148, 1125, 1102, 1098, 1095, 1082
1337:  1226, 1195, 1191, 1189, 1179, 1140, 1128, 1127, 1101, 1096, 1087, 1084
1338:  1218, 1180, 1169, 1129, 1126, 1124, 1116, 1107, 1103, 1093, 1090, 1083
1339:  1238, 1231, 1220, 1203, 1201, 1159, 1145, 1125, 1122, 1114, 1092
1340:  1224, 1178, 1177, 1174, 1152, 1116
1341:  1219, 1208, 1168, 1111, 1083
1342:  1090, 1086, 1085
1344:  1237, 1219, 1135, 1134
1346:  1237, 1161, 1153, 1090
1347:  1276, 1275, 1270, 1256, 1218, 1213, 1176, 1161, 1134, 1111
1352:  1182, 1152, 1142, 1083
1353:  1196, 1182, 1099
1355:  1272, 1248, 1238, 1162
1356:  1232, 1219, 1099
1357:  1214, 1174, 1164, 1142, 1131, 1116
1361:  1247, 1218, 1168, 1158, 1153, 1134
1363:  1237, 1182, 1174, 1119
1364:  1244, 1243, 1162
1368:  1096, 1091, 1086
1374:  1258, 1257, 1238, 1162
1375:  1232, 1208, 1207, 1099
1380:  1104, 1103, 1100, 1093, 1088, 1085
1382:  1105, 1097, 1096, 1092
1383:  1232, 1208, 1196, 1182
1385:  1237, 1224, 1164, 1090
1389:  1101, 1098, 1097, 1086
1392:  1102, 1094, 1086
1394:  1239, 1237, 1162
1401:  1278, 1263, 1239, 1085
1403:  1103, 1098, 1088, 1086
1408:  1105, 1101, 1097, 1091, 1089, 1087
1410:  1098, 1095, 1094, 1086
1412:  1282, 1273, 1267, 1253, 1238, 1215, 1172, 1162
1413:  1214, 1182, 1178, 1090
1417:  1237, 1235, 1213, 1177, 1172, 1158, 1131, 1083
1419:  1219, 1208, 1182
1421:  1100, 1099, 1090, 1088
1423:  1237, 1215, 1205, 1099
1426:  1247, 1219, 1176, 1090
1428:  1204, 1194, 1162
1429:  1238, 1235, 1205, 1162
1431:  1232, 1219, 1208, 1207
1435:  1232, 1207, 1196
1436:  1207, 1144
1437:  1232, 1208, 1182, 1121
1438:  1219, 1207, 1121
1439:  1208, 1196, 1121
1445:  1224, 1214, 1152, 1131, 1119, 1107
1455:  1282, 1273, 1258, 1257, 1243, 1145
1456:  1213, 1176, 1168, 1153, 1135, 1126
1457:  1232, 1196, 1144
1467:  1178, 1177, 1164, 1142, 1119, 1107
1471:  1273, 1258, 1244, 1203
1473:  1247, 1161, 1158, 1135, 1126, 1111
1478:  1239, 1235, 1215, 1205, 1172, 1143
1485:  1272, 1267, 1253, 1248, 1246, 1204
1486:  1272, 1253, 1194, 1171
1488:  1282, 1257, 1244, 1231
1491:  1267, 1248, 1197, 1194
1492:  1071, 1042, 1039, 1029
1493:  1296, 1292, 1288, 1287, 602
1494:  1295, 1290, 1288, 509
1495:  1290, 1287, 648
1496:  1290, 1289, 542
1497:  1289, 1287, 547
1498:  1293, 1289, 1288, 1286, 1053
1500:  1291, 1067
1501:  1075, 719, 712
1502:  1078, 719
1503:  1077, 718, 712
1504:  747, 724, 714, 712
1505:  761, 758, 712
1506:  772, 755, 715, 714
1507:  775, 758, 715, 712
1508:  1080, 777, 708
1509:  1309, 1082, 1043, 1037
1510:  1308, 1303, 1084, 1040, 1037
1511:  1305, 1142
1513:  1306, 1305, 1083, 1038, 1037
1514:  1224, 1041
1515:  1305, 1152
1516:  1152, 1039
1519:  1315, 1313, 1312, 1301, 1300, 1299, 1124, 1053
1520:  1325, 1320, 1308, 1140, 1046
1521:  1327, 1309, 1148, 1055, 1049
1523:  1327, 1309, 1228, 1054, 1052
1525:  1327, 1171, 1050
1526:  1152, 1068
1528:  1305, 1131, 1061
1529:  1224, 1065
1530:  1323, 1305, 1107, 1044
1531:  1321, 1304, 1189, 1067, 1062, 1052
1532:  1324, 1323, 1306, 1180, 1052, 1048
1533:  1323, 1322, 1306, 1124, 1055, 1051
1534:  1318, 1307, 1124, 1058, 1055, 1053
1535:  1325, 1319, 1303, 1226, 1055, 1047
1537:  1324, 1305, 1177, 1066
1538:  1324, 1322, 1305, 1116, 1045
1539:  1320, 1319, 1303, 1189, 1056, 1052
1541:  1319, 1308, 1128, 1057
1542:  1197, 1040, 1038
1543:  1203, 1043, 1038
1544:  1157, 1043, 1040, 1038, 1037
1545:  1152, 1059, 1042
1546:  1144, 1043, 1040
1547:  1339, 1336, 1335, 1334, 1333, 1331, 1330
1551:  1435, 1431, 1419, 1383
1553:  1467, 1445, 1417, 1413, 1385, 1363, 1357, 1352, 1340, 1338
1555:  1439, 1437, 1419, 1383, 1356, 1353, 1352, 1341, 1334
1556:  1478, 1429, 1423, 1417, 1412, 1394, 1334
1559:  1426, 1423, 1421, 1385, 1356, 1344
1562:  1457, 1437, 1435, 1383, 1375, 1353, 1333
1563:  1488, 1471, 1455, 1412, 1374, 1364, 1339
1565:  1419, 1394, 1363, 1344
1566:  1457, 1439, 1438, 1436, 1435, 1431, 1375, 1356, 1333
1578:  1394, 1374, 1355, 1334
1579:  1410, 1389, 1342, 1334
1583:  1401, 1394, 1342
1587:  1403, 1392, 1389, 1336
1588:  1438, 1437, 1431, 1419, 1375, 1341, 1334
1589:  1423, 1421, 1413, 1363, 1353, 1346
1591:  1410, 1392, 1336, 1332
1592:  1410, 1403, 1368, 1331
1593:  1421, 1403, 1380, 1342, 1338, 1334, 1332
1595:  1392, 1368, 1342
1605:  1408, 1389, 1382, 1368, 1337, 1332, 1331
1609:  1394, 1385, 1346, 1342
1612:  1419, 1342
1613:  1426, 1419, 1413, 1342
1614:  1429, 1428, 1374, 1335
1619:  1491, 1486, 1485, 1428, 1412, 1355, 1335
1621:  1428, 1394, 1364
1624:  1473, 1456, 1426, 1417, 1361, 1347, 1346, 1344, 1341, 1338
1627:  1419, 1394
1633:  1429, 1364, 1355, 1339
1648:  1498, 1497, 1496, 1495, 1494, 1493, 919
1649:  1492, 1322, 1299, 709
1650:  1492, 1306, 1301, 709
1652:  1492, 1323, 1314, 1312, 1297
1653:  1508, 1329, 1079, 1034
1654:  1081, 1080, 1030
1655:  1516, 1514, 1340, 1299
1656:  1515, 1513, 1511, 1352
1659:  1538, 1533, 1532, 1530, 1513, 1338, 1298
1661:  1538, 1528, 1511, 1357
1662:  1529, 1514, 1385, 1300
1663:  1541, 1539, 1535, 1520, 1510, 1337, 1298
1664:  1538, 1537, 1515, 1340
1665:  1525, 1523, 1521, 1509, 1336, 1298
1668:  1526, 1516, 1352, 1301
1669:  1546, 1436
1671:  1332, 1309, 1307, 1304
1673:  1526, 1514, 1445, 1313
1677:  1537, 1528, 1513, 1417, 1311
1681:  1529, 1526, 1340, 1315
1682:  1537, 1530, 1511, 1467
1683:  1530, 1528, 1515, 1445
1684:  1529, 1516, 1445, 1312
1685:  1542, 1491, 1311
1686:  1332, 1327, 1321, 1318
1689:  1543, 1471, 1311
1690:  1545, 1445, 1317, 1314
1693:  1078, 1075
1694:  1082, 1077, 1076
1697:  1588, 1566, 1562, 1555, 1551, 1547
1699:  1627, 1612, 1609, 1579, 1578, 1555
1701:  1605, 1595, 1593, 1592, 1591, 1587, 1579, 1547
1710:  1633, 1621, 1619, 1614, 1578, 1563, 1556, 1547
1720:  1621, 1609, 1595, 1583
1727:  1627, 1621, 1565, 1551
1728:  1624, 1613, 1609, 1593, 1589, 1565, 1559, 1556, 1555, 1553
1730:  1613, 1612, 1595, 1551
1744:  1612, 1593, 1588, 1583, 1578, 1565
1746:  1627, 1613, 1588, 1583, 1579, 1556
1747:  1526, 1516, 1028
1748:  1529, 1514, 1027
1749:  1545, 1516, 1515, 1492
1750:  1652, 1650, 1649, 1533, 1519, 1033
1751:  1224, 1031
1752:  1526, 1032
1753:  1654, 1329, 1328, 1294
1755:  1671, 1591, 1509
1756:  1684, 1681, 1673, 1668, 1662, 1655, 1553, 1519
1757:  1683, 1682, 1677, 1664, 1661, 1659, 1656, 1553
1762:  1686, 1591, 1525
1763:  1686, 1671, 1605, 1531, 1523
1765:  1686, 1671, 1593, 1534, 1521
1767:  1547, 1546, 1544, 1543, 1542, 1513, 1510, 1509
1772:  1746, 1744, 1730, 1728, 1727, 1720, 1710, 1701, 1699, 1697
1783:  1748, 1747, 1681, 1655, 1286
1784:  1751, 1385, 1287
1785:  1356, 1290
1786:  1752, 1747, 1668, 1288
1787:  1748, 1662, 1289
1789:  1749, 1664, 1655, 1649
1790:  1749, 1668, 1656, 1650
1791:  1686, 1671, 1291, 1286
1792:  1439, 1295
1793:  1752, 1751, 1340, 1296
1794:  1436
1795:  1748, 1747, 1684, 1673, 1293
1796:  1752, 1751, 1445, 1292
1797:  1749, 1690, 1684, 1683, 1652
1798:  1693, 1502, 1501
1799:  1693, 765
1800:  1694, 1509, 1503
1801:  1534, 1519, 1505, 1504, 1501
1802:  1502, 1275, 1053, 713
1803:  1525, 1506
1804:  1534, 1533, 1507, 1506, 1504, 1503
1805:  1539, 1531, 1506, 1503
1808:  1765, 1763, 1762, 1755, 1701, 1665
1811:  1767, 1697, 1669, 1656
1815:  1767, 1701, 1665, 1663, 1659
1816:  1767, 1710, 1689, 1685, 1677
1819:  1752, 1747
1820:  1751, 1514
1821:  1751, 1529
1822:  1752
1824:  1791, 1762, 1755
1826:  1787, 1785, 1559, 1496
1827:  1795, 1787, 1786, 1783, 1756, 1498
1828:  1785, 1784, 1559, 1495
1829:  1796, 1793, 1786, 1784, 1553, 1493
1830:  1787, 1784, 1609, 1497
1831:  1792, 1786, 1785, 1555, 1494
1834:  1797, 1790, 1789, 1757, 1756, 1750
1835:  1565, 1495
1836:  1791, 1765, 1498
1837:  1791, 1763, 1500
1838:  1295, 736, 713
1839:  1504, 1288
1840:  1654, 1329
1842:  1803, 1486, 1035
1852:  1816, 1815, 1811, 1772, 1757
1853:  1820, 1819, 1793, 1655
1854:  1822, 1819, 1786
1855:  1821, 1820, 1784, 1662
1856:  1821, 1819, 1796, 1684
1857:  1822, 1821, 1793, 1681
1858:  1822, 1820, 1796, 1673
1859:  1794, 1669
1860:  1799, 1798, 1286
1861:  1296, 714, 713
1864:  1831, 1830, 1829, 1828, 1827, 1826, 1728, 1648
1865:  1835, 1727
1867:  1837, 1836, 1824, 1808
1868:  1836, 1835, 1728, 1648
1869:  1836, 1835, 1744
1873:  1839, 1838, 1494, 1045, 1035
1874:  1822, 1819
1875:  1821, 1820, 1748
1876:  1822, 1515
1877:  1822, 1545
1880:  1858, 1857, 1856, 1855, 1854, 1853, 1829, 1756
1883:  1861, 1035, 696
1884:  1869, 1868, 1867, 1865, 1772
1890:  1875, 1874, 1857, 1853, 1783
1891:  1785
1892:  1874, 1854
1893:  1875, 1855, 1787
1895:  1876, 1854, 1656
1896:  1792
1897:  1875, 1874, 1858, 1856, 1795
1898:  1794
1899:  1876, 1858, 1683
1900:  1877, 1858, 1690
1901:  1876, 1857, 1664
1902:  1815, 1808, 1805, 1804, 1803, 1800
1904:  1877, 1876, 1874, 1749
1906:  1840, 1753, 1653
1908:  1898, 1896, 1891, 1566
1909:  1893, 1891, 1828, 1826
1910:  1897, 1893, 1892, 1890, 1880, 1827
1911:  1896, 1892, 1891, 1831
1912:  1893, 1830
1914:  1901, 1899, 1895, 1880, 1757
1917:  1904, 1895, 1892, 1790
1918:  1904, 1901, 1890, 1789
1919:  1898, 1859
1920:  1904, 1900, 1899, 1897, 1797
1921:  1911, 1908, 1697
1923:  1912, 1911, 1910, 1909, 1864
1926:  1912, 1720
1928:  1912, 1911, 1699
1929:  1920, 1918, 1917, 1914, 1910, 1834
1931:  1928, 1926, 1923, 1921, 1772
1937:  1921, 1919, 1917, 1811
1938:  1902, 1867, 1839
1940:  1868, 1864, 1861, 1860, 1802, 1801
1942:  1937, 1931, 1929, 1852
1945:  1938, 1884, 1873, 1852, 1842
1949:  1940, 1923, 1839, 1838
1951:  1949, 1931, 1884, 1883
1953:  1951, 1945, 1942, 1906
