S12: 301
1:  
5:  
8:  
11:  5, 1
12:  1
13:  5
14:  1
15:  5
17:  
19:  5, 1
22:  8
27:  5
28:  15, 14, 13, 12, 11
29:  1
30:  5
35:  17
36:  17
38:  19, 13, 12
39:  19, 11
41:  17
42:  19, 15, 14
44:  13, 8
45:  14
49:  27, 22, 13
50:  30, 15
51:  29, 14
52:  30, 13
53:  30, 29, 11
54:  29, 12
59:  
61:  
64:  
66:  8
72:  17, 5
73:  17, 1
78:  41, 36, 35
79:  41, 39
80:  39
81:  42, 39, 38, 28
82:  41
83:  45, 44, 28
86:  54, 53, 52, 51, 50, 28
88:  59
92:  61
93:  
94:  29
96:  64
98:  30
99:  29
100:  66, 22
102:  30, 27
104:  29
105:  29
107:  30
110:  66, 59
111:  66, 59
114:  64, 61
115:  64, 61
116:  72, 35, 15
118:  73, 36, 12
119:  73, 72, 41, 11
120:  72, 36, 13
121:  73, 35, 14
124:  27, 11
125:  82, 81, 80, 79, 78
127:  66, 49, 44
129:  59
131:  73, 72, 19
134:  105, 51
135:  107, 50
137:  111, 110, 100, 88
140:  115, 114, 96, 92
141:  94, 92, 51
142:  99, 88, 51
143:  104, 93, 51
145:  107, 52
146:  102, 88, 50
147:  98, 96, 52
148:  102, 100, 52, 49
149:  98, 92, 50
150:  98, 94, 53
151:  96, 94, 54
152:  100, 99, 54
153:  102, 99, 53
154:  105, 54
155:  107, 105, 53
156:  121, 120, 119, 118, 116, 78, 28
159:  107, 105, 19
160:  17
165:  129, 127, 110
167:  131, 121, 116, 42
169:  131, 120, 118, 38
170:  131, 119, 39
175:  116
177:  118, 8
178:  118
185:  151, 150, 149, 147, 141, 140, 86
186:  153, 152, 148, 146, 142, 137, 86
188:  93, 92, 88
189:  105, 104, 99, 94
190:  100, 96
192:  107, 102, 98
193:  155, 154, 145, 135, 134, 86
196:  159, 154, 145, 38
197:  159, 155, 39
198:  160, 41
200:  160, 35
201:  160, 36
204:  148, 127
205:  142, 129, 45
207:  
208:  159, 135, 134, 42
209:  170, 82, 80
211:  170, 79
213:  178, 175, 156
217:  170, 169, 167, 156, 81
218:  12, 8
221:  192, 189, 155, 153, 150
222:  189, 188, 143, 142, 141, 134
223:  192, 190, 148, 147, 145
224:  192, 188, 149, 146, 135
225:  190, 189, 154, 152, 151
227:  190, 188, 140, 137
231:  175, 167, 45
233:  178, 177, 169, 44
235:  201, 200, 198, 78
237:  198, 197, 79
238:  197, 80
239:  205, 204, 186, 165, 83
240:  208, 197, 196, 193, 81
241:  198, 82
245:  211
246:  
247:  211
248:  217, 211, 209, 125
250:  227, 225, 224, 223, 222, 221, 193, 186, 185
251:  204
253:  205
254:  207
255:  188
256:  192, 155, 124
258:  233, 231, 217, 213, 83
260:  241, 240, 238, 237, 235, 125
261:  246
262:  246
263:  246, 245
264:  245
267:  248, 247, 245
268:  253, 251, 239
270:  256, 255, 224, 193
273:  253
274:  267, 264, 263, 262, 261
276:  254, 251
278:  160, 79
280:  261
281:  267, 258
283:  276, 273, 268
286:  255, 241, 227
287:  256, 238, 221
288:  278, 200, 125
289:  281, 280, 274
291:  276, 223
292:  273, 222
293:  287, 286, 270, 260, 250
294:  292, 291, 283, 250
298:  278, 263, 237
299:  298, 288, 274, 260
301:  299, 294, 293, 289, 218

A12: 300
2:  
3:  
4:  
6:  4
7:  
9:  
10:  3, 2
16:  3
18:  3, 2
20:  4, 2
21:  9, 3
23:  9, 7
24:  9, 7, 3
25:  7, 2
26:  6, 2
31:  
32:  4
33:  4
34:  
37:  18, 16, 10
40:  
43:  20, 10
46:  
47:  
48:  25, 24, 23, 21, 10
55:  31
56:  32, 7, 6
57:  
58:  7
60:  31, 7
62:  31
63:  31
65:  31, 9
67:  32
68:  32, 9
69:  9
70:  18, 16
71:  16
74:  9
75:  7
76:  33, 6
77:  40, 37, 34
84:  47, 46
85:  32, 26, 20
87:  58, 25
89:  60, 55, 25
90:  56, 26, 25
91:  57, 25
95:  63, 62, 55
97:  65, 55, 21
101:  68, 67, 56, 23
103:  68, 56, 24, 21
106:  69, 21
108:  69, 58, 24
109:  69, 58, 23
112:  65, 63, 60, 24
113:  65, 62, 60, 23
117:  71, 70, 37
122:  47
123:  75, 74, 24, 10
126:  69, 58
128:  85, 67
130:  71, 70
132:  71, 4
133:  71
136:  109, 108, 106, 87, 48
138:  113, 112, 97, 95, 89, 48
139:  103, 101, 90, 48
144:  57, 56, 55
157:  122, 84
158:  126, 106, 87, 18
161:  126, 108, 16
162:  
163:  126, 109
164:  90, 85
166:  
168:  130, 117
171:  40
172:  34
173:  46
174:  47
176:  133, 117
179:  33, 3
180:  75, 40, 23
181:  47
182:  46
183:  74, 34, 23
184:  144, 101, 95
187:  144, 91, 90, 89, 87
191:  144, 106, 103, 97
194:  133, 132, 130, 20
195:  163, 161, 158, 136, 37
199:  162, 40
202:  163, 162, 34
203:  163, 162
206:  164, 139, 128, 43
210:  172, 171, 168, 77
212:  174, 173, 84
214:  174, 172, 171
215:  173
216:  173, 172
219:  183, 180, 123, 77, 48
220:  182, 181, 84
226:  191, 187, 184, 139, 138, 136
228:  166
229:  164
230:  144, 76, 75
232:  174, 122
234:  194, 176, 168, 43
236:  203, 202, 199, 195, 77
242:  214, 210
243:  216, 215, 214, 212
244:  215
249:  215, 214
252:  229, 206
257:  230, 191, 136, 123
259:  232, 212, 157
265:  229, 228
266:  249, 244, 243, 242
269:  126, 75, 74
271:  242, 234, 232
272:  181, 84
275:  265, 252
277:  230, 199, 184, 180
279:  269, 161, 123, 77
282:  271, 266, 259
284:  265, 187
285:  277, 257, 236, 226, 219
290:  284, 275, 226
295:  220, 157, 123, 112, 43, 272, 179
296:  269, 249, 203, 183, 182, 181, 180
297:  296, 279, 266, 236, 220, 219
300:  297, 290, 285, 282, 295
