S18: 983
1:  
2:  
3:  
4:  
5:  
6:  3, 2
9:  3
10:  
11:  4, 3
12:  4, 2
13:  5, 1
14:  1
15:  2
16:  1
17:  3, 2
18:  5
19:  5
20:  3
21:  4
22:  4, 3
23:  4, 3
24:  3
25:  2
26:  1
27:  12, 10
28:  
29:  12, 11, 9, 6
30:  3
32:  3
34:  10, 9
35:  10
36:  9
39:  5
40:  4
41:  21, 15, 12
42:  20, 15, 6
43:  17, 6
45:  18, 14, 13
46:  23, 17, 11, 6
50:  19, 16, 13
51:  24, 21, 11
52:  24, 15, 6
53:  23, 11
55:  24, 20, 9
56:  22, 11
57:  21, 20, 11
58:  23, 17, 12, 9
59:  28, 27
60:  32, 25, 6
61:  30, 25, 6
63:  36, 34, 29, 27
64:  35, 27
65:  40, 32, 11
66:  40, 25, 12
67:  39, 26, 13
68:  36, 28
69:  32, 30, 9
70:  40, 30, 11
71:  36, 35
73:  35, 28
74:  19, 16
75:  15, 14
76:  20, 17
77:  17, 15
78:  23, 21
79:  23, 17
80:  19, 16
81:  23, 22, 17
82:  16
83:  19, 18
84:  16, 14
85:  20
86:  24
87:  19
88:  21, 18
89:  24, 23
91:  25, 15
92:  26, 14
93:  43
94:  57, 55, 52, 51, 42, 41, 29
96:  58, 53, 46, 43, 29
97:  40, 21
98:  39, 18
102:  32, 20
103:  53
104:  53
105:  56
106:  43
107:  30, 24
109:  25
110:  73, 71, 68, 64, 63, 59
111:  70, 69, 66, 65, 61, 60, 29
112:  3
114:  32, 30
116:  40
118:  81, 56, 46
119:  86, 75, 52
120:  79, 53, 46, 43
121:  78, 77, 58, 41
122:  84, 83, 50, 45
124:  77, 76, 43, 42
125:  85, 75, 42
126:  78, 76, 57, 46
128:  10
129:  88, 86, 51
130:  
132:  87, 82, 50
133:  89, 78, 53, 51
134:  88, 75, 45, 41
135:  89, 77, 52, 46
136:  86, 85, 55
137:  88, 85, 57
138:  79, 58
139:  89, 76, 58, 55
140:  74, 50
144:  30, 6
146:  40, 11
147:  98, 92, 67, 45
148:  102, 91, 60, 42
149:  97, 91, 66, 41
150:  106, 104, 103, 96, 93
151:  64, 41
152:  107, 97, 70, 51
153:  102, 97, 65, 57
155:  107, 102, 69, 55
156:  107, 91, 61, 52
157:  68, 55
158:  84, 83, 80, 74
159:  82
160:  84, 82
161:  81, 79, 78, 77
162:  85, 76
163:  84, 77, 75
164:  77, 76
165:  89, 78
166:  87, 82, 80, 74
167:  89, 86
168:  89, 81, 79, 76
169:  88, 83, 78
170:  87, 82
171:  87, 83
172:  87
173:  89, 82
174:  87, 76
175:  112, 109, 6
176:  114, 109, 61, 60
179:  112, 9
181:  114, 69
183:  116, 109, 66
184:  10
185:  116, 112, 11
187:  116, 114, 70, 65
188:  92, 91, 75
189:  120, 103, 93
190:  128
191:  139, 135, 133, 126, 124, 121, 96, 94
192:  138, 128, 27
193:  138, 120, 96
194:  137, 136, 134, 129, 125, 119, 94
196:  28
197:  85
199:  75
200:  102, 85
201:  75
202:  85
205:  75
207:  85
208:  107, 86
210:  120, 106, 104
211:  140, 130
212:  128, 35
213:  138, 128
214:  138, 36
215:  118, 105
216:  138, 128, 34
217:  88
218:  
219:  
220:  86
221:  88
223:  86
226:  98, 97, 88
227:  146, 144, 70, 29
228:  156, 155, 153, 152, 149, 148, 111, 94
229:  157, 151, 110, 94
230:  161, 138, 121
231:  128
232:  171, 160, 132, 122
233:  158, 140, 122
234:  164, 124
235:  130
236:  165, 164, 139, 121
237:  169, 162, 137, 126
238:  163, 162, 125, 124
239:  168, 161, 133, 124, 120
241:  167, 163, 135, 119
244:  168, 161, 135, 126, 120, 118
245:  170, 132
246:  
247:  130
248:  168, 139, 138
249:  174, 173, 139, 132
250:  165, 164, 135, 126
251:  128
252:  172, 159, 132
253:  166, 140, 132
254:  165, 133
255:  167, 162, 139, 136
256:  169, 167, 133, 129
257:  169, 163, 134, 122, 121
259:  
260:  13
263:  109
264:  1
265:  184, 183, 27
266:  187, 183, 181, 176, 111
267:  185, 183, 179, 175, 29
270:  112, 30
271:  112, 32
272:  184, 181, 34
273:  181, 179, 36
274:  184, 179, 34
277:  5
279:  116
281:  196, 192, 59
282:  200, 188, 148, 125
283:  199, 197, 125
284:  208, 188, 156, 119
285:  207, 205, 125
286:  202, 201, 125
287:  216, 213, 193, 190
288:  196
289:  210, 193, 189, 150
290:  216, 212, 192, 190
291:  214, 213, 212, 192
292:  216, 214, 193, 192, 63
293:  212, 192, 64
294:  214, 192
296:  190
297:  196, 192
298:  214
299:  208, 200, 155, 136
300:  221, 220, 129
301:  221, 205, 134
302:  214, 212, 71
303:  223, 202, 136
304:  214, 196
305:  220, 205, 119
306:  212, 196
307:  212, 196, 73
308:  226, 188, 149, 147, 134
309:  212
310:  226, 200, 153, 137
312:  217, 202, 137
313:  217, 201, 134
314:  221, 207, 137
315:  219, 218
317:  226, 208, 152, 129
318:  214, 196, 68
319:  223, 217, 129
320:  220, 207, 136
321:  223, 201, 119
323:  164, 163, 160
324:  171, 166, 160, 158
325:  160, 159
326:  171, 170, 160
327:  164, 162
328:  168, 165, 164, 161
329:  167, 165
330:  173, 165, 160
331:  174, 171, 164
332:  172, 171
333:  171, 169, 165
336:  207, 162, 25
337:  159, 26
338:  235, 233, 211
339:  234, 93
340:  231, 230, 213
341:  257, 256, 255, 241, 238, 237, 194, 191
342:  254, 250, 236, 234, 191
343:  248, 244, 239, 230, 193, 191
345:  251, 231, 190
346:  221, 169, 30
347:  205, 163, 32
350:  254, 104
351:  254, 103
352:  259, 245
353:  253, 247, 211
354:  234, 106
355:  248, 231, 216
356:  251, 230, 216
357:  251, 248, 213
360:  220, 167, 40
361:  172, 39
362:  144, 93, 61
364:  146, 104, 65
365:  146, 105, 65
366:  271, 263, 175, 60
367:  270, 263, 175, 61
370:  274, 273, 272, 267, 266, 265, 63
371:  271, 270, 179, 69
372:  279, 263, 183
374:  279, 270, 185, 70
375:  277, 264, 13
376:  279, 271, 185, 65
379:  292, 291, 290, 287
380:  294, 293, 291
381:  297, 291, 288, 281
382:  309, 302, 298, 291
383:  306, 304, 302, 294, 290, 281
385:  318, 304, 298, 297, 294, 292
386:  309, 307, 306, 297, 293, 290
387:  288
388:  296, 289, 287
389:  288
390:  287
391:  307, 304, 291, 288
392:  288
393:  318, 307, 302, 293, 292, 281, 110
394:  320, 314, 305, 301, 300, 285, 194
395:  318, 306, 291, 288
396:  317, 310, 308, 299, 284, 282, 228, 194
397:  321, 319, 313, 312, 303, 286, 194
398:  291, 288
400:  205, 201, 199, 188
401:  207, 202, 200, 197
402:  226, 221, 217
405:  223, 220, 208
406:  329, 323, 250, 241
407:  332, 325, 252, 232
408:  327, 323, 238, 234
409:  328, 254, 239, 234
410:  251, 231
411:  329, 327, 255, 236
413:  324, 253, 233, 232
414:  328, 248, 236, 230
415:  247, 235
416:  331, 330, 249, 236, 232
417:  326, 245, 232
420:  246
422:  333, 323, 257, 236, 232
423:  259
424:  333, 327, 250, 237
425:  328, 250, 244
426:  333, 329, 256, 254
427:  260, 45
428:  263, 15
429:  264, 14
432:  270, 20
434:  277, 18
435:  279, 21
436:  271, 24
438:  346, 336, 314, 237, 61
439:  347, 336, 285, 238, 60
440:  357, 356, 355, 345, 343, 340, 287
441:  354, 351, 350, 342, 339, 150
442:  293, 230, 151
443:  294, 231
444:  360, 336, 320, 255, 66
445:  360, 346, 300, 256, 70
446:  347, 346, 301, 257, 69
447:  361, 337, 252, 67
449:  360, 347, 305, 241, 65
450:  306, 251
451:  318, 248, 157
452:  364, 362, 227, 150, 111
453:  327, 325, 323
454:  332, 331, 326, 324, 323
455:  330, 329, 328, 323
456:  333, 331, 328, 327
457:  333, 330, 326, 325, 324
458:  333, 332, 329
459:  263
460:  264, 26
461:  376, 374, 372, 371, 367, 366, 267, 111
462:  271, 270, 114
464:  279
465:  277, 39
468:  
469:  398, 389, 382, 381
471:  395, 393, 391, 386, 385, 383, 382, 381, 380, 379
472:  401, 400, 286, 285, 283, 282
474:  398, 391, 387, 379
475:  382
476:  389
478:  395, 392, 391, 389, 387, 381
479:  392
480:  398, 395, 392, 380
481:  390, 388, 379
482:  387
484:  405, 402, 319, 317, 300
485:  402, 400, 313, 308, 301
486:  402, 401, 314, 312, 310
487:  405, 400, 321, 305, 284
488:  405, 401, 320, 303, 299
489:  337, 325, 92
490:  336, 327, 91
491:  415, 413, 353, 338
492:  409, 351, 339, 189
493:  414, 410, 357, 340
494:  426, 424, 422, 411, 408, 406, 342, 341
495:  425, 414, 409, 343, 342
498:  410, 345
501:  360, 329, 97
503:  347, 323, 102
504:  361, 332, 98
505:  423, 417, 352
506:  425, 189
507:  409, 354, 350, 210
508:  414, 410, 356, 355
509:  425, 215, 210
511:  346, 333, 107
512:  434, 429, 375, 45
513:  432, 428, 367, 42
514:  435, 428, 372, 41
517:  436, 432, 371, 55
518:  435, 432, 374, 57
519:  436, 435, 376, 51
521:  436, 428, 366, 52
522:  443, 442, 380, 340
523:  449, 446, 445, 444, 439, 438, 394, 341, 111
524:  450, 443, 383, 345
525:  451, 450, 395, 357
526:  451, 442, 393, 343, 229
527:  450, 442, 386, 356
528:  451, 443, 385, 355
529:  458, 453, 424, 406
531:  455, 425, 406
532:  453, 408
534:  456, 455, 426, 409, 408
536:  456, 455, 422, 416, 414, 411
539:  458, 426
540:  457, 454, 422, 417, 416, 413, 407
541:  456, 425, 424
542:  458, 453, 422, 411, 407
544:  462, 459, 367, 366, 176
546:  464, 462, 376, 374, 187
547:  184
548:  465, 460, 375, 67
550:  462, 371, 181
551:  464, 459, 372
552:  429, 428, 75
553:  469
554:  480, 478, 474, 471, 469
555:  482, 481, 474
556:  488, 487, 486, 485, 484, 472, 397, 396, 394
557:  479
558:  474
560:  480, 479
561:  476, 475, 469
563:  480, 479
564:  436, 86
567:  432, 85
568:  435, 434, 88
570:  504, 489, 447, 407, 147
571:  503, 490, 439, 408, 148
572:  501, 490, 444, 411, 149
573:  508, 498, 495, 493, 440
574:  507, 495, 492, 441, 289
575:  498, 296
576:  498, 296
577:  509, 506, 495, 289
579:  511, 503, 446, 422, 155
581:  511, 501, 445, 426, 152
582:  503, 501, 449, 406, 153
583:  511, 490, 438, 424, 156
584:  458, 457, 456, 455, 454, 453
585:  459, 428, 91
586:  460, 429, 92
587:  521, 519, 518, 517, 514, 513, 461, 94
589:  462, 432, 102
590:  464, 435, 97
592:  465, 434, 98
594:  462, 436, 107
597:  528, 527, 526, 525, 524, 522, 471, 440
598:  490, 489, 453, 188
599:  532, 339
600:  531, 506
601:  542, 539, 532, 529, 494
603:  541, 536, 534, 531, 495, 494
605:  511, 458, 208
608:  503, 453, 200
609:  453, 202, 201
611:  453, 199, 197
612:  539, 350
613:  531, 509
614:  541, 506
615:  532, 354
616:  539, 351
617:  541, 509
619:  458, 223, 217
620:  504, 501, 458, 226
621:  219, 218
623:  551, 550, 546, 544, 461, 266
624:  28
625:  551, 547, 265
626:  550, 273
627:  550, 547, 274, 272
629:  547, 35
631:  567, 552, 513, 125
632:  564, 552, 521, 119
634:  557
635:  563, 560, 557, 554
636:  561, 554, 553
638:  558, 555, 554
639:  557
640:  568, 564, 519, 129
642:  567, 564, 517, 136
643:  568, 567, 518, 137
644:  568, 552, 514, 512, 134
648:  577, 576, 575, 574, 573, 388
649:  583, 582, 581, 579, 572, 571, 523, 494, 228
650:  584, 539, 534, 532
653:  584, 541, 531, 529
654:  584, 542, 540, 536
655:  423, 420, 415, 410
656:  592, 586, 548, 512, 147
657:  589, 585, 544, 513, 148
658:  590, 585, 551, 514, 149
660:  594, 589, 550, 517, 155
661:  590, 589, 546, 518, 153
662:  594, 585, 544, 521, 156
663:  594, 590, 546, 519, 152
664:  501, 406, 146
666:  511, 424, 144
667:  560, 522
668:  560, 525
669:  609, 532, 286
670:  611, 532, 283
672:  605, 598, 583, 529, 284
673:  608, 598, 571, 532, 282
674:  617, 614, 613, 603, 600, 577
675:  616, 615, 612, 601, 599, 441
676:  619, 539, 319
677:  620, 598, 572, 570, 542, 308
678:  621, 315
680:  608, 605, 579, 542, 299
683:  619, 609, 529, 321, 312
684:  620, 605, 581, 539, 317
685:  620, 608, 582, 529, 310
686:  619, 609, 542, 313, 303
689:  625, 624, 59
690:  629, 625, 64
691:  627, 626, 625, 623, 370
693:  626, 624, 68
694:  629, 626, 71
695:  629, 624, 73
696:  586, 585, 552, 188
697:  639, 638, 636, 635, 634
698:  644, 643, 642, 640, 632, 631, 587, 194
699:  552, 199
700:  552, 201
702:  567, 197
704:  594, 564, 208
705:  552, 205
707:  567, 202
708:  567, 207
710:  589, 567, 200
714:  568, 217
716:  564, 220
717:  592, 590, 568, 226
720:  564, 223
721:  568, 221
724:  653, 614, 600
725:  650, 616, 599, 492
726:  654, 653, 650, 603, 601
727:  655, 498
730:  655, 654, 508, 505
731:  653, 617, 613
732:  650, 615, 612, 507
733:  655, 654, 493, 491
734:  663, 662, 661, 660, 658, 657, 623, 587, 228
736:  666, 664, 581, 494, 227
737:  668, 667, 635, 597
738:  669, 599
739:  686, 683, 676, 669, 601, 397
740:  685, 684, 680, 677, 673, 672, 649, 601, 396
742:  611, 609, 608, 598, 401, 400
744:  
745:  609
747:  609
748:  
749:  676, 616
750:  676, 612
751:  669, 615
752:  678, 670, 615
757:  621
758:  
759:  620, 619, 605, 405, 402
761:  619
762:  619
763:  695, 694, 693, 691, 690, 689, 110
764:  704, 696, 662, 632, 284
765:  708, 705, 631, 285
766:  710, 696, 657, 631, 282
767:  702, 699, 631, 283
768:  707, 700, 631, 286
769:  716, 705, 632, 305
770:  720, 707, 642, 303
772:  717, 696, 658, 656, 644, 308
773:  720, 714, 640, 319
774:  710, 704, 660, 642, 299
775:  717, 710, 661, 643, 310
778:  717, 704, 663, 640, 317
779:  721, 708, 643, 314
780:  721, 716, 640, 300
781:  721, 705, 644, 301
782:  720, 700, 632, 321
783:  716, 708, 642, 320
784:  714, 700, 644, 313
785:  714, 707, 643, 312
787:  666, 605, 529
789:  664, 620, 529
792:  668, 667, 493
793:  727, 576
794:  727, 575
796:  733, 730, 727, 726, 573
797:  731, 726, 724, 674
798:  732, 726, 725, 675, 574
799:  690, 658, 151
800:  693, 660, 157
804:  747, 669
805:  748
806:  745, 669
807:  742, 673, 670, 669, 472
809:  744
811:  751, 750, 749, 739, 738, 675
813:  669
814:  
815:  762, 676
816:  758
817:  757, 748
819:  759, 742, 686, 680, 677, 488, 485
820:  759, 684, 676, 484
822:  757, 748
823:  758, 744
825:  762, 747, 683
826:  757, 678
827:  761, 676
828:  759, 742, 685, 683, 672, 487, 486
831:  761, 745, 683
832:  761, 745, 686
833:  758, 744
834:  762, 747, 686
835:  778, 775, 774, 772, 766, 764, 734, 698, 396
836:  785, 784, 782, 773, 770, 768, 698, 397
837:  783, 781, 780, 779, 769, 765, 698, 394
839:  705, 700, 699, 696, 400
840:  710, 708, 707, 702, 401
841:  720, 716, 704, 405
842:  721, 717, 714, 402
845:  789, 787, 736, 684, 601
847:  666, 614, 583, 362
848:  664, 613, 582, 365, 364
850:  792, 737, 573
852:  798, 797, 796, 794, 793, 648
853:  761, 745, 584
854:  800, 799, 763, 734, 229
855:  548, 260
857:  806, 738
858:  807, 805, 738
859:  814, 813, 738
860:  809, 804, 738
862:  833, 823, 816, 809
863:  826, 822, 817, 805
864:  834, 825, 815, 804, 739
865:  828, 820, 819, 807, 740, 739, 556
868:  832, 831, 827, 806, 739
869:  826, 820, 750
870:  816, 815, 750
871:  826, 807, 752, 751
872:  816, 804, 751
873:  820, 805, 749
874:  827, 749
875:  806, 751
876:  827, 750
877:  815, 809, 749
879:  840, 839, 768, 767, 766, 765, 472
880:  841, 840, 783, 774, 770, 488
881:  842, 839, 784, 781, 772, 485
882:  841, 839, 782, 769, 764, 487
884:  842, 841, 780, 778, 773, 484
885:  842, 840, 785, 779, 775, 486
886:  848, 847, 736, 674, 649, 452
887:  303, 157
888:  427, 313, 151
889:  850, 697, 648
891:  853, 827, 806, 650
893:  655
894:  853, 832, 654
896:  853, 831, 653
897:  260, 211
898:  847, 787, 724, 672
899:  848, 789, 731, 685
901:  873, 871, 869, 865, 863, 858, 811
902:  877, 872, 870, 864, 862, 860, 811
903:  876, 875, 874, 868, 857, 811
904:  813, 807, 806, 804
905:  814, 809, 805
907:  827, 820, 815
909:  826, 816
912:  885, 884, 882, 881, 880, 879, 837, 836, 835, 556
913:  888, 887, 397, 229
914:  855, 656, 427
915:  891, 874, 857, 725
916:  893, 727
917:  896, 894, 891, 868, 726
920:  894, 893, 733
921:  891, 876, 875, 732
922:  896, 731
923:  896, 724
924:  894, 893, 730
925:  899, 898, 886, 845, 797, 740
926:  905, 904, 860, 859, 858, 857
928:  909, 904, 875, 872, 871
929:  907, 905, 877, 874, 873
930:  909, 905, 863, 862
931:  909, 907, 876, 870, 869
932:  907, 904, 868, 865, 864
933:  567, 286, 144
935:  568, 319, 146
937:  897, 427, 338
938:  897, 353
939:  923, 922, 917, 797
940:  916, 794
941:  916, 793
942:  921, 917, 915, 903, 798
944:  924, 920, 917, 916, 796
945:  932, 931, 930, 929, 928, 926, 903, 902, 901
946:  935, 933, 643, 397, 227
948:  905
950:  907, 868, 845
951:  944, 942, 941, 940, 939, 852
952:  938, 937, 491
953:  933, 708, 472
954:  935, 721, 484
956:  950, 948, 929, 903
958:  954, 953, 946, 779, 556
960:  948, 941, 930
961:  950, 939, 932, 925
962:  961, 960, 956, 951, 945
965:  887, 880, 800
966:  914, 888, 881, 799
968:  966, 965, 913, 912, 854
969:  933, 860, 768, 362
970:  935, 870, 773, 364
972:  970, 969, 946, 902, 836, 452
974:  969, 953, 926, 879
975:  970, 954, 931, 884
977:  975, 974, 972, 958, 945, 912
978:  952, 920, 888, 887, 792
980:  978, 944, 913, 850
981:  980, 951, 889
983:  981, 977, 968, 962, 468

A18: 982
7:  
8:  
31:  8
33:  8
37:  8
38:  7
44:  
47:  7
48:  8
49:  
54:  
62:  8
72:  37, 33, 31
90:  8
95:  54, 44
99:  48, 37
100:  48, 31
101:  47, 38
108:  48, 33
113:  62
115:  62, 33, 31
117:  62, 37
123:  54, 44
127:  48, 47
131:  49
141:  
142:  
143:  
145:  90, 31
154:  108, 100, 99, 72
177:  
178:  62
180:  117, 113
182:  117
186:  117, 115, 72
195:  123, 95
198:  141
203:  127, 108
204:  143
206:  142
209:  127, 100
222:  143
224:  143
225:  127, 101, 99
240:  44
242:  143, 8
243:  7
258:  54
261:  90, 44, 33
262:  90, 49, 33
268:  178, 113, 31
269:  178, 113, 33
275:  186, 182, 180
276:  178, 117
278:  177
280:  
295:  195
311:  224, 222, 204
316:  225, 209, 203, 154
322:  143, 141, 127
334:  178
335:  177
344:  258, 240, 95
348:  242, 204, 31
349:  242, 224, 33
358:  243, 38
359:  242, 222, 37
363:  261, 145, 95, 72
368:  177, 7
369:  178
373:  276, 269, 268, 180, 72
377:  
378:  280
384:  295
399:  322, 209, 204, 198
403:  322, 224, 203
404:  322, 225, 222
412:  258, 240, 123
418:  243, 47
419:  242, 48
421:  131, 123
430:  334, 269
431:  334, 276
433:  335, 278
437:  334, 268
448:  359, 349, 348, 311, 72
463:  369, 269, 268, 115
466:  369, 276
467:  368, 278, 38
470:  378
473:  335, 334
477:  384
483:  404, 403, 399, 316, 311
496:  421, 195
497:  412, 344, 195
499:  418, 358, 101
500:  419, 359, 99
502:  419, 348, 100
510:  419, 349, 108
515:  368, 335, 47
516:  369, 334, 48
520:  437, 431, 430, 373
530:  240
533:  421
535:  419, 418, 127
537:  421
538:  258
543:  142, 141
545:  466, 463, 373, 186
549:  466, 182
559:  470
562:  477
565:  473, 430
566:  473, 437
569:  473, 433, 431
578:  497, 496, 295
580:  510, 502, 500, 448, 154
588:  515, 467, 433, 101
591:  516, 463, 430, 100
593:  516, 466, 431, 99
595:  516, 463, 437, 108
596:  419, 90
602:  538, 530, 344
604:  537, 533, 496
606:  535, 502, 209
607:  543, 206, 198
610:  535, 510, 203
618:  535, 500, 499, 225
622:  549
628:  549
630:  549, 545, 275
633:  516, 515, 473, 127
637:  562, 559
641:  569, 566, 565, 520
645:  473, 143
646:  473
647:  473, 141
651:  538, 530, 412
652:  537, 533
659:  595, 593, 591, 545, 520, 154
665:  596, 502, 145
671:  530
679:  618, 610, 606, 580, 316
681:  607, 538
682:  538
687:  543, 535, 322
688:  
692:  630, 628, 622
701:  633, 591, 565, 209
703:  646, 565
706:  647, 565, 198
709:  645, 565, 204
711:  633, 595, 566, 203
712:  645, 566, 224
713:  645, 569, 222
715:  646, 569
718:  646, 566
719:  633, 593, 588, 569, 225
722:  596, 535
723:  543
728:  651, 602, 497
729:  652, 604
735:  628, 593
741:  682, 671, 602
743:  687, 607, 606, 399
746:  688
753:  
754:  687, 618, 404
755:  687, 610, 403
756:  688
760:  688
771:  719, 711, 701, 659, 641, 316
776:  718, 715, 703, 641
777:  713, 712, 709, 641, 311
786:  647, 646, 645, 633, 322
788:  723, 607
790:  722, 665, 606
791:  596, 537, 510, 262, 261
795:  729, 728, 578
801:  735, 692, 659
802:  467
803:  743, 671
808:  671
810:  746, 671
812:  753, 671
818:  743, 682, 681
821:  760, 756, 746
824:  746, 682
829:  755, 754, 743, 679, 483
830:  682
838:  786, 709, 706, 703, 701, 399
843:  786, 718, 712, 711, 403
844:  786, 719, 715, 713, 404
846:  788, 681, 602
849:  791, 665, 604, 580, 363
851:  637, 578
856:  791, 722, 652, 610
861:  829, 818, 803, 741
866:  830, 808, 741
867:  824, 821, 810, 741
878:  753, 746, 743
883:  844, 843, 838, 777, 776, 771, 483
890:  802, 588
892:  830, 808, 651
895:  652
900:  856, 849, 790, 729, 679
906:  878, 812, 810, 808, 803
908:  878, 830, 824, 818
910:  878, 829, 821
911:  473, 90
918:  892, 866, 728
919:  895, 729
927:  910, 908, 906, 867, 866, 861
934:  911, 566, 145
936:  878, 790, 788
943:  919, 918, 795
947:  911, 645, 399
949:  936, 908, 866, 846
955:  947, 934, 712, 483
957:  936, 919, 910, 900
959:  957, 949, 943, 927
963:  890, 844, 735
964:  963, 883, 801
967:  911, 810, 703, 261
971:  967, 934, 867, 776, 363
973:  967, 947, 906, 838
976:  973, 971, 955, 927, 883
979:  943, 851
982:  979, 976, 964, 959, 377
