
print "The Held-Higman-Thompson simple group on 2058 letters.  ";
print "Order: 4 030 387 200 = 2^10 * 3^3 * 5^2 * 7^3 * 17  ";
print "Group: G";

G := PermutationGroup<2058 |
    \[        1,    3,    2,    7,    6,    5,    4,   11,    9,
  19,    8,   13,   12,   24,  105,   45,   17,   18,   10,   21,   20,
  23,   22,   14,   26,   25,   28,   27,   29,   30,   32,   31,   34,
  33,   49,  117,   52,   38,   54,   40,   42,   41,   44,   43,   16,
  46,   48,   47,   35,  116,   51,   37,   53,   39,   55,   92,   57,
  59,   58,   61,   60,   64,  134,   62,   66,   65,   68,   67,   70,
  69,   72,   71,   73,   75,   74,  118,   78,   77,   80,   79,   82,
  81,   84,   83,   86,   85,   88,   87,   89,   91,   90,   56,  180,
 170,   97,   98,   95,   96,  100,   99,  161,  162,  104,  103,   15,
 107,  106,  109,  108,  111,  110,  112,  131,  115,  114,   50,   36,
  76,  119,  125,  122,  121,  239,  226,  120,  238,  212,  135,  130,
 129,  113,  133,  132,   63,  128,  136,  605,  139,  138,  222,  223,
 208,  227,  145,  144,  146,  148,  147,  149,  150,  152,  151,  156,
 157,  172,  153,  154,  159,  158,  160,  101,  102,  164,  163,  166,
 165,  168,  167,  169,   94,  171,  155,  174,  173,  176,  175,  191,
 195,  185,   93,  322,  344,  244,  184,  179,  187,  186,  192,  190,
 189,  177,  188,  194,  193,  178,  197,  196,  199,  198,  202,  282,
 200,  204,  203,  206,  205,  209,  142,  207,  210,  219,  127,  413,
 253,  265,  457,  237,  430,  211,  220,  221,  140,  141,  225,  224,
 124,  143,  228,  378,  230,  459,  364,  289,  234,  236,  235,  217,
 126,  123,  254,  242,  241,  243,  183,  246,  245,  248,  247,  250,
 249,  252,  251,  214,  240,  256,  255,  258,  257,  260,  259,  262,
 261,  264,  263,  215,  267,  266,  390,  270,  269,  272,  271,  273,
 275,  274,  277,  276,  279,  278,  281,  280,  201,  284,  283,  286,
 285,  288,  287,  233,  291,  290,  293,  292,  295,  294,  297,  296,
 299,  298,  301,  300,  302,  304,  303,  306,  305,  308,  307,  418,
 310,  312,  311,  314,  313,  315,  317,  316,  319,  318,  321,  320,
 181,  324,  323,  326,  325,  328,  327,  330,  329,  332,  331,  334,
 333,  336,  335,  337,  339,  338,  341,  340,  343,  342,  182,  346,
 345,  348,  347,  371,  351,  350,  353,  352,  421,  356,  355,  358,
 357,  389,  361,  360,  854,  488,  232,  487,  417,  368,  367,  370,
 369,  349,  373,  372,  374,  375,  377,  376,  229,  380,  379,  473,
 442,  384,  383,  414,  499,  388,  387,  359,  268,  391,  393,  392,
 394,  396,  395,  398,  397, 1006,  401,  400,  402,  404,  403,  406,
 405,  408,  407,  410,  409,  412,  411,  213,  385,  416,  415,  366,
 309,  420,  419,  354,  423,  422,  425,  424,  427,  426,  429,  428,
 218,  432,  431,  434,  433,  436,  435,  532,  439,  438,  441,  440,
 382,  444,  443,  458,  460,  448,  447,  450,  449,  456,  581,  582,
 455,  454,  451,  216,  445,  231,  446,  498,  463,  462,  465,  464,
 799,  468,  467,  470,  469,  472,  471,  381,  475,  474,  477,  476,
 491,  480,  479,  482,  481,  484,  483,  486,  485,  365,  363,  490,
 489,  478,  493,  492,  495,  494,  497,  496,  461,  386,  501,  500,
 503,  502,  539,  506,  505,  507,  509,  508,  511,  510,  513,  512,
 515,  514,  517,  516,  519,  518,  521,  520,  523,  522,  538,  526,
 525,  527,  529,  528,  531,  530,  437,  533,  544,  671,  537,  536,
 524,  504,  540,  542,  541,  800,  534,  545,  546,  550,  549,  548,
 547,  551,  553,  552,  575,  576,  557,  556,  559,  558,  561,  560,
 563,  562,  565,  564,  567,  566,  583,  570,  569,  572,  571,  574,
 573,  554,  555,  578,  577,  579,  580,  452,  453,  568,  585,  584,
 614,  588,  587,  589,  590,  592,  591,  594,  593,  596,  595,  598,
 597,  600,  599,  602,  601,  604,  603,  137,  607,  606,  609,  608,
 611,  610,  679,  613,  586,  616,  615,  618,  617,  622,  626,  993,
 619,  902,  625,  624,  620,  943,  629,  628,  630,  632,  631,  634,
 633,  636,  635,  638,  637,  640,  639,  642,  641,  644,  643,  646,
 645,  648,  647,  650,  649,  651,  653,  652,  654,  656,  655,  657,
 659,  658,  688,  662,  661,  667,  772,  666,  665,  663,  913,  670,
 669,  535,  673,  672,  912,  676,  675,  678,  677,  612,  681,  680,
 977,  908,  731,  686,  685,  687,  660,  689,  911,  692,  691,  819,
 697,  696,  695,  694,  699,  698,  705,  702,  701,  704,  703,  700,
 707,  706,  708,  710,  709,  712,  711,  713,  715,  714,  720,  718,
 717, 1158,  716,  722,  721, 1196,  729,  726,  725, 1187, 1155,  724,
1189,  684,  733,  732,  735,  734,  737,  736,  739,  738,  741,  740,
 743,  742,  745,  744,  747,  746,  749,  748,  751,  750,  753,  752,
 755,  754,  757,  756,  759,  758,  761,  760,  763,  762,  767,  766,
 765,  764,  769,  768,  771,  770,  664, 1087,  774,  775,  777,  776,
1064,  779,  780,  784,  783,  782,  781,  786,  785,  787,  818,  790,
 789,  792,  791,  907,  794,  820,  797,  796,  895,  466,  543,  801,
 827,  808,  805,  804,  974,  886,  803,  850,  811,  810,  813,  812,
 815,  814,  817,  816,  788,  693,  795,  923,  823,  822,  824,  828,
 832,  802,  825, 1265,  831,  830,  826, 1701,  933,  836,  835,  838,
 837,  841,  842,  839,  840, 1534, 1623,  846,  845,  851,  849,  848,
 809,  847,  855,  859,  362,  852,  984,  858,  857,  853, 1523, 1445,
 863,  862,  865,  864,  867,  866,  986, 1533, 1681,  872,  871,  874,
 873,  876,  875,  878,  877, 1279,  881,  880,  934,  939,  885,  884,
 807,  887,  889,  888,  890,  892,  891, 2022,  906,  798,  987,  899,
 901,  897, 1205,  898,  623,  904,  903,  905,  894,  793,  683,  910,
 909,  690,  674,  668,  915,  914,  917,  916, 1796,  920,  919,  922,
 921,  821,  924,  926,  925,  928,  927,  930,  929,  932,  931,  834,
 882,  936,  935,  938,  937,  883,  941,  940, 1231,  627,  945,  944,
 947,  946, 1384,  950,  949,  952,  951,  953,  955,  954,  957,  956,
 959,  958,  961,  960,  963,  962,  965,  964,  967,  966,  969,  968,
 971,  970,  973,  972,  806,  976,  975,  682,  981,  980,  979,  978,
1646, 1446,  856, 1661,  868,  896, 1113, 1206, 1225,  992,  991,  621,
1734,  996,  995,  997, 1120, 1214, 1001, 1000, 1002, 1033, 1052, 1005,
 399, 1007, 1034, 1023, 1010, 1011, 1036, 1019, 1035, 1042, 1017, 1016,
1037, 1013, 1020, 1169, 1022, 1009, 1025, 1024, 1027, 1026, 1029, 1028,
1031, 1030, 1032, 1003, 1008, 1014, 1012, 1018, 1039, 1038, 1040, 1628,
1015, 1043, 1109, 1045, 1046, 1048, 1047, 1049, 1051, 1050, 1004, 1053,
1055, 1054, 1056, 1057, 1059, 1058, 1061, 1060, 1063, 1062,  778, 1065,
1071, 1068, 1067, 1100, 1093, 1066, 1102, 1088, 1091, 1076, 1075, 1078,
1077, 1080, 1079, 1081, 1082, 1084, 1083, 1086, 1085,  773, 1073, 1090,
1089, 1074, 1101, 1070, 1095, 1094, 1096, 1099, 1098, 1097, 1069, 1092,
1072, 1104, 1103, 1106, 1105, 1108, 1107, 1044, 1111, 1110, 1123,  988,
1115, 1114, 1117, 1116, 1119, 1118,  998, 1122, 1121, 1112, 1125, 1124,
1127, 1126, 1168, 1130, 1129, 1132, 1131, 1350, 1135, 1134, 1217, 1138,
1137, 1139, 1141, 1140, 1300, 1144, 1143, 1200, 1396, 1148, 1147, 1150,
1149, 1782, 1153, 1152, 1188,  728, 1157, 1156,  719, 1160, 1159, 1162,
1161, 1164, 1163, 1768, 1631, 1397, 1128, 1021, 1170, 1172, 1171, 1174,
1173, 1176, 1175, 1178, 1177, 1179, 1180, 1182, 1181, 1771, 1216, 1186,
1185,  727, 1154,  730, 1191, 1190, 1193, 1192, 1195, 1194,  723, 1781,
1627, 1398, 1145, 1202, 1201, 1204, 1203,  900,  989, 1208, 1207, 1220,
1211, 1210, 1213, 1212,  999, 1422, 1184, 1136, 1219, 1218, 1209, 1222,
1221, 1224, 1223,  990, 1295, 1971, 1686, 1229, 1625,  942, 1233, 1232,
1235, 1234, 1237, 1236, 1239, 1238, 1241, 1240, 1243, 1242, 1244, 1246,
1245, 1251, 1263, 1250, 1249, 1247, 1252, 1609, 1255, 1254, 1443, 1257,
1259, 1258, 1261, 1260, 1268, 1248, 1448,  829, 1267, 1266, 1262, 1270,
1269, 1272, 1271, 1447, 1624, 1276, 1275, 1553, 1587,  879, 1281, 1280,
1856, 1316, 1284, 1974, 1286, 1288, 1287, 1290, 1289, 1292, 1291, 1294,
1293, 1226, 1524, 1570, 1301, 1321, 1142, 1298, 1302, 1608, 1305, 1304,
1438, 1308, 1307, 1310, 1309, 1626, 1313, 1312, 1558, 1730, 1283, 1752,
1319, 1318, 1874, 1299, 1506, 1325, 1436, 1323, 1375, 1339, 1329, 1328,
1331, 1330, 1333, 1332, 1335, 1334, 1337, 1336, 1340, 1327, 1338, 1342,
1341, 1344, 1343, 1345, 1347, 1346, 1349, 1348, 1133, 1352, 1351, 1357,
1360, 1356, 1355, 1353, 1359, 1358, 1354, 1362, 1361, 1364, 1363, 1366,
1365, 1368, 1367, 1370, 1369, 1371, 1373, 1372, 1374, 1326, 1377, 1376,
1379, 1378, 1381, 1380, 1383, 1382,  948, 1386, 1385, 1432, 1415, 1390,
1389, 1392, 1391, 1394, 1393, 1395, 1146, 1167, 1199, 1400, 1399, 1401,
1403, 1402, 1560, 1733, 1407, 1406, 1409, 1408, 1564, 1738, 1413, 1412,
1715, 1388, 1522, 1418, 1417, 1923, 1593, 1421, 1215, 1426, 1425, 1424,
1423, 1427, 1431, 1430, 1429, 1428, 1387, 1434, 1433, 1437, 1324, 1435,
1306, 1440, 1439, 1442, 1441, 1256, 1453,  861,  983, 1273, 1264, 1450,
1449, 1452, 1451, 1444, 1454, 1455, 1457, 1456, 1459, 1458, 1461, 1460,
1463, 1462, 1465, 1464, 1467, 1466, 1469, 1468, 1471, 1470, 1473, 1472,
1475, 1474, 1477, 1476, 1479, 1478, 1481, 1480, 1483, 1482, 1485, 1484,
1487, 1486, 1735, 1490, 1489, 2058, 1899, 1494, 1493, 1496, 1495, 1498,
1497, 1499, 1502, 1505, 1500, 1504, 1503, 1501, 1322, 1521, 1509, 1508,
1511, 1510, 1748, 2052, 1878, 1516, 1515, 1518, 1517, 1520, 1519, 1507,
1416,  860, 1296, 1526, 1525, 1922, 1537, 1758, 1531, 1530, 1601,  869,
 843, 1536, 1535, 1528, 1539, 1538, 1541, 1540, 1542, 1544, 1543, 1773,
1549, 1548, 1547, 1546, 1552, 1551, 1550, 1277, 1555, 1554, 1557, 1556,
1314, 1616, 1404, 1562, 1561, 1563, 1410, 1571, 1567, 1566, 1645, 1569,
1297, 1565, 1586, 1573, 1575, 1574, 1577, 1576, 1579, 1578, 1673, 1581,
1689, 1639, 1585, 1584, 1572, 1278, 1589, 1588, 1763, 1592, 1591, 1420,
1595, 1594, 1949, 1784, 1762, 1600, 1599, 1532, 1881, 1607, 1604, 1606,
1605, 1603, 1303, 1253, 1690, 1691, 1613, 1612, 1615, 1614, 1559, 1621,
1619, 1618, 1644, 1617, 1643,  844, 1274, 1230, 1311, 1198, 1041, 1791,
1652, 1166, 1634, 1635, 1632, 1633, 1720, 1637, 1672, 1583, 1641, 1640,
1651, 1622, 1620, 1568,  982, 1648, 1647, 1650, 1649, 1642, 1630, 1654,
1653, 1656, 1655, 1671, 1659, 1658, 1665,  985, 1663, 1662, 1726, 1660,
1667, 1666, 1669, 1668, 1670, 1657, 1638, 1580, 1677, 1676, 1675, 1674,
1679, 1678, 1825,  870, 1682, 1692, 1685, 1684, 1228, 1687, 1688, 1582,
1610, 1611, 1683, 1696, 1695, 1694, 1693, 1698, 1697, 1700, 1699,  833,
1703, 1702, 2004, 1930, 1707, 1706, 1708, 1710, 1709, 1712, 1711, 1714,
1713, 1414, 1717, 1716, 1719, 1718, 1636, 1722, 1721, 1724, 1723, 1725,
1664, 1728, 1727, 1797, 1315, 1731, 1913, 1405,  994, 1488, 1737, 1736,
1411, 1740, 1739, 1742, 1741, 1744, 1743, 1746, 1745, 1747, 1512, 1761,
1751, 1750, 1317, 1754, 1753, 1755, 1757, 1756, 1529, 1760, 1759, 1749,
1598, 1590, 1764, 1765, 1767, 1766, 1165, 1769, 1785, 1183, 1826, 1545,
1775, 1774, 1776, 1778, 1777, 1780, 1779, 1197, 1151, 1963, 1597, 1770,
1786, 1788, 1787, 1789, 1790, 1629, 1792, 1794, 1793, 2023,  918, 1729,
1799, 1798, 1800, 1801, 1849, 1805, 1813, 1803, 1816, 1808, 1807, 1810,
1809, 1812, 1811, 1804, 1815, 1814, 1806, 1818, 1817, 1820, 1819, 1898,
1823, 1822, 1996, 1680, 1772, 1828, 1827, 1830, 1829, 1850, 1833, 1832,
1834, 2051, 2055, 2046, 1839, 1838, 1841, 1840, 1869, 1886, 1887, 1846,
1845, 1848, 1847, 1802, 1831, 1852, 1851, 1865, 1900, 2016, 1282, 1858,
1857, 1860, 1859, 1862, 1861, 1864, 1863, 1853, 1868, 2011, 1866, 1842,
1948, 1872, 1871, 1875, 1320, 1873, 2054, 2024, 1514, 1880, 1879, 1602,
1883, 1882, 1885, 1884, 1843, 1844, 1889, 1888, 2050, 2001, 1926, 1894,
1893, 1897, 2009, 1895, 1821, 1492, 1854, 1956, 1902, 1904, 1903, 1906,
1905, 1908, 1907, 1910, 1909, 1912, 1911, 1732, 1915, 1914, 2017, 1968,
1918, 1927, 2056, 1934, 1527, 1419, 1925, 1924, 1892, 1919, 1929, 1928,
1705, 1932, 1931, 2034, 1921, 1936, 1935, 1938, 1937, 1940, 1939, 1942,
1941, 1944, 1943, 1984, 1947, 1946, 1870, 1596, 1951, 1950, 1976, 1953,
1954, 1955, 1901, 1975, 2041, 1960, 1959, 1962, 1961, 1783, 2025, 1978,
1967, 1966, 1917, 1969, 2008, 1227, 2015, 2007, 1285, 1957, 1952, 2014,
1965, 2021, 2005, 1982, 1981, 2010, 1945, 1986, 1985, 1988, 1987, 1990,
1989, 1992, 1991, 2044, 1995, 1994, 1824, 1998, 1997, 2000, 1999, 1891,
2003, 2002, 1704, 1980, 2020, 1973, 1970, 1896, 1983, 1867, 2013, 2012,
1977, 1972, 1855, 1916, 2019, 2018, 2006, 1979,  893, 1795, 1877, 1964,
2027, 2026, 2030, 2038, 2028, 2031, 2033, 2032, 1933, 2057, 2037, 2036,
2029, 2039, 2043, 1958, 2053, 2040, 1993, 2049, 1837, 2048, 2047, 2045,
1890, 1835, 1513, 2042, 1876, 1836, 1920, 2035, 1491],
    \[        1,    2,    9,    4,    5,   40,   29,    8,    3,
  10,   46,   13,   12,   15,   14,   16,   62,   18,   30,  169,   21,
  22,   89,   41,  207,  111,   83,  113,    7,   19,   31,   55,   34,
  33,   36,   35,   37,  155,  112,    6,   24,  105,   69,   63,   57,
  11,   48,   47,   50,   49,   52,   51,   95,   54,   32,  149,   45,
  58,  310,  302,   61,   17,   44,   64,  216,  345,  264,  231,   43,
 134,   72,   71,  139,   74,  146,   76,  150,   78,   88,  225,  217,
 107,   27,  131,  108,  120,  224,   79,   23,  180,  170,   92,   94,
  93,   53,  311,   97,  352,   99,  230,  101,  102,  228,  104,   42,
 237,   82,   85,  125,  209,   26,   39,   28,  212,  238,  117,  116,
 136,  137,   86,  222,  223,  124,  123,  109,  127,  126,  128,  403,
 406,   84,  227,  208,   70,  657,  118,  119,  138,   73,  141,  140,
 143,  142,  226,  239,   75,  148,  147,   56,   77,  152,  151,  154,
 153,   38,  159,  158,  157,  156,  160,  654,  689,  765,  776,  770,
 781,  814,  523,   20,   91,  177,  172,  213,  341,  297,  229,  171,
 181,  179,   90,  178,  200,  183,  189,  391,  718,  548,  188,  184,
 190,  191,  394,  720,  547,  465,  409,  347,  251,  383,  182,  201,
 436,  416,  339,  287,  349,   25,  133,  110,  568,  236,  114,  173,
 602,  218,   65,   81,  215,  506,  674,  569,  121,  122,   87,   80,
 144,  132,  103,  176,  100,   68,  233,  232,  690,  505,  211,  106,
 115,  145,  597,  356,  538,  277,  545,  613,  246,  257,  679,  490,
 333,  198,  384,  324,  325,  466,  267,  247,  612,  359,  369,  329,
 425,  459,   67,  328,  799,  256,  268,  533,  270, 1001,  278,  504,
 375,  275,  276,  243,  272, 1000,  400,  319,  546,  997,  284,  292,
 578,  205,  371,  342,  498,  299,  285,  577,  434,  332,  378,  175,
 461,  291,  300,  540,   60,  418,  307,  423,  354,  304,  309,  308,
  59,   96,  353,  999, 1215,  563,  397,  399,  401,  281,  320,  687,
 464,  601,  253,  254,  598,  430,  265,  261,  424,  433,  295,  250,
 489,  631, 1146,  704,  415,  204,  413,  174,  289,  364,  435,   66,
 457,  197,  410,  206,  417,  487,   98,  312,  306,  524,  241,  935,
1145,  259,  471,  440,  363,  362,  343,  366,  365,  791,  467,  260,
 389,  288,  499,  414,  448,  274, 1136,  863,  296,  502,  408,  382,
 381,  199,  252,  386,  385,  595,  486,  370,  801,  185,  393,  392,
 192,  396,  395,  316, 1006,  317,  280,  318,  402,  129,  405,  404,
 130,  503,  380,  196,  348,  532,  850,  340,  373,  338,  203,  350,
 303,  420,  419,  422,  421,  305,  330,  262,  556,  453,  611,  802,
 327,  439,  444,  331,  294,  344,  202,  809,  443,  431,  361,  472,
 599,  438,  432,  446,  445,  447,  374,  456,  581,  452,  451,  427,
 576,  575,  449,  346,  500,  263,  501,  298,  681,  469,  322,  195,
 255,  368,  792,  463,  680,  360,  441,  600,  840, 1210, 1112,  837,
 491,  833, 1322, 1367,  844,  843,  846,  596,  388,  351,  789,  334,
 249,  478,  730,  721,  980,  725, 1157,  714,  290,  372,  458,  460,
 379,  407,  273,  235,  219,  507, 1165, 1486, 1510, 1197, 1475, 1473,
 514,  890,  905,  517,  782,  778,  773,  764,  815,  168,  355, 1186,
 531,  994,  719, 1152, 1185,  526,  411,  269,  535,  534, 1199, 1149,
 242,  539,  301,  806,  678,  544,  543,  244,  282,  194,  187,  717,
 716,  551, 1429, 1428,  555,  554,  426,  582, 1012,  712,  565, 1050,
 562,  315, 1051,  560, 1016, 1014,  210,  221,  570,  571,  579, 1114,
 825,  455,  454,  293,  286,  572,  585,  450,  557,  583,  584,  580,
 682,  942,  591,  816,  621,  588, 1231, 1753, 1556,  387,  485,  240,
 326,  442,  473,  323,  214, 1317, 1277,  605, 1311, 1245,  628,  618,
 827,  428,  258,  245,  976, 1274, 1318,  629,  609,  620,  619,  590,
 943, 1209,  734,  898,  627,  626,  608,  617,  630,  335, 1396, 1353,
 990, 1617, 1657, 1998, 1973, 1304, 1275, 1602, 2013, 1987, 1527, 1619,
1452, 1644, 1546, 1898, 1972, 1823, 1739,  958,  161,  667,  772,  135,
 658,  887,  779, 1082,  662,  664,  663,  665, 1801,  655,  693,  915,
1729,  800, 1957, 1952,  220,  774,  676,  974,  542,  248,  470,  462,
 586,  793, 1278, 1796, 1280,  321,  688,  162,  234, 1800,  692,  668,
1167, 1140, 1923, 1181, 1380,  967, 1423, 1395,  702,  703,  337, 1424,
1427,  707,  949, 1383, 1595, 1036,  559, 1338,  497, 1156,  550,  549,
 186,  528,  193,  493, 1189,  724,  723,  495,  979,  728,  727,  755,
 492, 1314,  941, 1142,  624,  901, 1212, 1207, 1440, 1555, 1282, 1230,
1129, 1201, 1218, 1137, 1356, 1548, 1221, 1223, 1521, 1684, 1589, 1550,
1196,  729, 1341, 1420, 1183, 1488, 1512, 1151,  762, 1747,  521,  163,
 777, 1087, 1071,  786,  165,  784,  656,  520,  675, 1075,  164,  766,
 519,  660, 1073,  166,  518, 1064,  771, 1066,  769,  920,  795,  488,
 854,  367,  468,  683, 1320,  788,  834,  875,  836,  266,  671,  390,
 429,  985,  860,  864,  541,  861,  852,  437, 1102,  909, 1060, 1068,
 167,  522,  589,  817,  923,  822,  821,  820,  819,  913,  824,  574,
1271,  610, 1115, 1116, 1124, 1121, 1600,  479,  796,  938,  798,  477,
1123,  897,  474, 1446, 1211,  483,  482, 1534,  484,  902, 1656, 1310,
 412, 1220,  808,  885,  790, 1661, 1662, 1658, 1347, 1758,  804,  807,
1217,  377,  805, 1523,  877, 1694, 1480,  882,  883, 1850, 1666, 1315,
1228,  797,  933,  866, 1695, 1888, 1853, 1728,  869,  870, 1529,  853,
1133,  659, 2022,  906,  515, 1798, 1083,  894,  893,  937, 1273,  839,
 625,  983,  982,  735,  847, 1392, 1387,  516,  889, 1283, 1316,  811,
1072,  911,  912,  823, 1797,  669, 1911, 1495, 1281,  919,  787, 1961,
1498,  818,  924, 1842, 1839,  927, 1098,  929, 1764, 1560, 1733,  876,
1601,  357, 1200,  895,  835, 1702, 1300,  732,  587,  622, 1257,  945,
1903, 1256, 1139,  708,  950, 1647, 1559,  953, 1467, 1851,  956, 1371,
 653, 1740,  964, 1936, 1967, 1745,  960, 1935, 1381,  699,  968, 1834,
 978,  972,  971,  981,  677,  977,  614,  975,  970,  726,  494,  973,
 900,  899, 1352,  803, 1664, 1264,  998, 1203,  634, 1713, 1680,  993,
 527, 1906, 1611,  283,  988,  313,  279,  271, 1003, 1002, 1005, 1004,
 398, 1008, 1007, 1010, 1009, 1011,  558, 1177,  567, 1176,  566, 1035,
1042, 1041, 1021, 1020, 1022, 1023, 1173, 1054, 1026, 1180, 1028, 1401,
1499, 1031, 1172, 1033, 1034, 1017,  711, 1175, 1040, 1039, 1038, 1019,
1018, 1044, 1043, 1110, 1402, 1047, 1170, 1049,  561,  564, 1052, 1053,
1025, 1174, 1108, 1057, 1062, 1095,  812, 1067, 1058, 1094,  783, 1078,
 785, 1061,  813, 1070, 1069,  768,  910,  780, 1804,  775, 1076, 1077,
1065, 1807, 1815, 1097,  661,  892, 1799, 1795, 1794,  767, 1088, 1089,
1096, 1810, 1093, 1092, 1063, 1059, 1090, 1081,  928, 1099, 1101, 1100,
 810, 1131, 1924, 1344, 1929, 1107, 1056, 1109, 1045, 1111,  476, 1490,
 573,  828,  829, 1119, 1265, 1117, 1489,  831, 1125,  838,  830, 1122,
1326, 1128, 1127,  742, 1202, 1103, 1925,  886, 1400, 1184,  376,  745,
1219,  948,  695, 1419,  733, 1339, 1148,  358,  336, 1327, 1144,  537,
1398,  761,  529, 1158, 1155, 1154,  715,  496, 1153, 1789, 1160, 1915,
1921, 1913, 1744,  508, 1528,  694, 1375, 1169, 1048, 1171, 1032, 1024,
1055, 1037, 1015, 1013, 1628, 1179, 1027,  697, 1397,  758, 1135,  530,
 525, 1188, 1187,  722, 1917, 1942, 1192, 1769, 1875, 1741,  754,  511,
1603,  536,  936,  743, 1130,  989, 1325, 1307, 1323,  737, 1213,  623,
 475,  842,  736, 1208, 1422,  314, 1399,  862,  744, 1138,  851,  748,
1224,  749, 1222, 1357, 1227, 1226,  874, 1262,  741,  592, 1312, 1254,
1578, 1592, 1468, 1566, 1892, 1545, 1597, 1818, 1642, 1544, 1944,  607,
1626, 1298, 1299, 1598, 1435, 1724, 1970, 1983, 1233, 1313,  947,  944,
1376, 1530, 1863, 1584, 1229, 1324,  987, 1118, 1285, 1951, 1268, 1269,
1374,  826, 1599,  896,  615,  640, 1305,  604,  684, 1669,  686,  918,
 740,  907, 1284, 1266, 1286, 1458, 1610, 1665, 1464, 1526, 1583, 1450,
1622, 1981, 1297, 1296, 1247, 1248,  940, 1723, 1704, 1977,  639, 1276,
1674, 1205, 1646, 1655,  849,  606, 1232, 1255,  731,  873,  908,  603,
 616, 1624,  794, 1436,  480, 1206, 1263, 1204, 1126, 1147, 1882, 1513,
1491, 2042, 1996, 1772, 1783, 2025, 1790, 1337,  713, 1143, 1340,  756,
1593, 1928, 1105, 1348, 1659,  858, 1345, 1349, 1445, 1663,  984,  633,
1385, 1547,  746, 1225, 1389, 1434, 1364, 1365, 1415, 1386, 1360, 1361,
1388,  481, 1623, 1416, 1722,  957, 1508, 1832, 1270, 1168, 1258, 1531,
1854, 1582,  698,  966, 1594,  709, 1384, 1354, 1363,  904, 1366, 1358,
1433, 1432,  903, 1501, 1417,  701,  632, 1182, 1150, 1216, 1134, 1029,
1046, 1403, 1405, 1404, 1564, 1738, 1479, 1756, 1411, 1410, 1613, 1737,
1414, 1362, 1369, 1394, 1505, 1141,  757, 1421, 1214,  700,  705, 1426,
1425,  706,  553,  552, 1431, 1430, 1391, 1390, 1359, 1250, 1321, 1762,
1827, 1554,  738, 1500, 1697, 1904, 2045, 1350,  841, 1448, 1447, 1643,
1293, 1618,  646, 1891, 1837, 2035, 1615, 1749, 1287, 1690, 1980, 1866,
1867, 2018, 1290, 1660, 1852,  954, 1236, 1567, 1629, 1539, 1474,  513,
1472,  512, 1631, 1537, 1757, 1408,  868, 1726, 1676, 1503, 1803, 1780,
 509, 1768,  759, 1120, 1113, 1330, 2044, 1493, 2031,  917, 1912, 1962,
 922, 1030, 1441, 1393, 1698, 1483, 1675, 1418, 1701, 1685, 1372, 1833,
 510, 1781,  760, 1329, 2016, 1861, 2027, 2039, 1518, 1965, 1848,  750,
1721,  865, 1693, 1639, 1291,  644, 1166,  884, 1259, 1377, 1533, 1532,
 845, 1775, 1720, 1477, 1791, 1471, 1634, 1635, 1979, 1651, 1243, 1239,
 648, 1355,  747, 1620,  753, 2006, 1588, 1752, 1439,  739,  594, 1754,
1587,  952,  931, 1759, 1683, 1819, 1406, 1640, 1237, 1469, 1574, 1858,
1696, 1711, 1710, 1843, 1568, 1901, 1709, 1586, 1234, 1591, 1993, 1916,
1379, 1292, 1261, 1864, 1577, 1558, 1552,  752, 1590, 1579, 1235, 1342,
1382,  710, 1596, 1240, 1249, 1272,  832,  934,  641, 1198, 1986, 1785,
1700, 1653, 1895, 1896, 1288,  996, 1736, 1412, 1761, 1456, 1648,  635,
1451,  645, 1549, 1671, 1294, 1368, 1319, 1856, 1246, 1654, 1178, 1470,
1718, 1476, 1633, 1632, 1540, 1541, 1774, 1920, 1855, 1525, 1565, 1712,
1242, 1449,  647, 1956, 1308,  951, 1616, 1884, 2054, 1543, 1707, 1607,
1627, 1309,  848,  636,  857, 1346, 1465,  855,  856, 1351,  986, 1289,
 872, 1831, 1889, 1279, 2002, 1621, 1878, 1899, 1306, 1504, 1482, 1828,
1678, 1969,  992, 1703, 1844, 1562,  751, 1507, 1730, 1880, 1845, 1900,
1459, 1905, 1760, 1524,  867,  878, 1570, 1442, 1502, 1770, 1606, 1506,
 939, 1681, 1302, 1937, 1719, 1652, 1763, 1576, 1572, 1571, 1641,  991,
1825, 1765, 1933, 2024, 1630, 1706, 1536, 1522, 1370, 1301, 1251, 1939,
1481, 1865,  881,  670, 1686, 1872, 1743,  932, 1734, 1771, 1612, 1413,
1407,  652,  959, 1195, 1873, 1732, 1164,  963, 1966,  763, 1782, 1457,
1750, 1955, 1553,  593, 1557, 1908, 1409, 1478,  859, 1561, 1692, 1614,
1437, 1708,  930, 1715, 2050, 1841, 1487, 1193, 1699, 1735, 1333, 1926,
1636, 1535, 1776, 1860, 1909, 1805, 1485, 1511, 1748, 1334, 1817, 1605,
1786, 1812, 1849, 1159, 1336, 1538, 1792, 2023, 1086, 1085,  685,  914,
 891, 1084,  691,  666, 1811, 1484, 1074, 1779, 2041, 1079, 1814, 1813,
1091, 1802, 1787, 1809, 1808, 1080, 1948, 1784, 1241, 1563, 1820, 2015,
1822,  651, 1826, 1714, 1824, 1438, 1677, 1829, 1953, 1667, 1373, 1509,
 969, 1836, 1835, 1454, 1869,  926, 1890, 1767,  925, 1573, 1682, 1688,
1846, 1978, 1520, 1788,  871,  955, 1466,  880, 1378, 1638, 1625, 1857,
1569, 1910, 1777, 1515, 2026, 1260, 1585, 1727, 1461, 1462, 2005, 1838,
1958, 1871, 1731, 1742, 1874, 1194, 1885, 2034, 1672, 1879, 1687, 2012,
1328, 2052, 1649, 1876, 1886, 1887,  879, 1668, 1840, 1453, 1238, 1954,
1894, 1608, 1609, 2014,  649, 1673, 1689, 1575, 1949,  946, 1443, 1691,
 995, 1907, 1755, 1778, 1859,  916, 1496, 1163, 1934, 1161, 1581, 1190,
1919, 1918, 1637, 1162, 1988,  696, 1104, 1132, 1773, 1927, 1343, 1106,
1945, 1946, 2030, 1716, 1914,  965,  961, 1705, 1984, 1725, 1940, 1968,
1191, 1943, 1244, 1930, 1931, 2028, 1816, 1902, 1974, 1267,  673, 1830,
1893, 1751, 1645,  672, 1870, 2047, 2043,  921, 1497, 1964, 1963, 1519,
1746,  962, 1941, 1679, 1252, 1982,  650,  638, 1950, 1976, 1975, 1303,
1847, 1542, 1460, 1295, 1971, 1253, 1938, 1985, 1604,  643, 1922, 2037,
1995, 2029, 2032, 1580, 2036, 1990, 1332, 2007,  637, 2051, 2055, 2049,
1670, 2003, 2004, 1868, 1551, 1997, 2008, 2010, 2009, 2019, 1881,  642,
1897, 1821, 1514, 2017, 1463, 2011, 2020, 2021,  888, 1793, 1717, 1335,
1862, 1516, 1947, 1991, 1932, 1494, 1992, 2038, 1877, 1455, 1994, 1989,
2033, 1517, 2048, 1806, 1331, 1960, 1492, 1444, 2046, 1959, 2040, 2001,
1766, 1999, 1883, 2058, 1650, 2000, 2056, 2057, 2053],
    \[        2,    1,    3,    4,   18,    6,   17,    8,    9,
  10,   53,   12,   13,   39,  112,   54,    7,    5,   38,  171,   22,
  21,  184,   45,   75,  103,  100,   77,   62,  155,   37,   96,  153,
 154,   36,   35,   31,   19,   14,   40,   57,   42,   73,   44,   24,
  95,   47,   48,  306,  354,  352,   98,   11,   16,  311,  273,   41,
 179,  194,  187,  188,   29,   63,   64,  210,   67,   66,  221,  139,
 448,  211,  236,   43,   99,   25,   76,   28,  104,  403,   86,   87,
 404,  230,  110,  130,   80,   81,  129,  189,  281,  316,   92,  278,
 272,   46,   32,   97,   52,   74,   27,  102,  101,   26,   78,  105,
 106,  405,  406,  109,   84,  228,   15,  150,  151,  115,  423,  305,
 119,  118,  225,  143,  227,  226,  144,  125,  126,  127,  128,   88,
  85,  209,  223,  148,  374,  589,  137,  136,  447,   69,  419,  420,
 222,  121,  124,  145,  207,  208,  133,  504,  113,  114,  212,   33,
  34,   30,  156,  157,  158,  159,  160,  220,  234,  166,  780,  775,
 163, 1081,  168,  177,  397,   20,  172,  476,  289,  265,  573,  169,
 291,   58,  319,  299,  256,  270,   23,  186,  185,   60,   61,   89,
 191,  190,  193,  192,   59,  376,  973,  287,  333,  623,  267,  300,
 358,  475,  369,  347,  624,  146,  147,  131,   65,   71,  152, 1112,
1229,  477,  568,  224,  837,  219,  161,   68,  142,  132,  217,  120,
 123,  122,  111, 1114,   83,  569,  825,  574,  162,  235,   72,  237,
 238,  239, 1257,  241,  243,  242,  697,  713,  320,  257, 1139, 1223,
 251,  250, 1208,  254,  253, 1129,  182,  247, 1345, 1207,  339,  332,
 904,  580,  345,  175,  377,  200,  268,  536,  183,  271,   94,   56,
 524,  276,  275,  538,   93,  280,  279,   90,  537,  700,  284,  285,
 553,  197,  625,  174,  357,  178,  292,  552, 1358,  329, 1122,  328,
1137,  181,  201,  694,  548,  531,  719,  117,   49,  528, 1196,  754,
 547,   55,  312,  335,  315,  314,   91,  318,  317,  180,  246,  708,
1130, 1371,  325,  324, 1374, 1118,  297,  295,  903, 1359,  261,  198,
 474,  313,  337,  336, 1224,  260, 1119,  342,  341, 1121, 1138,  264,
 579,  205,  972,  734,  733,  805,   51,  353,   50,  375,  356,  290,
 202,  737,  738,  836,  877,  866,  831,  984, 1352, 1379, 1258,  204,
 902,  898,  484, 1205,  134,  355,  195,  266, 1125, 1521, 1264, 1500,
1441, 1209, 1213, 1356,  746,  874, 1271,  847,  705,  718,  497,  714,
 720,  721,  493,  170,  398,  401, 1000,  399, 1022,   79,   82,  107,
 108,  797,  987,  981,  971, 1133, 1347, 1117, 1307, 1222, 1210, 1142,
 526,  140,  141,  422,  421,  116, 1392, 1387, 1568, 1640,  986,  853,
1265,  839,  849, 1434, 1389, 1219, 1145,  808,  481,  897,  798,  480,
1306, 1367, 1310,  619,  620,  138,   70,  609,  615,  606, 1311, 1565,
1314, 1550,  618,  572,  604,  585,  594,  745, 1504, 1250, 1202, 1136,
 742, 1376, 1261, 1435, 1256, 1440, 1322, 1467,  334,  203,  173,  215,
 494,  796,  441,  438,  483,  482,  372,  741,  826,  864,  872,  840,
 749,  980,  492,  396,  478,  496,  495,  392,  935,  846, 1277, 1556,
 750,  875,  149,  505,  506,  507,  511, 1010, 1005,  508, 1040,  513,
 688,  685,  670,  676,  764, 1074, 1079,  782, 1098,  523,  274,  525,
 418,  527,  307,  530,  529,  303,  886, 1199, 1404, 1405,  269,  282,
 277,  539, 1167, 1408, 1564, 1615, 1456, 1181, 1149,  310,  302,  550,
 549,  993,  293,  286,  591,  588, 1574, 1586,  757, 1147, 1127,  696,
 707, 1215, 1104, 1128, 1216,  699,  216,  231,  571,  570,  457,  176,
 233,  753,  731, 1429, 1428,  346,  263, 1274, 1577,  584,  583,  459,
 952,  603,  555,  135,  590,  554,  593,  592,  460, 1228, 1230,  944,
1270, 1674,  954,  957, 1262,  587,  458,  605,  451,  608,  607,  449,
1669, 1664, 1348, 1338, 1736,  450,  617,  616,  456,  445,  446,  621,
 684,  199,  206,  288,  752, 1589, 1245, 1318, 1750,  999, 1427, 1385,
1203, 1293, 1546, 1551,  650, 1288, 1312, 1688,  643,  642, 1687, 1549,
 647,  646, 1657, 1731,  638, 1244, 1267, 1295,  674,  693,  795,  816,
 662,  787,  669,  794,  658,  683,  793,  665,  673,  668,  667,  660,
 516,  996,  691,  666,  654,  686,  517,  992, 1406,  948,  947, 1675,
1559,  663,  622,  515,  675,  949,  514,  690,  689,  672,  692,  655,
 301, 1168,  561,  244, 1148,  567,  283, 1422,  703,  702, 1146,  390,
1396,  562,  321, 1400,  711,  710, 1327,  245,  393,  979,  717,  716,
 391,  304,  394,  395,  722, 1158, 1153, 1157, 1156, 1155, 1154,  729,
 730,  576,  803,  350,  349,  970,  842,  359,  360,  876, 1272,  485,
 466,  936,  862,  461,  386,  841,  851,  490,  502,  835,  626,  575,
 309,  755, 1184,  558, 1166, 1015, 1013, 1198, 1039, 1474,  518,  781,
1065, 1080, 1767,  769, 1075, 1090,  788, 1807, 1280,  165, 1073, 1078,
1804,  915,  164,  765,  521, 1091, 1096, 1766,  786,  659,  772, 1666,
1728, 1582, 1584,  664,  661,  656,  479,  407,  440,  863, 1611, 1424,
 885,  732,  807,  351, 1479,  804,  437,  852, 1716, 1803, 1811, 1816,
1097,  928,  657,  817,  818,  908,  913,  823, 1316,  821, 1284,  232,
 486, 1279,  829,  828,  838,  364,  873,  834,  833,  751,  361,  218,
 830,  431,  489,  747,  736,  844,  843,  848,  499,  389,  845,  432,
 858,  748,  809,  429,  881,  856,  855,  865,  850,  871,  861,  860,
 744,  799,  487,  857,  363,  868,  867,  870,  869,  859,  488,  832,
 387,  503,  739,  362,  879,  878,  884,  854,  883,  882,  880,  802,
 532,  920, 1911, 1964, 1796, 1931, 1978, 2036, 1994,  896,  895,  439,
 371,  900,  899,  978,  370,  330,  262, 1729, 1963,  907,  819, 1484,
 925,  912,  911,  820, 1281,  779, 2022, 1991, 1797, 1874,  887, 1084,
 922,  923,  924,  910, 1849, 1099,  815,  929, 1764, 1759, 1413, 1555,
1953,  498,  743, 1273, 1684, 1954, 1659,  985, 1317, 1278,  597,  956,
 955,  680,  679,  687, 1340,  995,  586, 1678,  600,  946,  945,  601,
1981, 1785, 1539, 1966, 1719, 1652, 1471, 1791, 1594, 1014, 1053,  969,
 735,  410,  348,  196, 1680, 1683, 1612, 1562,  901,  715,  491,  409,
 983,  982,  365,  941,  428,  408,  988,  990,  989,  991,  677,  551,
 994,  951,  671, 1423,  998,  631,  400, 1001, 1514, 2016, 1510,  510,
1006, 1492, 2044, 1486,  509, 1011, 1420,  760,  967,  759, 1399, 1106,
1654, 1631, 1784, 1817,  402, 1160, 1163, 1633, 1985, 2005, 2004, 2010,
2014, 2008, 2015, 2017, 2056, 1929, 1595, 1191, 1475,  762,  512, 1476,
1627, 1773, 1926, 2012, 2007, 2021, 2019, 1940, 1923, 1924, 1192,  968,
1632, 1194, 1988, 1596, 1910, 1999, 1802, 1649, 1859, 1959, 1810,  766,
2050, 1884, 1948, 2052, 1883, 1841, 1842,  776,  519,  770, 1077, 1076,
 777,  520,  767,  167, 1320, 1847,  921, 1862, 1824, 1815, 1089, 1088,
 771,  783, 2001, 2049, 2047, 2051,  784,  814,  522,  927, 2058, 2053,
1933, 1126,  564, 1339, 1017, 1846, 1922, 1927, 1881, 1879,  213, 1393,
 229, 1116, 1115,  413,  327,  340, 1394,  343,  296, 1124, 1123,  378,
1103,  560,  565,  255,  322, 1326, 1132,  411, 1383, 1341,  465,  298,
 344,  248, 1375, 1141,  417, 1344, 1380,  436,  704,  559,  698,  546,
1182, 1603, 1185,  724,  728,  727,  726,  725,  723, 1511, 1023, 1628,
1653, 1024, 1634, 1197,  758,  540,  695, 1820, 2011, 2020, 1821, 1913,
1875, 1942, 1488, 1512, 1915, 1822, 1868,  545, 1150, 1528,  756, 1152,
1186, 1187, 1188, 1189, 1477, 1037, 1052, 1487, 1055, 1635,  308, 1165,
 761,  533, 1201, 1200,  464,  634, 1415,  373, 1388,  259,  252,  383,
 416, 1212, 1211,  384, 1395,  563,  566, 1218, 1217,  435, 1221, 1220,
 415,  249,  338, 1386, 1226, 1227,  595,  214,  596, 1753, 1275, 1243,
1567, 1236, 1235, 1665, 1563, 1240, 1239, 1918, 1313, 1233,  651,  628,
1246, 1248, 1247, 1466,  463, 1370, 1253, 1252, 1544, 1642,  470,  240,
 368, 1260, 1259,  468,  602, 1372,  380,  430, 1266,  652, 1269, 1268,
 598,  388,  740,  937,  581, 1232, 1287,  500,  943,  827,  774,  914,
1599, 1283,  824, 1285, 1590, 1276,  639, 1566, 1291, 1290, 1660,  635,
1671,  653, 1297, 1296, 1299, 1298, 1346, 1373, 1303, 1302, 1610, 1458,
 442,  414, 1309, 1308,  444,  452,  640, 1242,  454, 1600,  822,  942,
 629, 1319, 1082, 1369,  472, 1366, 1508, 1362, 1131,  712, 1453, 1329,
1330, 1444, 1496, 1990, 2038, 1515, 1790, 1337,  613, 1105,  950, 1135,
1343, 1342, 1143,  258, 1300,  412,  612, 1349, 1351, 1350,  366, 1354,
1353, 1368,  385, 1363,  294,  331, 1361, 1360, 1325, 1357, 1365, 1364,
1323,  443, 1355, 1321, 1251,  323, 1263, 1301,  326, 1140,  467, 1378,
1377,  367, 1144, 1382, 1381, 1134, 1384,  633, 1225,  425, 1206,  434,
1391, 1390,  424, 1113, 1120, 1214,  706, 1398, 1397, 1016,  709, 2009,
1997, 1871,  534,  535,  678, 1407,  541, 1825, 1478, 1757, 1761,  932,
1907, 1204, 1436, 1489, 1418, 1419, 1012, 1943,  701,  997,  801, 1426,
1425,  632,  578,  577, 1430, 1431, 1433, 1432,  433,  469, 1416, 1438,
1437, 1448,  471,  382, 1443, 1442, 1331, 1663, 1548, 1554, 1439, 1618,
1617, 1643, 1644, 1328, 1455, 1454,  544, 1616, 1305, 1543, 1542, 1462,
1461, 1604, 1526, 1583, 1249,  473, 1592, 1578, 1718,  964, 1747, 1473,
 763, 1038, 1041, 1190, 1410,  806, 1694, 1865, 1828, 1698,  909, 1650,
1009, 1193, 1176, 1417, 1501, 1491, 1007, 1518, 2039, 2029, 1332, 2030,
1498, 1897,  381, 1490, 1503, 1502,  462, 1505, 1507, 1506, 1324, 1509,
1004, 1159, 1177, 1513, 1002, 1335, 1989, 2031, 1493, 2028, 1520,  379,
1522, 1658, 1670, 1579, 1464, 1880, 1183, 1853, 1863, 1854, 1843, 1573,
1656, 1705, 1984, 1917, 1935,  960, 1744, 1741, 1460, 1459, 1254, 1597,
 636, 1623, 1446,  645,  455,  637, 1553, 1552, 1447,  933,  501, 1558,
1557,  682, 1561, 1560,  977, 1238,  542,  453, 1289, 1234,  426, 1570,
1569, 1572, 1571, 1533,  556, 1576, 1575,  582, 1469, 1525, 1581, 1580,
 791, 1465,  792, 1585,  557, 1754, 1752,  627, 1286, 1639, 1468, 1928,
 966, 1036, 1057, 1545, 1852, 1282, 1315, 1830, 1845, 1151, 1463, 1740,
1982, 1921, 1609, 1608, 1304,  800,  976, 1614, 1613,  543, 1457, 1450,
1449, 1620, 1619, 1622, 1621, 1547, 1624, 1625, 1626, 1042, 1161, 1630,
1629, 1019, 1054, 1025, 1164, 1195, 1636, 1638, 1637, 1591,  427, 1641,
1255, 1451, 1452, 1645, 1655, 1906, 1749, 1061, 1485, 1690,  963, 1162,
1018, 1646, 1534,  648, 1523,  940, 1292, 1662, 1661, 1445,  611, 1237,
 789, 1668, 1667,  610, 1524, 1294, 1673, 1672,  599,  681, 1677, 1676,
 953, 1679,  974, 1682, 1681,  975,  938, 1701, 1686,  644,  641, 1689,
1651, 1692, 1691, 2002, 1480, 1888, 1858, 1904, 1483, 1974, 1971, 1685,
1893, 1844, 1977, 1535, 1967, 1745, 1955, 1901, 1711, 1710, 1712, 1713,
1756, 1755,  810, 1812, 1470,  962, 1938, 1721, 1724, 1832, 1722, 1902,
1727, 1726,  790,  905, 1730,  649, 1732, 1737, 1792, 1914,  614, 1733,
1738, 1951, 1605, 1541, 1742, 1743, 1540, 1707, 1936, 1472, 1941, 1648,
 630, 1763, 1588, 1231, 1587, 1715, 1714, 1411, 1850,  931, 1905, 1412,
1827, 1751,  930, 1908,  785,  768, 1769, 1768, 1950, 1934, 1995, 1043,
1774, 1937, 2046, 2055, 2043, 2041, 2054, 1789, 1968, 2033, 1020,  959,
2057, 2024, 1839, 1781, 1336,  965, 1734, 2032, 1826, 2026,  890,  918,
1946, 1961, 1957, 1952, 1060,  811,  778, 1806, 1805,  773, 1809, 1808,
1064,  812, 1717, 1814, 1813, 1087,  813, 1021, 1919, 1892, 1169, 1172,
1179, 1944, 1086, 1409, 1794, 1762, 1482, 1887, 1601, 1889, 1723, 1833,
1834, 1835, 1836, 2035, 1958, 1788, 1840, 1071, 1072, 1532, 1703, 1602,
1107, 1083, 1848,  926, 1758, 1903, 1598, 1529, 1531, 1920, 1856, 1857,
1696, 1062, 2000, 2025, 1085, 1530, 1864, 1481, 1867, 1866, 1180, 1870,
1869, 1403, 1898, 1873,  919, 1174, 1877, 1876, 1899, 1111, 1527, 1110,
1891, 1070, 1067, 2034, 1894, 1829, 1695, 1831, 1890, 1882, 1819, 1702,
1886, 1896, 1895, 1499, 1872, 1878, 1900, 1709, 1725, 1851, 1697, 1760,
1647, 1414, 1765, 1960, 1058,  888, 1996, 1173, 1735, 1178, 1993, 1537,
1241, 1818, 1855, 1607, 1108, 1050, 1051, 1925, 1044, 1109, 1593, 1035,
1930,  891, 1962, 1102, 1771, 1538, 1746, 1775, 1720, 1949, 1049, 1748,
1175, 1421, 1823, 1945, 1798, 1965, 1068, 1939, 1770, 1739, 1801,  934,
 939, 1708, 1956, 1800, 1838, 1063, 1909, 1799, 1932,  906,  889, 1947,
 961, 1706, 1782, 1969, 1983, 1700, 1973, 1972, 1699, 1976, 1975, 1704,
 892, 1980, 1979,  958, 1606, 1970, 1536, 1026, 2018, 2013, 1056, 1516,
1333,  917, 2023, 1916,  894, 1772, 1912, 1402, 2006, 1059, 1860, 1092,
1693, 2003, 1028, 1027, 1998, 1046, 1031, 1401, 1029, 1170, 1045, 1987,
1030, 1032, 1003, 1033, 1986, 1048, 1171, 1047,  916, 1992, 1787, 1861,
1795, 2037, 1519, 1495, 1497, 1517, 1793, 1783, 1885, 1837,  893, 2027,
1334, 1494, 2040, 1779, 2045, 1778, 1008, 2042, 1776, 1094, 2048, 1093,
1066, 1095, 1069, 1101, 1780, 1777, 1034, 1786, 1100],
    \[        1,    4,    5,    2,    3,   11,    8,    7,   16,
  10,    6,   74,   78,   14,   15,    9,   17,   18,   31,   58,   22,
  21,   61,   43,   65,   27,   26,   68,   37,   92,   19,   32,  179,
 188,   35,   63,   29,   62,   76,   52,  117,  116,   24,   44,   46,
  45,  185,  192,   49,  134,   57,   40,   53,   54,   56,   55,   51,
  20,   60,   59,   23,   38,   36,  243,   25,   67,   66,   28,  105,
  70,   75,   77,   95,   12,   71,   39,   72,   13,   79,  456,  216,
  83,   82,  445,  111,  231,  449,   88,  201,  270,  284,   30,  268,
 246,   73,  241,  119,   98,   99,  101,  100,  103,  102,  104,   69,
 554,  108,  107,  446,  555,   85,  128,  233,  290,  351,   42,   41,
 118,   97,  232,  431,  389,  809,  363,  361,  362,  437,  112,  692,
 514,  440,  439,  370,   50,  136,  135,  138,  137,  139,  334,  348,
 410,  489,  487,  498,  395,  491,  393,  149,  396,  391,  394,  171,
 184,  155,  337,  315, 1010, 1005, 1040,  161,  162,  166,  164,  165,
 163,  167,  168,  183,  320,  153,  277,  173,  175,  174,  176,  281,
 178,   33,  300,  182,  181,  169,  154,   47,  186,  335,   34,  319,
 560,  565,   48,  193,  313,  202,  203,  198,  197,  206,  200,   89,
 195,  196,  205,  204,  199,  215,  288,  407,  211,  210,  266,  214,
 213,  207,   81,  218,  217,  220,  219,  236,  372,  371,  388,  486,
 429,  499,  688,  240,  676,   86,  120,  113,  235,  234,  221,  503,
 802,  799,  229,   96,  242,   64,  302,  418,   94,  299,  417,  416,
 251,  250,  414,  297,  341,  368,  257,  256,  411,  383,  339,  287,
 409,  408,  265,  264,  212,  285,   93,  307,   90, 1016,  397,  274,
 273,  527,  276,  172,  278,  559,  704,  177,  310,  308,   91,  267,
 532,  261,  208,  345,  114,  292,  291,  350,  349,  347,  469,  253,
 467,  247,  180,  304,  244,  390,  301,  352,  356,  269,  283,  321,
 282,  524,  312,  194,  314,  157,  316,  566,  563,  189,  170,  309,
 465,  381,  325,  324,  463,  472,  342,  369,  438,  373,  333,  332,
 140,  187,  336,  156,  443,  260,  382,  254,  328,  380,  436,  289,
 441,  295,  141,  294,  293,  115,  305,  421,  355,  354,  306,  718,
 631,  434,  455,  125,  126,  124,  454,  453,  468,  412,  255,  329,
 133,  223,  222,  331,  375,  374,  999,  720,  442,  471,  343,  323,
 340,  259,  444,  415,  424,  581,  224,  122,  303,  151,  420,  148,
 152,  146,  150,  272,  712, 1042, 1004, 1009, 1054,  665,  517,  662,
 658,  209,  263,  262,  142,  258,  367,  470,  252,  385,  249,  248,
 245,  478,  392,  353,  422,  423,  386,  490,  488,  428,  427,  226,
 500,  121,  433,  432,  359,  464,  344,  127,  330,  132,  131,  346,
 378,  338,  384,   84,  109,  589,  590,   87,  450,  451,  485,  365,
 364,  360,   80,  458,  457,  576,  575,  582,  473,  326,  435,  322,
 557,  298,  366,  296,  413,  379,  327,  462,  494, 1203,  988,  721,
 419,  492, 1120, 1225,  715,  901,  971,  452,  225,  144,  426,  143,
 425,  147,  479,  574,  474,  900,  735,  972,  145,  227,  430,  502,
 501,  237,  621,  780,  775, 1081,  511,  509,  510,  508,  512,  513,
 130,  656,  663,  404,  521,  811,  812,  518,  814,  523,  311,  525,
1339,  275, 1126, 1158,  549, 1396,  286,  541,  682,  535, 1103,  756,
 538,  816,  806,  533,  997,  975,  800,  546,  545, 1184, 1148,  530,
 723,  551, 1427, 1395,  106,  110,  850,  466,  558,  279,  190,  562,
 561,  318,  703,  191,  317,  567,  609,  618,  668,  673,  652,  998,
 493,  460,  459,  827,  854, 1394, 1393,  387,  461,  693,  672,  653,
 586,  683,  619,  447,  448,  591,  788,  787, 1244,  595,  596,  597,
 599,  598,  600,  680,  602,  670, 1267,  605, 1226,  686,  674,  568,
 679,  792,  790,  677,  671, 1266,  669,  690,  569,  588,  620,  504,
 795,  990,  989,  980,  793, 1484, 1075, 1073, 1859,  358,  733,  734,
 973, 1293,  737,  738,  639,  638,  741,  742, 1291, 1235,  745,  746,
 647,  646,  749,  750, 1233,  753,  572,  585,  675,  691,  515,  657,
 406,  772,  689,  664,  405,  516,  661,  403,  667,  666,  570,  616,
 603,  614,  584,  571,  608,  654,  230,  613,  687,  610,  601,  681,
 534,  587,  685,  684,  607,  678,  228,  660,  617,  655,  129,  583,
 695,  694, 1331,  698,  697, 1330,  701,  700, 1453,  564,  280,  706,
 705, 1444,  709,  708, 1454, 1017,  398, 1105,  902,  482,  807,  732,
 357, 1168,  377,  477,  896,  550, 1217, 1368, 1220, 1506, 1437, 1350,
1249, 1295,  717,  632,  633,  496,  848,  636,  637,  740,  739,  640,
 641,  868,  871,  644,  645,  748,  747,  648,  649,  873,  794,  651,
1400,  755,  537, 1329,  761, 1333, 1334,  758, 1336,  763,  765,  764,
 909,  770, 1058,  769,  767,  910,  659, 1072,  774,  506,  783, 1061,
1067,  779,  505,  782,  781,  776, 1060, 1062,  786,  593,  592,  791,
 612,  789,  611,  626,  752,  622,  796,  798,  797,  239,  544,  974,
 238,  804,  803,  805,  540,  716,  808,  123,  813,  519,  520,  810,
 522,  815,  539, 1734,  818,  912,  908, 1805, 1076, 1088, 1909,  826,
 825,  577, 1297,  830,  829, 1242,  833,  832,  835,  834,  836, 1271,
1296,  840,  839,  982,  843,  842,  845,  844,  847,  846,  736, 1294,
 556,  983,  853,  852,  578,  870,  857,  856, 1237,  860,  859,  862,
 861,  863,  866,  869,  864,  985,  743,  865,  855,  744, 1234,  751,
1232,  875,  937,  877,  882,  880,  879, 1238,  878,  884,  883,  885,
1214, 1083, 1085,  889,  892, 1800,  890, 1794,  894,  895,  722,  898,
 897,  970,  495,  483,  714, 1386, 1388, 1799, 2023,  907,  820,  766,
 771,  913,  819,  911, 2007, 1625, 1384, 2017, 2010, 2041,  995, 1733,
2054, 1849, 1099, 1647,  926,  927,  929,  928,  930,  931, 1649,  933,
 934,  935,  941,  876,  938,  939,  940,  936, 1803, 1811, 1930, 1931,
1796, 1981, 1968, 1914, 1862, 1847, 1732, 1097, 1743, 1978, 1957,  958,
 957, 1986, 1987, 1666, 1593, 1925, 1419,  966,  965, 1990, 1790, 1747,
 899,  484,  497,  634,  801,  543,  977,  976,  979,  978,  625, 1206,
 841,  851, 1289,  867, 1292, 1113,  476,  624,  623, 1824, 1748,  994,
 993,  920, 1944,  542,  573,  376, 1019, 1018, 1002, 1020,  400,  159,
1041, 1007, 1043,  401,  158, 1038, 1013, 1012, 1015, 1014,  271,  711,
1001, 1000, 1003, 1021, 1025, 1050, 1049, 1022, 1047, 1031, 1048, 1030,
1029, 1027, 1046, 1045, 1056, 1628, 1037, 1036, 1011, 1053,  160, 1006,
 399, 1008, 1044, 1033, 1032, 1026, 1028, 1024, 1023, 1052, 1051, 1039,
 402, 1057, 1034, 1055,  768, 1059,  784,  777,  785, 1063, 1064, 1589,
1092,  778, 1068, 1069, 1095, 1093,  773,  629, 1317,  628,  822, 1717,
1413, 1278, 1245,  507, 1084,  887, 1082,  888, 1086, 1087,  823, 1806,
1906, 1318, 1066, 1071, 1101, 1070, 1753,  953, 1678,  924, 1100, 1094,
1102,  536, 1328,  713, 1455, 1107, 1109, 1108, 1169, 1111, 1248,  987,
1299, 1187, 1116, 1642, 1369, 1508,  480, 1372, 1416, 1188, 1124, 1458,
 528, 1128, 1127, 1131, 1341, 1129, 1526, 1134, 1133, 1136, 1135, 1140,
1380, 1344, 1137, 1592, 1143, 1142, 1145, 1144, 1147, 1146,  548, 1878,
1854, 1545, 1377, 1259, 1448, 1442, 1308, 1211,  529, 1162, 1516, 1517,
1159, 1519, 1164, 1166, 1165, 1527,  719, 1110, 1171, 1170, 1499, 1421,
1179, 1178, 1176, 1177, 1175, 1174, 1403, 1899, 1863, 1597,  547, 1200,
1300, 1115, 1123, 1502, 1193, 1494, 1495, 1190, 1497, 1195, 1422, 1198,
1197, 1602, 1185, 1378, 1672,  475, 1205, 1204,  981, 1366, 1363, 1323,
1353, 1157, 1355, 1620,  886, 1216, 1215,  724, 1260, 1673,  726, 1309,
1621, 1354, 1362,  481,  606, 1228, 1227, 1247, 1285, 1802,  874,  650,
 872,  643, 1290,  858,  881, 1240, 1239, 1279,  831, 1288,  594, 1080,
1749, 1229, 1112,  730, 1489, 1252, 1251, 1254, 1253, 1256, 1255, 1298,
1326, 1153, 1218, 1578, 1945, 1264, 1263, 1287,  615,  604, 1946, 1952,
1739,  837, 1273, 1272, 1275, 1274, 1277, 1276, 1079, 1241, 1686, 2015,
1561, 1485, 1860, 1230, 1910, 1265, 1243,  984, 1236,  642,  986,  635,
 849,  731,  838,  828, 1257, 1114, 1186, 1302, 1301, 1304, 1303, 1306,
1305, 1357, 1156, 1221, 1619, 1312, 1311, 1314, 1313, 1457, 1812, 1074,
1091, 1759, 1737, 1322, 1321, 1209, 1441, 1367, 1258, 1327, 1104,  757,
 699,  696, 1335,  759,  760, 1332,  762, 1337, 1941,  526, 1911, 1130,
1525, 1581, 1139, 1383, 1346, 1465, 1934, 2026,  729, 1351, 1469, 1210,
1223, 1212, 1622, 1307, 1385, 1415, 1452, 1451, 1224, 1208, 1449, 1450,
1207, 1325,  725, 1118, 1544, 1501, 1121, 1610, 1417, 1376, 1375, 1152,
1201, 1583, 1138, 1591, 1637, 1345,  916, 1358,  903, 1657,  904, 1546,
1548, 1547, 1549,  580,  579,  553,  531, 1850, 1480, 1399,  754, 1402,
1401, 1180, 1867, 1873, 1735, 1964, 1845, 1843, 1888, 1714, 1715, 1078,
1716, 1359, 1122, 1374, 1542,  964, 2038, 1173, 1196, 1819, 1919, 1893,
1830,  552, 1563, 1918, 1954, 1953, 1656, 1655, 1671, 1436, 1435,  728,
1439, 1438, 1608, 1324, 1155, 1507,  707, 1445, 1623, 1524, 1154, 1364,
1365, 1361, 1360,  702,  710, 1106, 1898, 1315, 1125, 1459, 1460, 1467,
1504, 1463, 1464, 1347, 1466, 1461, 1468, 1352, 1653, 1471, 1472, 1474,
1473, 1475, 1476, 1630, 1844, 1880, 1398, 1883, 1884, 1560,  627, 1283,
1627, 1629, 2040, 1250, 1500, 1492, 1491, 1496, 1191, 1192, 1493, 1194,
1498, 1172, 1490, 1371, 1189, 1503, 1462, 1604,  727, 1443, 1119, 1543,
1631, 1718, 1836, 1514, 1513, 1518, 1160, 1161, 1515, 1163, 1520, 1609,
1690, 1681, 1447, 1342, 1132, 1167, 1603, 1532, 1531, 1530, 1529, 1661,
1646, 1770, 1606, 1538, 1537, 1707, 1605, 1785, 1418, 1509, 1370, 1151,
1389, 1391, 1390, 1392, 1551, 1550, 1670, 1554, 1553, 1624, 1731, 1569,
1685, 1866, 1483, 1282, 1998, 1428, 1892, 1566, 1565, 1568, 1567, 1557,
1701, 1662, 1573, 1572, 1665, 1658, 1682, 1687, 1261, 1580, 1579, 1343,
1966, 1379, 1936, 1994, 1688, 1761, 1765, 1065, 1767, 1381, 1141,  962,
1789, 2039, 2030, 1183, 1600, 1698, 1598, 1702, 1199, 1528, 1505, 1540,
1536, 1706, 1440, 1521, 1373, 1872, 2006, 2002, 1904, 1896, 1852, 1618,
1617, 1310, 1213, 1222, 1356, 1446, 1555,  915, 1684, 1486, 1035, 1487,
1477, 1510, 1633, 1632, 1774, 1636, 1635, 1382, 1639, 1638, 1660, 1659,
1117, 1644, 1643, 1663, 1534,  925, 1648,  932, 1650, 1651, 1652, 1470,
1654, 1433, 1432, 1387, 1575, 1641, 1640, 1533, 1571, 1645, 1746, 1574,
 961, 2036, 1826, 1782, 1552, 1434, 1202, 1219, 1951, 1742, 1961, 1729,
1098, 1764, 1818, 1523, 1576, 1895, 1626, 1558, 1280, 1577, 1586, 2032,
1522, 1858, 1827, 1697, 1758, 1703, 1762, 1693, 1599, 1700, 1699, 1570,
1601, 1695, 1705, 1704, 1607, 1539, 1710, 1955, 1708, 1901, 1712, 1959,
1411, 1412, 1414, 1077, 1511, 1768, 1775, 1721, 1832, 1902, 1725, 1724,
1992, 1963, 1771, 1677, 1815, 1556,  952,  921,  817, 1406, 1823, 1320,
1999, 1270, 1979, 2018, 1675,  954, 1980, 2013, 1664,  969,  992, 1246,
1766, 1757, 1760, 1096, 1755, 1754, 1763, 1751, 1694, 1319, 1752, 1587,
1696, 1756, 1679, 1588, 1750, 1590, 1719, 1928, 1535, 1728, 1773, 1772,
1634, 1720, 1778, 1786, 1776, 1787, 1780, 1791, 1669, 1784, 1783, 1541,
1777, 1779, 1788, 1594,  968, 1781, 1792, 1793,  893, 1795,  946, 2014,
1801,  905,  891, 1798, 1231,  942, 1828,  821, 1089, 1903, 2009, 1997,
1856,  943, 1316, 1897, 1821, 1730, 1907, 1835, 1680, 1423, 1891, 1814,
1877, 1736,  991, 1853, 1668, 1692, 1804, 2001, 1426, 2053, 1722, 1833,
1834, 1817, 1512, 1915, 1913, 1848, 1846, 1886, 1851, 1409, 1478, 1408,
1840,  951, 1839,  923, 1397, 1842, 1616, 1825, 1150, 1967, 1810, 1948,
1691,  630, 1284, 2046,  950, 1182, 2058, 2051, 1559, 1404, 1869, 1868,
1871, 1870, 1611, 1405, 2024, 1876, 1875, 1822, 1149, 1890, 1479, 1882,
1881, 1481, 1482, 2011, 1841, 2050, 1410, 2047, 1879, 1820, 1564, 1425,
2049, 1683, 1615, 1813, 1456, 1181, 2052, 1711, 1723, 1807, 1614, 1908,
1090, 1816, 1905,  824, 1286, 1340, 2057, 1838,  949, 1837, 1917, 1916,
1429, 1424, 1921, 1920, 2042, 1989, 2029,  963, 2048, 2045, 1769, 2031,
 944,  945, 2004, 2003, 1348, 1993, 1584, 1949, 1939, 1938, 2028, 1338,
2035, 1958,  996, 1262, 1268, 2008, 1857, 1937, 1977, 1674, 1269, 1431,
1430, 1709, 1956,  956, 1943, 1713, 2000, 1676, 2019, 1727, 1407, 2005,
1582, 1855,  948, 1969, 1984, 1972, 1971, 1974, 1973, 1985, 2021, 1950,
 955, 1740, 1744,  947, 1983, 1982, 1970, 1975,  959,  960, 2037, 1923,
 967, 2012, 1726, 1935, 1585, 2044, 2055, 1809, 1562, 1738, 1960, 1829,
1613, 1933, 1932, 1965, 1612,  914, 1947, 1808,  918, 1885, 1991, 1745,
1797, 1281, 2033,  917, 1741, 1962, 2034, 1976, 2022,  906, 1874, 2043,
1349, 2056, 1940, 1924, 1596, 1929, 1689, 2016, 2020, 1942, 1667, 1988,
1420, 1595, 1488,  919, 1922, 2025, 1995, 1927, 1861, 1889, 1926, 1894,
1887, 1865, 1900, 1831,  922, 1996, 2027, 1912, 1864],
    \[        1,    2,    3,   10,   14,    6,    7,   44,    9,
   4,   32,   12,   13,    5,   16,   15,   17,   39,   19,   20,   22,
  21,   23,   24,   25,   27,   26,   28,   30,   29,   35,   11,   93,
  91,   31,   37,   36,   38,   18,   42,   57,   40,   49,    8,   45,
  70,  127,  115,   43,   51,   50,   56,   96,  112,  116,   52,   41,
 178,   60,   59,  200,  155,   92,   64,  173,   67,   66,  176,  149,
  46,  451,  450,  306,   88,   75,   76,   77,   79,   78,   80,   81,
  85,  107,   84,   82,   86,   87,   74,  169,  170,   34,   63,   33,
 180,  448,   53,  353,  273,  129,  103,  166,  163,  100,  403,  105,
 106,   83,  111,  109,  110,  108,   54,  217,  226,   48,   55,  134,
 135,  589,  207,  208,  420,  151,  212,  237,  239,   47,  128,   99,
 404,  209,  223,  148,  117,  118,  136,  137,  422,  504,  419,  227,
 222,  147,  152,  238,  225,  143,  133,   69,  224,  123,  144,  278,
 316,   62,  156,  157, 1001, 1006, 1011,  515,  516,  102,  519,  520,
 101,  522,  168,   89,   90,  171,  172,   65,  175,  174,   68,  189,
  58,  291,   94,  201,  183,  182,  184,  269,  536,  194,  267,  177,
 190,  191,  301,  694,  187,  202,  203,  198,  197,  206,   61,  181,
 195,  196,  205,  204,  199,  120,  121,  131,  476,  606,  124,  232,
 215,  214,  597,  113,  229,  722,  685,  573,  142,  132,  150,  146,
 114,  141,  406,  218,  405,  602,  213,  240,  670,  492,  615,  125,
 145,  126,  233,  241,  275,  276,  282,  283,  247,  246,  286,  262,
 295,  329,  288,  254,  253,  290,  270,  320,  293,  294,  261,  260,
 249,  296,  324,  289,  298,  188,  292,  185,  256,  271,  319,   98,
 274,  242,  243,  551,  153,  279,  280,  397,  244,  245,  285,  284,
 248,  333,  252,  265,  255,  179,  268,  258,  259,  250,  263,  328,
 266,  300,  299,  192,  435,  468,  351,  374,   73,  437,  367,  366,
 464,  423,  539,  508,  699,  567,  154,  317,  318,  272,  257,  390,
 344,  327,  264,  345,  343,  323,  297,  251,  334,  370,  339,  287,
 330,  511,  757,  558,  348,  332,  346,  342,  341,  326,  322,  325,
 340,  369,  338,  490,  488,  304,  354,   97,  352,  375,  590, 1129,
 376,  409,  408,  682,  541,  467,  430,  854,  309,  308,  429,  347,
 331,  415,  444,  393,  305,  355,  358, 1137,  413,  442,  800,  977,
 501,  425,  410,  439,  392,  396,  581,  424,  321,  461,  386,  373,
 466,  485,  387,  281,  398,  401, 1000,  399, 1022,  104,  130,  230,
 228,  473,  360,  359,  384,  426,  418,  378,  431,  371,  434,  427,
 412,  140,  122,  447,  138,  311,  389,  383,  411,  417,  532,  368,
 364,  414,  491,  489,  416,  302,  545,  307,  478,  385,  462,  502,
 379,  499,  372,  600,  535,  421,   95,  595,   72,   71,  486,  974,
 975,  469,  596,  459,  575,  457,  576,  391,  440,  544,  310,  546,
 394,  363,  303,  455,  471,  470,  976,  407,  903,  973,  210, 1229,
 438,  603,  750,  494,  747,  841, 1310,  395,  452,  557,  350,  433,
 349,  432,  235,  874,  481,  496,  495,  746,  540,  443,  543,  382,
 441,  534,  139, 1246, 1319, 1679,  313,  759,  760,  335,  762,  513,
 521,  161,  162,  518,  517,  164,  165,  514,  167,  523,  524,  991,
1347,  527,  808, 1409, 1825, 1261,  428,  799,  503,  446,  186,  697,
 993,  312,  498,  362,  556,  500,  463,  436,  465, 1202, 1219, 1150,
1182,  277, 1345, 1139,  586,  681,  542,  487,  337, 1002, 1107,  564,
1017, 1044,  561, 1111, 1007,  315,  944, 1262,  828,  829,  585,  221,
1257,  458,  460,  997,  801, 1119, 1122,  388,  809,  838,  830,  572,
 554,  796, 1675,  119,  356,  952,  876,  739,  731,  449,  456,  216,
 601,  614,  445,  598,  231,  479,  753,  817,  211,  740, 1272, 1228,
 792,  678,  613,  612,  599,  236,  873,  832, 1230,  954, 1405,  621,
 895,  624,  623, 1208,  835, 1852, 1282, 1315, 1830, 1240, 1342, 1360,
 635,  634, 1450, 1252, 1244, 1295, 1247, 1140,  643,  642, 1131, 1362,
 990,  989, 1452, 1302,  651,  650, 1243, 1288,  771,  813,  656,  657,
 781,  675,  661,  660,  765,  663, 1061,  665,  691,  810, 1716,  794,
 234,  680,  673,  672, 1090,  659,  764,  789,  611,  687,  671,  555,
 361,  683,  896,  220,  787,  679,  782,  777, 1078,  666,  692, 1816,
 193,  695, 1104,  537,  758,  314,  713, 1193,  710,  711, 1021,  708,
1159, 1106,  705, 1162,  702,  703, 1177,  700, 1205,  979,  717,  716,
 745,  805,  742,  741,  219, 1410, 1662, 1655, 1623, 1524, 1569, 1900,
1856,  594,  879,  872,  749,  736,  735,  981,  987,  593,  607,  721,
 720,  744,  743,  718,  497,  482,  978,  734,  480,  752,  751,  604,
1352, 1407,  761,  336,  698,  509,  510,  756,  512,  763,  676,  662,
 783,  784,  785,  769,  887,  654,  910,  774,  773, 1079, 1082,  689,
 779,  778, 1074,  658,  688,  766,  767,  768,  786,  686,  925,  677,
 791,  790,  610, 1649,  669,  795,  587, 1467, 1504,  533,  380,  578,
 806,  878,  884,  719,  802,  880,  528,  582,  667,  811,  812,  655,
 814,  815,  816,  605, 1848, 1932, 1965, 1838, 1877, 1958, 2035, 1112,
1311,  850,  570,  571,  584, 1265,  617, 1413,  932,  626, 1559, 1114,
 583, 1307, 1434,  483,  970,  844,  843,  899, 1367, 1392,  900,  980,
 827,  901, 1577, 1258,  365,  867,  868,  871, 1279,  865, 1709, 1901,
 936, 1199, 1586,  859, 1376,  855,  856, 1955, 1708,  857,  733,  616,
 493, 1404,  592, 1408,  803,  732,  807,  984,  883,  882,  804, 1479,
 986,  770, 1058,  889, 1087, 1102,  892,  893, 1094,  622,  684, 1356,
1222,  845,  848,  851, 1359,  474, 1223, 1064, 1069,  922, 1962, 1084,
 772,  914, 1281, 1947,  911, 1804, 2001, 1861,  919,  918, 1075, 1484,
 907,  923,  924,  788, 1849, 1099,  928, 1969,  953,  943,  834, 1851,
1886, 1167,  862, 1647, 1482, 1887, 1831, 1711, 1648,  931,  568, 1115,
1502,  996,  949,  948, 1426, 1560,  591,  930,  619, 1503, 1116, 1270,
1720, 1651, 1464,  962,  961, 1652, 1471, 1746, 1735, 1654, 1475,  969,
 842, 1213, 1224,  475,  453,  454,  472,  381,  748,  715,  849,  737,
 983,  982,  881, 1710,  886,  738, 1226,  647,  646,  525, 1666,  538,
 994, 1561,  947,  577, 1266, 1239,  400,  158,  559, 1004, 1003, 1013,
 159,  566, 1009, 1008, 1015,  160, 1041, 1005, 1018, 1010, 1176,  562,
1014, 1020, 1019,  704,  402, 1037, 1055, 1026, 1025, 1048, 1032, 1057,
1049, 1046, 1028, 1036, 1035, 1034, 1033, 1023, 1053, 1040, 1039, 1012,
1043, 1042,  563, 1050, 1031, 1054, 1027, 1030, 1045, 1056, 1628, 1038,
1047, 1024, 1051, 1029,  888, 1059, 1083,  664, 1085, 1063,  905, 1091,
1066, 1067, 1798,  906, 1070, 1071, 1072, 1320,  780,  920, 1814, 1813,
 690,  775, 1096, 1098,  776, 1060,  909, 1062, 1086,  890, 1809, 1808,
 674, 1065, 2022, 1795,  894, 1793, 1080, 1097, 1081,  927, 1794, 1101,
 891, 1103,  696, 1190,  707,  560, 1110, 1175, 1108,  565,  825, 1251,
 837,  945,  956, 1125, 1371,  579, 1301, 1374,  580, 1268, 1269, 1117,
1126, 1846, 1879,  357, 1138,  644, 1141, 1568, 1580, 1183, 1149,  377,
1130,  553,  641, 1132, 1640, 1638, 1151, 1181, 1817, 1514, 1166, 1136,
 549, 1144, 1523, 1661, 1570, 1670, 1547, 1646, 1478,  706, 1191, 1192,
 709, 1194, 1164, 1673, 1148,  935, 1168, 1178, 1173, 1401, 1179, 1170,
1180, 1109, 1016,  712, 1169, 1172, 1174, 1145,  550, 1135, 1198, 1658,
1864, 2003, 1857, 1730, 1105, 1160, 1161,  701, 1163, 1195, 1379, 1672,
1184,  863, 1201, 1200,  547, 1293, 1415,  714, 1365, 1358,  625, 1387,
1389, 1432, 1433,  971, 1381, 1926, 1492, 1218, 1217,  548, 1390, 1391,
 898,  904,  972, 1386,  988, 1930,  609,  477,  618, 1483, 1298, 1267,
1525, 1236, 1235, 1538, 1607,  999,  631, 1537, 1699,  652,  638, 1599,
 505,  640, 1312, 1677, 1456, 1113,  637, 1551, 1436, 1724, 1440,  574,
 853, 1572, 1571,  531,  569, 1984, 1611,  831,  998, 1233, 1123, 1124,
 957, 1274,  608, 1906, 1271, 1299, 1971, 1615, 1759,  858, 1807,  912,
 628, 1283, 1837, 1945, 1893, 1700,  653, 1706, 1291, 1290, 1591, 1203,
1363,  639, 1907, 1414, 1232, 1275, 1668, 1120,  649, 1731, 1324, 1723,
1521,  839, 1309, 1308,  484,  826, 1248, 1974, 1683,  629, 1876, 1749,
1600,  506, 1073, 1705, 1612, 1643, 1304, 1549, 1687, 1512, 1335, 1329,
1330, 1332, 1331, 1333, 1334, 1328, 1336, 1337, 1348, 1477, 1425, 1528,
 632, 1427, 1637,  552, 1667,  526, 1338, 1431, 1727, 1726,  754, 1618,
1449, 1368,  897, 1671, 1207,  902,  633, 1385,  645, 1294, 1388, 1206,
1451,  846, 1355, 1535, 1393, 1118, 1536, 1394, 1121, 1688,  866, 1576,
1575, 1196, 1603, 1214, 1395, 1581, 1430, 1361, 1225, 1209, 1364, 1210,
1220, 1221,  847, 1370, 1373, 1382, 1511, 1398, 1397, 1488, 1653, 1171,
1421, 1499,  875,  620, 1664,  755,  877,  529,  723, 1480, 1827,  833,
1297, 1204, 1544, 1606, 1522, 1419, 1476, 1402, 1487, 1429, 1428, 1340,
 950, 1343, 1424, 1423, 1384, 1349, 1211, 1212,  840, 1550, 1254, 1438,
1437, 1557, 1256, 1556, 1443, 1442, 1496, 1481, 1548, 1554, 1558, 1354,
 636, 1366,  648, 1515, 1518, 1493, 1250, 1737, 1832, 1740, 1741, 1462,
1461, 1744,  960, 1630, 1676,  797, 1745, 1470, 1469,  964, 1747, 1834,
1474,  968, 1420, 1339, 1158,  885, 1411, 1445,  938, 1231,  921, 1650,
2044, 1422, 1399, 1982, 1950, 2048, 1216, 1455, 1776, 1777, 1444, 1779,
1498, 1403, 1562, 1770,  946,  955,  798, 1509, 1553, 1552, 1610, 1505,
2016, 1396, 1327, 1835, 1147, 1453, 1778, 1786, 1454, 1787, 1520, 1306,
1418, 1152,  727, 1234, 1539, 1527, 1341, 1531, 1695, 1529, 1703, 1573,
1656, 1369, 1372, 1241, 1237, 1526, 1604, 1542, 1541, 1605, 1416, 1899,
1617, 1156, 1446, 1325, 1435, 1253, 1507, 1506, 1447, 1903, 1441, 1439,
1448,  836,  951,  995, 1500, 1921, 1574, 1680, 1967, 1579, 1133,  728,
1154, 1260, 1259, 1533, 1564, 1378, 1377,  852, 1718, 1567, 1134, 1383,
1728, 1629, 1669, 1641,  864, 1754, 1752, 1598, 1702, 1292, 1707, 1748,
1914, 2017, 2010, 1878, 1589, 1245, 1318, 1750, 1602, 1380, 1540, 1543,
1417, 1238, 1725, 1902, 1508, 1264, 1322, 1614, 1613, 1277, 1733, 1546,
1353, 1620, 1619, 1622, 1621,  726, 1686, 1626, 1625, 1773, 1052, 1583,
1465, 1784, 2021, 1985, 1634, 1635, 1721, 1344, 1143, 1660, 1142, 1585,
1722, 1323, 1657, 1689, 1157,  937,  942,  793, 1485,  959,  963, 1400,
 967,  725, 1534, 1644, 1185, 1889, 1639, 1153,  724, 1865, 1406, 1935,
 992, 1346, 1300, 1584, 1155, 1357, 1197, 1165, 1736,  588, 1466, 1249,
1764,  507, 1565, 1682, 1681, 1314, 1828, 1701, 1624, 1326, 1375, 1645,
1785, 1692, 1691, 1765, 1757, 1530, 1755, 1760, 1753, 1242, 1287, 1685,
1590, 1532, 2006, 1321, 1289, 1592,  870,  860,  985,  941, 1713, 1712,
1850, 1858,  668, 1870, 1578, 1966,  958, 1636, 1642, 1305, 1255, 1608,
1351, 1350, 1582, 1810, 1189, 1303, 1732, 1616, 1734,  966, 1674, 1457,
1956, 1775, 1459, 1460, 1743, 1742, 1463, 1468,  965, 1472, 1593, 1317,
1601, 1763, 1588, 1698, 1587, 1696, 1758, 1694, 1756, 1278, 1697, 1762,
1761, 1751, 1678, 1693, 1767, 1766, 1771, 1934, 1501, 1768, 1995, 1627,
1833, 1739, 1494, 1495, 1516, 1497, 1780, 1782, 1781, 2033, 1631, 1690,
1517, 1519, 1788, 1968, 1790, 1936, 1792, 1095, 1100, 1093, 1815, 1874,
1068, 1799, 1800, 1801, 1847, 1803,  915, 1885, 2034, 1280, 1089, 1088,
1729, 1811, 1869, 1077, 1076, 1796,  693, 1146, 1855, 1916, 1915, 1822,
1821, 1949, 1824,  530, 2058, 1412, 1684, 1954,  630,  940, 1458, 1774,
1473, 1513, 1836, 1284,  821, 1839, 1890, 1841, 1842, 1844, 1843, 1845,
1127, 1802,  818,  926, 1714,  933,  627, 1854, 1853, 1818,  730, 1188,
1715, 1862, 1891,  917, 1859, 1888, 1186, 1663, 1866, 1867, 1875, 1812,
1717, 1897, 1970, 1873, 1797, 1868, 1316,  822, 1597, 1128, 1880, 1922,
2000, 1883, 1884, 1805,  934,  939, 1863, 1659, 1840, 1860, 1993, 1286,
1953, 1973, 1972, 1871, 1983, 1545,  729,  861, 1609, 1555, 1905, 1904,
1273, 1296, 2002, 2045, 1911, 1910, 2027, 2011, 1594, 1820, 1819, 1918,
1917, 1920, 1919, 1563, 1881, 2012, 1988, 1925, 1215, 1942, 1941, 2056,
1227, 1933,  819, 1931, 1769, 1665, 1791, 1951, 1981, 1944, 2014, 1928,
1927, 1997, 1939, 1285, 1948,  913, 1946, 1823, 1490, 1937, 1952, 1894,
1829,  869, 1738, 1957,  823, 1959, 2042, 1961,  908, 2052, 1964,  820,
1719, 1566, 1789,  929, 1872, 1276, 1896, 1895, 1313, 1976, 1975, 1998,
1978, 1979, 1980, 1938, 1489, 1898, 1263, 1633, 1986, 1987, 1924, 2043,
1990, 2025, 1992, 1892, 2047, 1772, 2037, 1943, 1977, 1999, 1882,  916,
1908, 1187, 2015, 2019, 1704, 2008, 2007, 2020, 1596, 1913, 1923, 2013,
1940, 2004, 1510, 1595, 2018, 2005, 2009, 1632, 1092, 2023, 2028, 1991,
2049, 1912, 2024, 2055, 2041, 2057, 2051, 1783, 1806,  824, 2036, 1996,
2038, 2046, 2040, 2030, 1960, 1989, 1486, 1909, 2039, 1994, 1491, 2026,
2050, 2032, 1963, 2053, 2054, 2029, 1929, 2031, 1826],
    \[        1,    2,    3,    4,    5,    6,    7,    8,   13,
  10,   11,    9,   12,   14,   79,   78,   17,   18,   23,   19,   21,
  22,   20,   28,   24,   26,   27,   25,   34,   91,   61,   32,   29,
  33,  200,  267,  188,  184,   39,   48,  133,  115,   68,   44,   77,
  72,   40,   47,  176,  373,  393,  192,   53,  104,  304,  301,  148,
  31,   59,   60,   58,  154,  285,  156,   43,   66,   67,   65,  446,
 450,   46,   71,  221,   16,   45,   76,   75,   74,   88,   84,   80,
 111,   85,   81,  108,  110,   86,   15,   94,   89,   93,  284,   30,
  90,  236,   96,  219,  193,   54,  100,  101,  102,  103,   99,  109,
 105,   82,   83,  106,   87,  107,  403,  141,  113,  127,  351,  370,
 161,  220,  124,  120,  123,  224,  121,  126,  145,   42,  665,  112,
 406,  142,  131,  140,  331,  515,  656,  795,  622,  620,   41,  114,
 132,  225,  143,  125,  152,  146,  419,  535,  420,  150,  147,   62,
 153,  316,  157,   64,  160,  158,  159,  162,  118,  163,  167,  164,
 166,  165,  168,  180,  169,   38,  398,   49,  204,  205,  173,  319,
  35,   37,  170,  247,  299,  300,  171,   52,   98,  187,  179,  272,
 279,  280,  185,  186,  194,  199,  195,  174,  175,  196,  178,  246,
 206,  202,  197,  198,  203,  212,  207,  222,   73,   95,  208,  467,
 298,  266,  456,  227,  499,  235,  234,  210,  223,  209,  122,  144,
 217,  226,  405,  443,  130,  555,  363,  348,  119,   97,  211,  239,
 237,  238,  338,  241,  336,  337,  245,  390,  270,  256,  296,  248,
 339,  260,  214,  341,  342,  240,  181,  182,  259,  340,  325,  345,
 286,  262,  295,  347,  288,  291,   92,   56,  201,  172,  281,  694,
 695,  757,  558,  712,  155,  318,  317,  189,  283,  321,  268,  292,
 263,  289,  215,  369,  233,   36,   63,  294,  346,  332,  249,  254,
 252,  257,  320,  269,  418,  302,  307,  902,  573,   55,  309,  310,
 308,  719,  755,  313,  242,  243,  278,  191,  190,  397,  183,  282,
 343,  322,  250,  251,  327,  344,  253,  261,  134,  330,  264,  265,
 117,  335,  314,  315,  255,  324,  258,  328,  297,  323,  326,  329,
 293,  333,  290,  441,  349,  437,  714,  722, 1205, 1204,  998,  574,
 624,  428,  359,  362,  498,  431,  365,  827,  464,  366,  229,  287,
 334,  407,  371,  438, 1359, 1415,  623,  625,  470,  378,  381,  465,
 411,  382,  385,  462,  461,  386,  389,  809,  244,  396,  391,  478,
 491,  394,  392,  177,  271, 1022,  399,  402, 1000,  129,  228,  404,
 230,  372,  409,  532,  439,  383,  468,  471,  213,  473,  417,  469,
 303,   57,  151,  896,  895,  805,  582,  501,  425,  455,  360,  218,
 854,  232,  485,  452,  427,  412,  463,  116,   50,  440,  410,  350,
 413,  368,  415,  216,  554,  684,  615,  231,  451,   70,  557,  577,
 453,  434,  445,  575,  460,  458,  459,  387,  384,  472,  367,  380,
 432,  414,  435,  416,  379,  442,  436,  444,  305,  358,  306,  377,
  51,  421,  733,  354,  807,  804,  898,  466,  487,  489,  490,  486,
 502,  395,  353,  497,  352,  979,  715,  718,  361,  429,  578,  426,
 488,  799, 1405,  507,  505,  506,  508,  512,  509,  511,  510,  513,
 658,  516,  135,  688,  782,  522,  519,  781,  520,  786, 1168,  312,
 531, 1329,  311,  723, 1158,  548,  408,  806,  533,  586,  273,  700,
1327, 1407,  682,  540,  543,  801,  976,  544,  800, 1196,  526,  529,
 530, 1177, 1358,  580,   69,  449,  500,  433,  567,  563,  559,  703,
 564,  560,  711,  704,  565,  276,  618,  588,  592,  593,  753,  476,
 972,  576,  457,  454,  556,  552,  904,  424,  581,  608,  607,  604,
 149,  138,  609,  685, 1266,  139,  617,  616,  585,  602,  600,  596,
 792,  611,  597,  610,  681,  447,  594,  818,  448,  752,  626,  569,
 791,  612,  599,  614,  678,  606,  571,  570,  619,  568,  591, 1873,
 587,  973,  475,  477,  583, 1286,  627,  630, 1231,  989,  633, 1120,
 999, 1239, 1292,  636, 1288, 1243,  641, 1294, 1290, 1291, 1232,  644,
 635, 1293,  649, 1234,  639, 1295,  651, 1267,  664,  654,  663,  889,
 676,  660,  666,  691,  517,  136,  655,  692,  659,  772,  788,  673,
 589,  687,  686,  787,  793,  661,  514,  671,  613,  789,  679,  595,
 541,  137,  603,  670,  794,  677,  662,  667,  668,  675,  128,  674,
 536, 1103,  702,  713, 1105,  275,  708,  709, 1106, 1017,  566,  697,
 698, 1104,  537,  756,  707,  562, 1016,  705,  494,  716,  496,  495,
 493,  528,  980,  720,  492,  549,  728,  724,  727, 1152,  725,  730,
1188,  572,  900,  734,  480,  482,  747,  986,  737,  873,  751,  742,
 849,  871,  857,  874,  745,  880,  879,  750,  872,  830,  584,  731,
 547,  525,  701,  699, 1190,  762,  759, 1193,  760, 1195,  521,  518,
 768,  766,  767,  523,  909, 1061,  689, 1094,  894,  780, 1062,  810,
1092, 2022, 1081,  764,  765,  785,  783,  784,  769,  669,  690,  680,
 598,  601,  790,  693,  672,  683,  422,  484,  971,  802,  977,  542,
 503,  899,  970,  808,  534,  735,  423,  388,  910,  814,  811,  771,
 812, 1059, 1964, 1848,  907,  820,  911, 1284,  821,  824, 1316,  866,
 864,  364,  876,  739,  740,  984,  828, 1297, 1296,  838,  877,  846,
1272,  825,  826,  884,  841,  982,  983,  851,  853,  852,  748,  741,
 430,  878, 1271,  837,  850,  936,  743,  868, 1265,  855,  870,  869,
 865,  885,  840,  867,  839,  862,  744,  985,  941,  856,  749,  829,
 746,  863,  832,  935,  845,  848,  736,  858,  844,  843,  842,  875,
 987, 1084,  887, 1086, 1794,  890,  893, 1800, 1795,  796,  479,  798,
 797,  901,  978,  803,  474,  374,  553, 1798,  905,  605,  913, 1058,
 777,  819,  908,  912, 1932,  916, 2032,  918, 2037, 1996,  921, 1911,
 817, 1283,  923, 1078, 1650,  926, 1999, 1738,  931, 1648, 1907,  940,
 933,  836,  859,  833,  939, 1445,  934,  860,  953,  942, 1230,  946,
1668,  948, 1666,  992,  951, 1737,  504,  943,  944, 1667,  955, 1669,
1782,  960, 1744, 1981, 1938, 1747,  963, 1769, 1928,  968, 1420, 1419,
 483,  897,  357,  376,  997,  974,  545,  546,  732,  717,  721,  886,
 883,  882, 1279,  861,  738,  981,  356, 1203,  634,  539,  996, 1512,
1836, 1733,  949,  975,  988,  990,  401, 1011, 1044, 1043, 1042, 1010,
1001, 1111, 1047, 1054, 1040, 1006, 1014, 1015, 1053, 1039,  277,  561,
1038, 1009, 1008, 1007,  400, 1024, 1628, 1004, 1003, 1046, 1027, 1056,
1034, 1032, 1048, 1029, 1045, 1050, 1057, 1055, 1041, 1013, 1005, 1018,
1025, 1026, 1107, 1030, 1028, 1020, 1031, 1035, 1049, 1036, 1037, 1012,
1019, 1052, 1033, 1051,  770, 1063,  776,  813, 1060,  815, 1068, 1767,
1070, 1066, 1069, 1064, 1067, 1072, 1101, 1859, 1098, 1484, 1805, 1806,
1716, 1074, 1065,  775, 1085, 1082,  888, 1083,  657, 1100, 1909, 1960,
1649, 1766, 1095,  773, 1093,  778, 1091, 1811, 1079, 1849, 1102, 1071,
1087,  274,  710,  706,  696, 1002, 1403, 1180, 1499, 1021, 1376, 1206,
1367, 1502, 1503, 1440, 1138, 1345,  632, 1371, 1223, 1350, 1351, 1256,
 524, 1147, 1146, 1257, 1121, 1298, 1505, 1209, 1323, 1263, 1264, 1208,
1374, 1122, 1363, 1509, 1435, 1436, 1489, 1250, 1216, 1215, 1339, 1611,
1409, 1982,  726, 1154, 1157, 1185, 1155, 1153,  550,  758, 1163, 1160,
 761, 1161,  763, 1630, 1477, 1559, 1126, 1172, 1169, 1110, 1170, 1178,
1421, 1174,  551, 1176, 1179, 1173, 1402, 1456, 1825, 1984, 1422, 1156,
1187, 1189,  729, 1186, 1159, 1194, 1191, 1162, 1192, 1164,  754, 1629,
1487, 1479, 1308, 1309, 1379,  631, 1225,  481, 1214, 1119, 1229, 1441,
1142, 1259, 1260, 1356, 1113, 1127, 1128, 1437, 1438, 1347, 1506, 1507,
1467, 1139, 1129,  355,  590, 1945, 1262, 1137,  954,  629,  645,  638,
 648,  642,  643, 1287, 1237,  646,  647, 1242, 1289,  650,  653, 1589,
1679, 1140, 1375, 1123, 1322, 1365, 1450, 1617, 1618, 1609, 1521, 1224,
1114, 1448, 1439, 1219, 1675, 1490, 1500,  881, 1226, 1244, 1727, 1726,
1584,  847,  835,  834, 1392, 1549, 1563, 1428, 1317,  831, 1994, 1962,
1852,  924,  822, 1743,  628, 1238, 1233, 1241, 1235, 1236,  637, 1240,
 640,  652, 1273,  937, 1362, 1325, 1115, 1342, 1525, 1579, 1580, 1642,
1117, 1112, 1442, 1443, 1222, 1586, 1688, 1566, 1565, 1830,  823, 1678,
1750, 1246, 1862, 1144, 1145, 1324, 1134, 1326, 1299, 1399, 1454, 1330,
 527, 1453, 1515, 1336, 1333, 1518, 1334, 1520, 1736, 1396,  995, 1372,
1360, 1361, 1416, 1207, 1116, 1261, 1674, 1686, 1249, 1466, 1202, 1143,
1344, 1218, 1504, 1248,  579,  903, 1301, 1373, 1131, 1247, 1382, 1381,
1508, 1258, 1217, 1380, 1364, 1130, 1501, 1343, 1118, 1357, 1307, 1220,
1221, 1352, 1417, 1251, 1370, 1366, 1689, 1394,  375, 1556, 1395, 1640,
1553, 1552, 1577, 1388, 1427, 1393, 1148, 1614, 1613,  538, 1184, 1108,
1109, 1401, 1199,  952, 1338,  991, 1167, 1410, 1150, 1908, 1411, 1414,
1647, 1386, 1354, 1369, 1141, 1925,  967, 1175, 1400, 1683, 1564, 1561,
1560, 1385, 1574, 1314, 1645, 1624, 1572, 1571, 1311, 1210, 1353, 1368,
1355, 1212, 1306, 1133, 1200, 1201, 1328,  938, 1447, 1681, 1211, 1637,
1591, 1610, 1302, 1455, 1444, 1331, 1612, 1426, 1255, 1460, 1468, 1619,
1620, 1651, 1463, 1578, 1124, 1310, 1459, 1672, 1197, 1652, 1471, 1636,
1635, 1476, 1654, 1511, 1182, 1404, 2002, 1482, 1887, 1315, 1910, 1099,
1632, 1653,  993, 1321, 1135, 1890, 1879, 1332, 1497, 1494, 1335, 1495,
1337, 1171, 1136, 1341, 1300, 1346, 1213, 1522, 1377, 1378, 1383, 1418,
1627, 1166, 1488, 2048, 1926, 1493, 1519, 1516, 1496, 1517, 1498, 1125,
1132, 1623, 1523, 1452, 1604, 1866, 1536, 1703, 1529, 1532, 1695, 1701,
1533, 1603, 1770, 1699, 1700, 1540, 1785, 1707, 1592, 1542, 1449, 1983,
1660, 1670, 1554, 1687, 1389, 1546, 1575, 1576, 1682, 1659, 1568, 1433,
1432, 1408, 1457, 1616, 1149, 1665, 1615, 1429, 1918, 1657, 1387, 1655,
1646, 1557, 1558, 1685, 1277, 1391, 1390, 1274, 1673, 1644, 1643, 1451,
 957, 1469, 1728, 1349, 1434, 1751, 1587, 1590, 1245, 1252, 1543, 1939,
1593, 1596, 1924, 1970, 1702, 1598, 1601, 1698, 1880, 1606, 1690, 1541,
1535, 1538, 1305, 1458, 1581, 1562, 1181, 1692, 1691, 1424, 1425, 1639,
1638, 1621, 1622, 1461, 1462, 1524, 1641, 1384, 1430, 1633, 1023, 1470,
1718, 1486, 1631, 1510, 1474, 1634, 1774, 1544, 1254, 1253, 1550, 1431,
1608, 1304, 1303, 1626, 1661, 1413,  930, 1816,  927, 1464, 1472, 1198,
1475, 1662, 1573, 1731, 1547, 1953, 1551, 1570, 1569, 1684, 1348, 1276,
 947,  956,  945, 1582, 1658, 1312, 1583, 1465, 1664, 1228, 1269, 1268,
1278, 1319, 1423, 1446, 1548, 1680, 1954, 1656, 1585, 1275, 1671, 1625,
1526, 1397, 1398, 1762, 1693, 1531, 1758, 1696, 1600, 1706, 1607, 1534,
1599, 1530, 1545, 1151, 1537, 1605, 1711, 1708, 1901, 1709, 1969,  929,
1905, 1714,  925, 1089, 1165, 1720, 1781, 1833, 1725, 1722, 1902, 1723,
1676, 1677, 1270, 1946, 1864, 1567,  621, 1340, 1839, 1941, 1406,  950,
1713, 1936, 1741, 1745, 1227, 1930,  959, 1740, 1934,  964, 1944, 1764,
1753, 1588, 1754, 1318, 1763, 1756, 1760, 1765, 1697, 1749, 1755, 1757,
1694, 1752, 1759, 1761, 1096, 1080, 1775, 1937, 1528, 1739, 1975, 1985,
1473, 1791, 1779, 1776, 1787, 1777, 1792, 1719, 1966, 1995, 2044, 1539,
1778, 1786, 1780,  962, 2038, 1768, 1788,  779,  891,  774, 1826, 2027,
 906, 1801,  892, 2023, 1073, 1097, 2001, 1860, 2000, 2047, 2042, 2045,
1948, 1803, 1088, 2034, 1885, 2058, 1090, 1492, 1819, 1895, 1821, 2011,
1913, 1735,  816, 1478, 1931, 1480, 1829, 1865, 1483, 1886, 1724, 1834,
1721, 1491, 2040, 1877, 1837, 2054, 1513, 1842, 2053, 1888, 1863, 1527,
1514, 1320,  922, 1485, 1904, 1831, 1893, 1844, 1843, 1916, 1857, 1900,
1850, 1802, 1076,  919, 1847, 1853, 2003, 1828, 1845, 1602, 1997, 1809,
1808, 2009, 1998, 1732, 1912, 1943, 1958, 1838, 1872, 1817, 1867, 1897,
1813, 1884, 2050, 1891, 1851, 1481, 1854, 1894, 1835, 1814, 1896, 1282,
1903, 1818, 1919, 2020, 2006, 1898, 1856, 1955, 1832, 1889, 1858, 1715,
 932, 1906, 1412, 1812, 1075,  920, 2025, 1915, 1748, 1822, 1973, 1974,
1313, 1892, 1993, 1935, 1871, 1940, 1595,  969, 1846, 1868, 1949, 1923,
1285, 1796, 1965, 1815, 1951, 1971, 1771,  965, 1789, 1594, 1929, 1823,
1875, 1942, 1914, 1742, 1963, 1281, 2052,  966, 1183, 1746, 1992, 1555,
1663, 1710, 1712, 1978, 2035,  928, 1717, 1952, 1947, 1729, 1824,  914,
 958, 1917,  961, 1956, 1977, 1921, 1920, 1855, 1967, 2033, 1783, 1597,
2036, 2018, 1986, 1968, 1705, 1704, 1950, 2016, 1987, 1980, 2017, 2028,
1790, 1797, 1961, 1972, 2026, 1976, 1861, 1927, 1878, 1959, 1077, 2051,
1827, 1730, 2005, 2007, 1899, 2004, 2015, 1922, 1988, 1820, 2014, 1979,
2056, 2019, 1773, 2010, 2013, 2008, 1881, 1784, 1793, 1799, 2057, 1874,
1280, 1991, 2031, 2039, 2029, 1989,  915, 1772, 1882, 1876, 1957,  917,
1990, 2030,  994, 2055, 1870, 2024, 2021, 1869, 2041, 2049, 1840, 1807,
1883, 1804, 1810, 1841, 1734, 2046, 2012, 2043, 1933]>;
AssertAttribute(G, "Order", 2^10 * 3^3 * 5^2 * 7^3 * 17);
