71 0 0 
-6750
97200
-603855
2263977
-4854483
-2486349
75190491
-399596520
1441975423
-4089818964
9450153463
-17516526653
23635982289
-11859874932
-53385529273
230566737711
-585283867605
1136695427037
-1753961304140
2020891913264
-1147488305875
-1930304898882
8102336330029
-17218530732347
27006964902986
-32365758791872
25902000374138
-468390635342
-46332664858222
107139839089502
-162234735929274
182582147217312
-140033523896938
22513210292184
152367877270246
-334009986053250
451855980915164
-443144048889720
284518400252142
-11142427766850
-289840331821002
512373447321402
-576967281819172
466024421705696
-230395084854230
-36287337331916
241209603962570
-330646545417814
304702155703516
-205131886553392
87504290135653
5131997859077
-54867900326127
66216047255551
-54817285755105
36239054778472
-20052219750661
9464634765852
-3841191816845
1343947848527
-405138280373
104923131180
-23228729413
4364552115
-689157169
90223321
-9613968
812240
-52327
2414
-71
1
-1
1
