47 0 0 
-65536
688128
-2502656
-96256
38598656
-187217920
508021120
-845669120
552981696
1469334304
-5945275904
11705275552
-14673798654
9100068184
8421580132
-34288012648
56657584158
-60426283952
36612252089
9942017442
-60791892299
93046207239
-92028642340
59196883097
-10454018992
-33364599371
57280402355
-57873890484
41879296232
-20241250112
2065827049
8435506655
-11611941072
10182603298
-7040645261
4071881378
-2013138357
856757031
-313468474
97893151
-25770006
5617769
-990431
136864
-14194
1034
-47
1
-1
1
