191 191 139 90 141 
61375132021100707240497458970624
1885584558454966819248983412572160
21811095859324559837289567133630464
83368604116883869384884157704830976
-542257058024282750932658049792344064
-7307673006289719616269633537378877440
-26767289552129735041400435852231835648
32144258280285139038625992625304371200
587282426348070017433208484636638838784
1612303095404862549264473765118795055104
-1134739472833571559210430197646033944576
-14309869304987096416625262972380835741696
-21622493387337791882018872178566714097664
-5832382987963412320094902100679454752768
-102569565489807079492345101189721588826112
-114175589406777886748645183370237251321856
2031360024633237744219576615713722349150208
5759486311602043430450943689299604204224512
-5035682458363846290648465559686431683604480
-32634957361868631528208815403734932007505920
3262170689617982803121696413023971895751680
65433982980314533057831501164374595777709056
-255069434792337983950995576115779528954695296
-303909221561708064097110414378527822796858752
2408025677274904977767323362422464293313953984
3413574555468800785739476875804351594539722336
-10301672222639679035524240637595903391098965472
-17006350470432911174055303505239164906805556864
32264317856290823772385757415164674689198787656
35211594979352895093368776051838808576861586824
-138983598094478869323053354544798724939146883476
3026220741304961297712219390101804572329559090
733059221086165055226564121349537504331130006858
-39993082467271919274659799914116562216266933286
-2884496728109603309380027614548709513642613557934
-1028278861702317186426401426224246245314879252051
6722555315812971363483861006406062862775397644128
6127571998614192153490369242019514778152639217345
-2310440843345603429484847872192878488831760454404
-13539812060573158520966358898818663677777912464929
-52635679047415986700799371904035360176286541737841
-11549084833905306571150614987133610748881567895458
258006383292482060990559970719705298891155732440897
188179290461262914973646824674846160047868654268308
-746065378760687372778181229171699324198057528290551
-714871876825180927267526147710139253026283481208111
1483555548446900259363227862448701567461228051585009
1569240945375785139429063725350971318096579881223717
-1700443788546094159001799127114093163947482682311486
-1550570825326828953067068550934356162006205822817329
-1316419602884741754013997756266674705862459035703261
-3390613240217078835491613727748183087138449303644897
14240549203151014466599912750760393055465487141257796
21234264510618205661516917919591449206759030548627426
-49951937465680785784938371251950207387382258449545468
-60319606557488903505162382821150752731585546549122888
126742734036399199740053304884777627266391973477995749
114109263813555380832017174814511636324365469669229873
-255032452489282055298781276778373709240618243703593094
-128627434839969539330013732882098186144013273451281448
393078132439929914758568948549750888484588436072131223
-39749808322969044620668036472535512257537405476831585
-348704382216236385919216639094852572279633952506591838
637819101773585454792735518250389123330358288081254438
-378397724929935872867341808218476489322213540678541900
-1923955434163150614255695649917386414223642637828979745
2760185570296764412701962459075568498748871169349734145
3887046280756494653110642253190986444641567719069103285
-8259330305449634421705284878914392920191714709696248295
-5771131624575732772246320581694582474381463157069528680
18479844102203120552298977706887203727227267682373081889
5595944616044157465691818704546343458800102835503568693
-34292226032610021881391303795274605813434110545362963485
-97060889594622344679377968384764289790042989885817326
54580940603475787889466076668420455362294075716937963911
-14430408402464048730625859113522387242723625976192486457
-75236759245932698529377517052328955212240902079699191013
40249121697739281262581571120904513879437069229289378039
89337682457408973336742847513607157247371138602191535418
-75886022662106279032635255760511851843499470012262792584
-89189395687028047483123945078470404148515681870274485800
114811044922706788446581052048482445381801898834603710890
69867132669445518581389096239099379690943571358873993806
-146505703140861121458893326551169655855038416545016306888
-32599072149812559358363802514463784037802403079925973996
160224045284280152059665640664911401215150218170425391874
-14230786230951523743004113812007238975717331575377786676
-149930318617651352772093577363284997729801700110486382218
57719614507938676587764895594998593253974384671012787403
117657329037102806740246267243702845563154322463304223942
-85800427395580151130887270307276025804289010780015361569
-73051722847822190565384715257385225161932036921881079753
92459908514572016341555147474933379849917047032121095000
29101464359717987253977757552136843720905073694916780138
-79842608918609859243255740111190475068097852997880182418
3536376303347028669369768549714387805684292754883409730
56210513482965405908586594070770573393229745088212614422
-20397311315329445108805460108197525327920715045479303894
-31329678581311954436475918340687637741248009697685226416
23456137015511154393729551582813774846212203130914519886
12186276443851920471371957556805354277364116248557005246
-18376679777949342603288419472943618785872375641708106024
-1182038367743846818514725121769574136559264649099508798
10974398194549938624006984263288969559046864273491342546
-3001053802920575137438008881262517423208525297082036110
-4928776007583514961269879769982017712887981274045587252
3234791997912551696248845525580367975513224758608660202
1407259208025494658846117621107887237426398469682980380
-2071491096010738087779348644925670108840932837054984968
37506187632391459025458638538102017964367576480853912
944571366603119646766406839562689234797281343194801272
-342857101211127385612423042670407337852183933276086800
-291034791084064259571125049340598592867123093638853936
245433483395463339792596099361876709799909143544006272
32779472744065516095237789988225230803416560411498700
-108326752694977251273287842876184377864788454445212404
25604340547557661943701399417772327816866652288060602
31047506627555577577773669703218297787867063657713924
-20182387453868902773528065048509796727149649021040946
-3596569507752162763384178396711542965982886470297718
8064967682995755955249554323265294754767935114290434
-1717754769387832008813765146231127618012864095883960
-1922272424156866599550505334410111082476242324152310
1216270022176190714813763990092694183339710880980582
127066093205294396990996394106096239065782671608410
-393162631786477919328125930778926999423954697819606
108056612203312822725973407065772838627082047035912
65524890153046223045652700463899596176570768618900
-51940234172322123768700079914728104936227141078732
2743409961117407431582251990359647699865283881384
11537719053317829400944786774033762785882948804198
-4921164438614141086311732034201613764623207805527
-774026576268851682691441140434989377039707041032
1365050749685595268908580630428102145899985485903
-349622894035630883988900688006804538621227419034
-146867302117581807453023116182535827010773239257
124870886342801691691298169007313958542126935567
-19603991035960420676513369043752171211873218132
-15562480991907813727843942878230014733505948069
9519230780557972489667128815290836775652503556
-1005754670255325790524928149192215715433554265
-1202039678699111961095311456766975704198659727
636761862464587241346433426955360618254302287
-63600879130208153078686024356892078516000911
-71620884766095114663378328926404490186284324
38233339741425910702933897525151706192228527
-5245453615675061615718784671241953933624167
-3175408138554412013815118674061429996603405
2018397455652851761192992804628576297843354
-421893867069358981624932989627966144594402
-81203943428243923691902681252705382453874
86933856349743252324918593205580338631838
-27262788691255000378524347209689115234747
1431142256368837985022264662146070932035
2549622607040227210396927650852464189144
-1287227363045502520698849295286282412396
286078042932762604428977334687113766429
14935830425342717623695195509794318657
-38634697491088147606284192954760894894
16072440047273019514814849630022527122
-3109361652239927636462264462404979968
-351082432367231606640917792435417487
499962220340919000546176547089170503
-185671566335967097219733609283095241
28903575652316600387832747466866185
6492813531017324430529932405887612
-5606564492166052357994740183262915
1744854041945768390596532465735825
-225216530591495228390172708368697
-54545578044315579104846270576802
40977213113795888620859833470819
-13322616432156733508397246822861
2921244794931540948424405513351
-454255805146869267834375686209
45290331949017482266295206494
-996309091644788794833123494
-611254184183680782432735314
135166326502950592067203924
-16122462359007050835155618
1137991263671516461912362
-22306492392233667635512
-5201470446276199605322
713212746049851302726
-47627472372078939748
1697840045657883699
-10020140835615968
-1869639774459887
72884067928953
-525845392772
-15758393476
-21336826
-744
-28189003658356405944472043520
-773504466848651624331457069056
-6605601772979453062747502149632
12652407036823436049958903480320
590291758946610414423966546395136
3349941591831906036930706698928128
-5432448367219860312194998241132544
-143021051786190129776936402659835904
-516539964411562193251137516020760576
1116432929891923908673043133971693568
14074767886427832521032388972261646336
29209173386464232992044073634589818880
-109582360187115025326068368645768876032
-669346810227558229998917428769594744832
-536184693307843946377926000856429969664
5196090507815512425983056350611983416320
16124929649822635914927844711336348417280
-7281877130232653010679996121858794949120
-127423026252727099968701986395478297999040
-181858405736739642938691547502797100736576
438309639880202912210310844011099623869984
1665058370522658198062996252753697663064800
319021556148522115895752367473192609372816
-7097273554286159118232194352159380914856544
-10719156261839290280127310398256090924556684
13967955913142523012538395544710132816786004
54710673912114958380785942380683838135255447
16465845067124577061998076200461542978550812
-145973036292164415900374465045483733586518872
-205064591392855849406155140243059768492880022
136335333664165643308321075587402706603743292
662903298555037870534176242414751455188214172
634993562589826042226447001127495654912798845
-845345430885233950678824786482348683871991482
-3780689819779224023575190419981097045123251924
-2249514454433819311458875100372374165571883636
12337925151200154049633659288704968873688282472
17700280029199771589037782990970747985706753786
-32727888111678557562547473437448109070123469340
-67635337156758230734723873749008982747618863334
83029598850052193734911542997303827128800562605
201594252741091529983431569861262704534607666997
-212554938229842481454161316070525667845263480338
-519480451153002156383754006795028012264207566543
520175711113780887463029403108497000811884981181
1168895334747636747958466183686264009118630442555
-1107318655702988522111925256908312232868641392889
-2173912122618176107135390118608363292764512637801
1823458571684301668149963280768922903935911646210
2786727257693165635144598834145723099530761961947
-1614021046947881773425243658849525318522977291038
-36295164204044274862925584883018181522571974067
-2639119165188247280959098747899331015092181258286
-13296936531706110923967511682320774075097210321230
17579143216564379858630380812199920248859445372164
49645475593992085573951689839812465391655218052532
-54274908195193321671744194469023053270169337788414
-123343536718278890553155250949578476793284633862939
126664667577938190098012947966013232368927163561030
240225791691873186657561639563484156923904374914219
-244728834452202195381410646397758940377046305638300
-382179994517835859421633985845946110557034906512554
400523780886490016825218484111464629416033906098231
497395007605656399442285280973466107848994062363247
-550602169555380307139329737792760089738031004983105
-512649419207004637333683164049227522296008471298990
608123462407355053193960850309279247720048877904062
375684277271863575353080640529867115655823921016889
-464509867086048537503411976942981024417111897962547
-109992206065093835930824946823068934447127830924849
50050733035076438286118432096549205928784375346351
-162561169316052887701527753883898034739482319669827
590239075895269355907659701904749292472603357345788
272281317534327239036645585336284565470214741377413
-1264458503809286158112686418084364829108431131463979
-115197951585179701430023258761745352748662906451053
1699853481467963641693201622114012709236945921086814
-248452889616802492693851501963257991100032003754030
-1695323677470281702547369785668398797775397169824915
604787639511178551487622581199223891269589864614199
1261937504355878749241161273621849432603820195121144
-723934588606765212217058045600281049704266988992044
-632897155608997186273238754023254393686122569211415
526991188137081852946883745081856041447874119520560
115800792025168294398550120497507777933568301437984
-142441056632814305787547984244956603743234827452636
104864251770981785824117899657087255013675677938103
-198414167366708082716994395181083300949639381491897
-59508828804080172819636409243412141655332787533578
334278709456761547271668141708831221924250997775403
-80923064635475050029781479996670080038503754656819
-267697049797385767461494887806417843157583456932099
160243836932800715841059641709263194626735694351433
118537149864872438815665174592102018917268445724659
-135370868556802131145749585822942729068733990519063
-5965751594678929051733976053796605521225892401607
58707912779357152558009395357173309794067933389982
-28944622646496077816880781845145286401767736768184
2295790295065853213070295840806829567002843066786
14451227609105461479549918307304692198862471415672
-21679426339068187323372248648201849327742772546972
6054672725922650410228415374412181864111258170888
13717424772859029142790211202972066294765826785748
-12196778932723761212577860469455889055452477486810
-1814059733911718452437370014447570167262298443774
7399011096697622257092234883558298446041451687756
-2998714918584318107279351961151468797692599432688
-1509033977360412499801733409492314103036708737208
2150070466181576247846746743531346938782245721810
-909370034145737260229245692375979997013609547960
-285338467453827158628910917385641500745609458354
755365254437493821569691210309588337564478869028
-444716498455814184253745531700989414719897270610
-109598675293764468005230085143706357633764656438
309781393176750122311076058522728850458505125406
-138493908546967984304026074933529970462838760948
-56429333893659462133418688555596638402804170372
92170787021459409428471266078653061797000121162
-34309013055456871592850972969349965474052321536
-14016782797960167477877929087677393305287016804
23173053425485931834824617386695765381744814262
-10578770396193782966510044189035088446529941608
-2335350055433028718565292619462518573107661950
6179812381470826949936675313944672118785536536
-3157661033204684682199881966522030703150585436
-487568797341241094856572878802023467362709776
1531234676369236557835275397370302114644360754
-749677558409334755979733509364961421881280564
-91517752099315375722425769035549870263365558
311072333871211281794406325661627724220649428
-158280998035705197476018522808220763352870956
-4988016103013405757313557247083881746892054
54736037069882189124536953996790118311187038
-32271705423549852551115819556920093118514162
2132636832584277471005132696392944157864712
8961164485700145043641584927470858922119074
-5910973432117848464096369135294895777569969
685677478621495975290747464017258425486093
1316696656170984582679078047067528387220099
-895264586628060789695953508813133377395227
125012464602537092119770357989464851338271
158403688363715459714684923231553860036695
-109069319513526862887768032887464006271245
18309359913641921227534235786652769679591
14346052580702870706107529495094419978685
-10606391286379514615999996777800326152839
2282318178427661839207991259293780680293
865624543012162984098066629950943901455
-802021524867219578656423572812370087130
229487525295151413435384365265991821076
20067426942522254944429976874678853798
-43515445463061212854405353738820064498
17072183929902435676554989790504247021
-1919194673830430193260293662640144161
-1312695351564004585897036608995966033
828053055216525957318918215794989041
-223235276774929143124654428905469972
10400244223338945794715702943092424
18341230226939244827080287316287659
-9245176316480391693678692657902627
2454636289800932018158852736287872
-296987090911955535892472679928800
-66918796813347576026756990011251
52232443474087120898893326052759
-18346124504436913754748386982077
4642325368513044951570294268893
-922368969831321556447098791069
145329954065352933012610398815
-17224535901754006196601523397
1175498768497734851711526143
72867600473819734047094903
-40725376115488573767896923
8061824359267115985693532
-1102602650561363325752278
110770619598863731786553
-7195661040054368194807
5888699626329157870
80618501545381721166
-14397631809181190304
1709029259029157046
-159884685102405574
12396480308256530
-811469582921505
45079959955613
-2119770640193
83623042531
-2724983673
71600401
-1461103
21769
-211
1
11659968231628820447232
240410402414822440304640
-1118671731985877591851008
-57413058561590565057232896
-261624555485611588111196160
3772582575488727642328006656
37108175311330554565755205632
-46070103413254506543376404480
-1835328280846567737338827329024
-4710795366435215394917865122304
42063910852585072875998256794496
246434299349902813802809350252672
-309058640708867503265698682249408
-5678335476873505744628569310580384
-7408411421801573747624477550242976
73075026470569463226576835904435136
246139867249753171338750749009875464
-466890711473534918675282886050144952
-3583623932143865557399600699107882148
-927448241590085942394277275548880526
32194145869971872007304953108978424792
53328404139117585153727451838210606312
-182846526845839415015819756582052305752
-615320531658878465791668370925381272929
501005242642785443826562760994687188343
4376959459699754634325361993563091476944
1703398099957365046902241179652447909181
-21789152668760278689998624620720324365793
-28922266114756023879991778652692136438158
76183022860425775764252513703532587381439
190176630694745847963022192689582136412493
-161551836575524393321108475750906723106649
-851995004168870566325006705674551954644760
-19187889962335501518643537712710875596018
2883459964899431068597286165480433588713911
1884041428636547743889594957479462398761222
-7582946175287179565588681884336804094191310
-9645531189540523057672375022209702889439457
15294490040219249465925904678494512266259211
32237239278098263028217837789165564312210603
-21643286708604630279191934587575074130426549
-83217926282475995417443665112778331173115841
12080164667706325963352274275741350902543084
175503283020325862257036470559057057012432221
40912138440580550953717445416006314828177099
-310435152930606378374450085373904405495691369
-171323600771936514314055096649534258216472374
467090416848792720928995568665697721148678794
401290608604392990604662804241529295881684656
-602367765893901202825062781309176247910207488
-718980255904168502608673147024333615860331326
667839364796997988507022243250998749018810058
1069074933014623851286367256524153472713056507
-635942101066315591435998326749810132771151981
-1367711410195512272699335190079869322727297365
517454668442072919199851216972080411854886170
1536795369858470603684987233301209129462290085
-356428537223592016890426965205801586644391770
-1537455861600074370902731257923592334637793559
205778519786342769250719320898601677642980796
1382930456487190770612312902262596791361766743
-101082306744442334709148721343224948069850379
-1126306366349899252037016203283247978342149072
49198046219195550867231379645256889760781062
834336344804502827594601593977996084994918783
-34950181480390938977150748892885745527429771
-563244119477631762850029039924555990429859432
36590310623668569689614368469969109083746282
346185997476172798568411820005429494571004419
-38312655397678532134345901417145244978626841
-192897591591160268063646087257116851019527889
34261955509557613074759734002863888822695007
96638685553983046855390292172202020234021350
-25741347208036907216736056015896939022565148
-42931749756075747055784195133777325657760790
16395547166484883489726046971894899002293313
16524470812526238629389791965725829208459394
-8918897776561565595978419296656313528621685
-5274009945365140400965102952214108733876553
4148686626258771521892706817178396738986214
1252408360165976601712660140863849971248722
-1639742398853566939460077884300492667997428
-129172154175599238887676807961651615352745
541502088287581382048299736452384901179249
-63350024753835753854871458983690533627536
-144046329773670677501589083624789028156510
46857909667390291230232014645228254442025
28188292094510590783095252857413040434533
-17970865990868156068744122146849299360818
-2778256455951617844576418989205853559588
4787758544124449852529925108619738591081
-520947983421119083193019353908759821940
-881903716382919285168681872615032236678
323950445434773513564732786757026320297
86990996686197034650211523939671701588
-81922525844865005388489108086224438088
6483568290109772872610021161982028638
11899788093282199983607484197631952751
-4295559358835113158876836479770982780
-600367429212252257971138324466479498
788277203189715283339473231418351188
-144566851836675043990513025746299543
-60361380247639767013685749210641609
35675605206331073561421011248023308
-3591022577740784152047647589200169
-2873755194420417205852717057220711
1253664077443931606636330068776735
-100746489461044519398881566118738
-86067268231178857132160060651048
35748683157862380395436900866993
-4097721677252351550151912947618
-1481370618158323821030652229844
764889099047512191091720808245
-141825552503557118465675829992
-3062448862750696856130947356
9127529725472413048521922886
-2679384341993581914634992040
386978639599534244542725473
-2083246393148987928484003
-13804852900330112556423590
3850582378668143292713981
-609749843530395035572627
54914929644571062635329
309289967466614765382
-1072804533430143607291
210028985602355027978
-24398023393099595444
1702325126278812199
-13230756037241342
-15179853790909513
2506921140793192
-256944077512955
19685384073911
-1182470341847
56223471232
-2093761512
59315987
-1208768
15857
-101
-1206287372795904
-16641162890698752
37748945067383808
1581142101837613056
4752952995862900224
-48357634542918738432
-306848580228524914752
338991047000734812672
7011288699490229710400
9950723352510662810656
-77461016331474728208992
-256192174283395264477920
369226085453064859747164
2797387676862296420729376
903913463037850302422512
-17902312772918957342321600
-25415792060055719593668724
70497368764983922550733188
188491691192890408894284848
-146202070627063020513789224
-856314513821028323832320513
-87864185651093315654231954
2729897759290606832293144631
1882967521750476376602763292
-6405236893180360375206539840
-7845698157542775104918432848
11186774117718316363031866190
21053564998684254019765564480
-14151410787901461879424501708
-42389125459446425221385374800
11327465138624216670762144702
68004159149990612368358456178
-1130924406455720514026389675
-89994064992599169036860426286
-13057658973267664540601868341
100692662843197902516874101030
24492580059420709577681338093
-97106203102668362297023072432
-27910889448371851667248355765
81891341712868675088205138396
23083449331526979625615443276
-60900566264065569340718893314
-14084930582456242663118786105
39964412138417220391498911544
5724075427718393919106324428
-22950173038397425480800140736
-617541937586948279972487506
11326996143823435110459635752
-1260740386672374613417915867
-4660430732190803547775381344
1278312491383916223753995940
1514769467460605386632827428
-740173974909820289383904376
-343304191685246369341672720
301427803556189394585761892
28895895416103489486767700
-87562339953126788732333815
14835422141628132135730800
16542850435214540019498546
-7729372611706163192949132
-1188334922007277325086840
1809224850055680984231008
-330466741010564777155398
-195782054071914184661468
111955310604422546370765
-8259351187948914196184
-11976244417939658797502
5007940807880693592464
-365573605766704367381
-388295259389147526630
170525355732415117387
-27192070757821537028
-3503329525427382331
3158710452734017816
-925683041648752650
164071481505072636
-16664786874181726
-11298483570232
352554869184822
-71890819450246
8158909214844
-478238096810
-15265560189
7135528166
-917317163
76014152
-4511757
193856
-5811
110
-1
-4988083700167434842406912
-139233902747433051818557440
-1487750718686025420248186880
-5505132789006206572418826240
30693482225944207358089494528
438489883249100659129442107392
1911750094089665687519695798272
945817822748095857382057574400
-28557599489445000277754069188608
-135127013187733816008794458816512
-168249743959467492292782912380928
883751375718249697311624545058816
4601285730779377271972200410574848
6041694077722333375867196277129216
-22796978029389517782902287094086400
-110969474530978840475345141760722944
-83801308614092535538991146266437632
714982292745601602984000895547448576
2254075587008795839448002497816215296
-849046255910686077530397062676676864
-19049519104947718308843236716282679840
-33051005050004363921833104293256577280
63811581518106106214980824890608452960
335934269500543374011357644179080242544
259277223102076573852324207423982586224
-1371565788591655636284766236621861929840
-3749456875487383715921323380453653598955
83776232183436541405888270680463714776
16586056326630574897993931992102125669516
25974229445241661683443518939631833242830
-23103560743228699157355053999597248087438
-125821240999434925700887160756900920450174
-103780329893930348125302180233146084111196
242724899934103307547294790693775575226081
622472831878103645085368692297293928688099
157281809523587218946203722549416924661354
-1363096664973557099744215262708365353707730
-2036269849891484390110425523693558099364279
580055223462641355569205958106251758611244
4872130735588759017509397829315286725830854
4356578300596703165528948969798117179240419
-4074705950264085864572145776734135277039624
-11765702328502640923054791356345405668555763
-5727467388856237127331336219599389565700578
11813019175965049637554469191231490878033556
19755957154235437393353120446961494287825151
3595096588209749961969514602980781835584628
-20991302270564623115497527535705054075006374
-23714468472685008477320619782093413923625976
1156212222897179417888081893099222174246536
25261249867538999593094624442904944098906270
21173506442940990778177329244343936300631108
-4393015966100510685375293150857547011043598
-21592143370007357216847341307447211393814312
-14570385922930939618165675185117135568470163
3943907221285311480968115842603217941809756
13251571427267800537658492582838751420057370
8096991859846244050555926675488338127159008
-1678932127417664255262479208860614976914939
-6036534332222887686287268412027002963435476
-3615002785675224583027049157976312454872779
548191720848678390842084438806242287186484
1964267400391833518132373979114066463134069
814054745140923099910491203050331150940022
-220373725612005896001707778887697231555135
-140999051235194891131716508660142586785638
123208380642742087758368338313246182778032
-13998933943145286337581811659589207872398
-218110876067366795732308881639349964620727
-133213150970734554340258301359219679898172
108362102776236234099788042582905608018026
151094610072161321788818179291897421504434
-22445877939142550850779586164163193773554
-104027126592820438068809236479466328866650
-11641020681327192143174738666919181890203
57236386038065309591797216731621544952112
23427889882667169660078568667324307443614
-23162838006813014478495048287450779369100
-21952196741479877894866587661056348176161
5803965921095887774317300022367666066416
15228498749139431700335430399812906890941
270466100798825243406737537202387112380
-8205042003243018710458224565913915208479
-1382998229367669451477909770155885946648
3301939913424145841789780862916122149361
1151258248803071389481760978253176494412
-850965894191000886995545502098832184183
-774912790095964353886794366702414483526
34630939574230277982912048752994843875
453229830012343466734856993676704251788
84246288059752164891045370270715998345
-212779542131123350933827479895772075462
-45246831480159287887303102443690464101
71770651839526323649892068083872233086
16863363069729152013677748793953808148
-13781430335483396934664105221727767650
-8119907808655125763450335788744501813
-369289129710345914231209146580989448
4663004758675449086391082423474218109
955653854526176116462436361803820536
-2081943798362639810423393125713375378
-151485814887557862273261926440621618
594701559777665505152425163662335505
-31182464994665884688803831641425788
-83035438757155904404930577055024483
-1937262305789734412019989752913668
-3611408991749750747285345221627858
14610259542253242297580401708701864
1304925386329771405743999245126081
-7164833692885801817285423632077806
1470739093146048304393129696028583
1615426909749758550051432937569058
-787387440684770202999674510300922
-121119903434314690255043949147410
175471111527128620575037107982571
-27839913081484652995437377569406
-17474458361807037072521606675149
8215425401910040741822981602426
-245216693860121363376711644484
-749049318298024472334495066282
220635644845047905124036929041
-1117787504537142329579640674
-14213253593496578873231615331
3675643741954870370083187068
-245780775604041761973219916
-77337122136748528412751980
22214803983600918241135007
-2111740899446406419727970
-86927536652484502734870
44656346057086245659419
-4535878416934689746693
64221294607269090074
28858656129801070729
-2826816892636760031
76564048397979133
4106778007811032
-313438034437067
2537937720264
198248252001
832811124
196723
1
