95 95 68 42 69 
18107648592606686969856
924125481650243918352384
22153277646158636475311616
333780310509580668409963200
3550363212208048218218348208
28215538466751932359473168660
171283458466863305619236449983
781649558520715592041938627249
2395769213148999656845895240454
1711809320889036945940650943236
-36160170117883917516517534053957
-304253017669400467754883633444846
-1597740333088893801985123647565491
-6559925362737126314545635067525194
-22469560840939781276300242752131511
-65959207284360557396006282919754494
-167888839531874204809473073926391710
-371582692546847443704224414626584171
-711566862610503291896766935499751871
-1160951138838534117139867088913024797
-1557009362196174174732074604414288588
-1561006646610769710402833382072930192
-750822511392590580467031350446435640
1088579447019026239757485067922175381
3584284024710709360399410100605947452
5659644179935940674223074901131892341
6099410027953574757545847346598312731
4778494388642830638862743581271047753
3679360431925662739958824554415066257
6285604601020490714903198372130968165
14730261033073385752158320274855257749
26278596183684910039309462879349080072
32619354082466459049924796697364001755
24481512606191903114762040118046332033
-304697081990562696435811152473523759
-31745031162673970075562109099158694578
-51684077185026541098039991984108027794
-46061688449312430450357993058354945602
-16437959021103084046500915905948200886
19447951999391112376199780857178544158
39882078710102950279223064486729002219
34733952505301153086375000905861552535
11671940863029497939539796120400233845
-11484028996211617357686538855564531004
-20847415818748279679725116940412729049
-15072695549259878365611488726630612635
-2917790305627325070404099673497947472
5793830542303324139267349592209001471
7182269135148782174934553717214455622
3676976869797002283492571064976565335
-222559581429689677617950754573402362
-1898337221980543799970017660210113575
-1488544444021972129729850235946518778
-412377762682390769078280582277201596
264435127831838134390222397002788151
353882404339626691311821745309140439
165755624600231183069336507739357878
-873298722704158354107451851991450
-53396643497719970510223444699117874
-35672766727012844038913337561247734
-8043158172463517260193279734721024
4633082619357065039335754073260924
5021407876248004312831388476319798
1929102292838217142300650808079529
-46576103034637297371522210487442
-476725782701939063376898034528938
-267040517941781794510706231987074
-48718110577320299856463894740270
28710111847940866995662686007707
25221328017404977933066212639758
7629348222273365507111613604409
-763975448011167937631037103578
-1677047264100995266010471206062
-648632945724774039823587187778
-33178695383117396607483574807
76508566342363278917438718760
34924070516597419131366479999
4327556976556989187933324891
-2177359498919094624495296239
-1180045430869115059469990382
-201597562743622065451714141
28258185803314949872333323
22522712434312294829637120
4832663877385056059585102
170008088765951693411337
-167382479905785554049714
-48685594983676779328587
-7025751350337031455995
-586828055243826508241
-27186787020110854538
-621295479380447592
-6531281281779811
-30021768999864
-55691707057
-27142331
-770
-5521404442363326720
-190533233812725683712
-3227803340077711341792
-35665224719884842758112
-288355060651681151118369
-1817198801108719880564232
-9307414173320132110221717
-40024827883814007779633691
-148757889238683237970804161
-490926644087915485247417388
-1470949937111636943521628562
-4045689224947476733220732344
-10153688488974268189819646443
-22713751986447162185832415128
-43517657746992846751927891232
-66885316656107141723924930632
-71037703331976753224427143459
-20990283232661962819830992668
92573143122655234563800303634
174231151854349089045577420797
-23836442483745678293369527168
-766385430293402013007646171088
-1939792406018962413944291129423
-2662358846088040429238961573236
-1531401642385772203466741657448
2100307680402244249753893730331
6583120134595074358824884050002
8066143180805839482758078470137
3415554949546691694682200473817
-5869940741811618780732273073885
-13060562959427956329207806184911
-11265754026558241143087852599030
-457261246800539469686282754873
11026699633471998197895304188392
13526002036223947423843274547288
5328368027254794615441330320212
-5654617792920102267742734665349
-9894180387645841321261039085857
-5332221821901600990179087979652
1954667131597540923899094175556
5113097252621888389104334930066
2993555463283440311773205747511
-566656664011491846938349270547
-1988757365303427892380497536299
-1097712015756908185187375206514
189579687596385036213896970593
581859466506590704706081983290
265864072553864245739391264196
-62095555815315239134284385650
-119558334902006026621982631184
-41172093658029137484722617802
11767652748399135153448091296
15019274788347892086491869968
4914489182257111357915910312
-38462518945164993035517064
-1091329843810916883372456839
-990257990887472035793089452
-354726800675529143485174180
170142121781964248619216830
200802245612806840480449325
29717657253707772205911096
-37200917923114846754362543
-15157338143579109906966092
2232986890826844081626033
1630252690586178666850268
-22603726769419005411810
282877012098822545111154
172266459109153416741578
-112083402401651931197622
-78428551099900686497567
14441097948240104125426
17652235718734610827433
-345414818176174794132
-2560124255075328215623
-168901807172575060720
259770251791069799225
30957781900353912086
-18808766134735730973
-3154601825542330382
969042958501892640
259055229829187526
-49278617029689318
-15797321883294434
4237393483646349
-326453910917038
144507065141708
-71279733085244
16366711388409
-2170497034482
181689465291
-9747167592
320262050
-5495162
20656
440
1
109347225414336
2639353679509680
29535536937425940
199066367544570333
863151977204314542
2227295197787407596
1197500334061824558
-17285332353601211559
-86640894172645464139
-224870762259451495670
-307379629121173156540
99980735022385175075
1617871982330137985713
4195821646587162339119
5800085844643672731323
2439488696775203251769
-8408507229068762378224
-22361798950175098141841
-27285167781884827272580
-12700574737175579893624
16314149454957009264497
37462639746532531006508
30364007433806177143269
-410448141910090413233
-26709452658988983252836
-25621129827641595828391
-3422748924054884769040
14239103702415874658333
12585215038008773331954
423850062943348270350
-6239334448727498592359
-3589802394321008705760
960493124007326566104
1820351652864567707311
339202162443943869542
-453754085032916602437
-200371295790737518450
57906584540276131993
26602112225133534386
-12313174639034312792
11085735122449121278
10691000474750756514
-6228988851813307876
-5101573973928001934
1553540164252218581
1186183422847667747
-302339901556056117
-64970965953321632
66453763790776357
-35392604597557485
-13544954673217408
7615805269818063
2166915099906151
203908545191815
-352316226240082
-218741278369924
29432554633818
23838217076570
5242878353028
-1912977937815
-743097110388
19481412778
39925903555
6917103034
-946654783
-269626582
-5923121
-32595
-53
-252047376
-3547238184
-21712994865
-70398948582
-96017581215
162779580342
1058910594923
2196716871576
1503770084240
-3411375627356
-10883867676562
-13277727973386
-4247317495628
10559733417836
16173288779758
6374146587136
-6908626253816
-9081344517754
-1621255185875
3465861079042
1953098625054
-551561601304
-490962196417
166221877350
-16708881691
-147128936142
50085465205
60519948040
-24726514628
-7176496312
6856851069
-2254613658
-455496106
551209958
-58955080
13093942
-27049647
5951078
-39071
253356
-73603
-546
-1
5145758259627315456
175142475004548764160
2947843149638931607392
32695453260435044621808
268635699446341090351329
1742192328810350902069737
9276089998733259960959712
41623269910817572627317630
160268952230447822991286596
536252393412064695508772238
1572741813230336735747701045
4066319830689568220750112775
9300762197421362985606080047
18854387242931583098890933425
33905926135883296003463699594
54149043041248753015152844630
77079767103108336603419513766
98866250853909973007372157345
117271628471189947532066128317
134829928120115426838988115307
158328449018639582454894376285
191903919929943971302179440857
227123182532755607207997325365
239946499617036923554722359680
203046878449959137213528449593
109205240895363709630152036334
-13028270352044617288416269449
-109832596595322490684199980711
-136536552572673493823224835346
-89814406980519748644200801067
-9659369704810412674385923260
51315950807038496503742392792
64736864080693514163545729369
39484004766729041059451244567
5029527787076147795097791674
-14999464044981312824764842104
-16099895697414856396482878296
-7573242643395659777644892039
143802897358374026620351507
2920338183140315804063214288
2163736000279736338008003733
638951520318475410214116097
-197961060474621513341018722
-312537921170163007845180665
-154047181319654188303143864
-21591713498495898307432556
22815057619202581800037426
19021811586111790292458682
6536811722603156552518641
-144200300871265354490078
-1389780613302113355158047
-723799663857726716414699
-126199396064631751340853
55746779774206331059648
43493840051619980214410
11094526015527626264638
-621240773105689459329
-1345938306546839391143
-414780645624783867309
-36675408577070286137
14226160467421795027
5999583081229769790
1091822173043484095
108063944019259940
5257865793321236
89560342684246
497583202152
913919892
197025
1
