59 0 0 
16000
-67200
-783520
5573376
-5127336
-60792184
241324042
-170978932
-1262437160
4310971231
-3953349811
-10887235780
41679530185
-51342089572
-33068562195
230682514316
-372641172307
121615007703
682044179678
-1549365239197
1373184591667
614906882627
-3566756201696
4920423266916
-2342393877496
-3589340274442
8772457933356
-8488557160148
1742977715620
7131088674129
-11643540780203
8512399456274
-315658868113
-6917286294515
8713332734648
-5190227733987
-54249978263
3397583328372
-3658171840037
1987950394792
-179519591637
-748989116551
800595050760
-459184355769
134398080099
28871590941
-64236756338
46651654354
-23352309386
9059054346
-2830320860
721829600
-150487052
25475079
-3452149
365800
-29205
1652
-59
1
-1
1
