132 120 107 95 83 132 
1911131261494262033991120
710537564624657845801698273610888560
-321130324736135939324743360390706674221904351680
-41550289337487682506553715928213830465714469581339421175920
1043584841607886440058097292322597504159298348653647645583526761078560
-333535042118373910623807582807760106987821951785780101000951314175500169705040
-16294931975104773632096076544993613236100624692856550129699052181672782929287321320320
37407201180154925170678180577871208554589073424813331394014380341378064686790832054453749840
1443482686636007100058781602139271236015465449294728019740070132135330567689065196788355061465200
3286826178224649061597244432111137891314242130129985114160939400534120436085247558100053353734302720
-73755094064474428105645868668244500817056380583792468265822791637001962690472865015892475248470533140160
121944689318884219687342398293747746246124226949987867363108533409627499316479247575408124242763401856796800
81378590071784436652731205912446628630810648005055358293040042101134138802315935497751028095629937873560470320
-14132938706549436390636894909385714350149864721907246460562086498394833243312705769974436219586763411294285194800
-1815504816488259735741707211610544613312923351386657047837544769588799139800341441693230985530799502494344250820480
98792330224497612880812388930841070693653910266010236827839162185942774120802656722357187182999388912114005717902000
4779399869672592902662456772773336131327047995200094844015127106267479534766365065005223017110795036283415985967267680
-141084385487758319387538789641623702623628478738373905413608595318954107233071750330471194634405145955834536415597438000
-1744493272404028448999343290314116384185433187370215188324564178630228739573153906068125255284599227651214941121364103360
17474649888165070750532884653394857975385663446562236210676429190589858193911648991135520360705383524958208708484138536880
128559141534729620242606702386095749054490912236036093407028800836562041972644080688457483354542400130493356030708159488400
-728114759299266492694390498346694097117384612544947685996145948785422829114749181149332840241931045522709786941597601524160
-2385546596446422569192998255076814471353288914375881378662201468870605425073960141230133529807912905109675360063211113740800
12771937510080598317083680148141037200421864401360888758560263075449562138153413328723703481904886724288797386316936619016640
5763409196323173901056007290649609246498079977305543725790141933982072003919416581276804399776143412935667324954951351975520
-77847285296280241539601795588088193040007749397317911765032658028696862578158286313689862583932614095365306513432360518275360
100951315779523096009902329509606064135619742728342222647444073781918762102793922540968920511609974246731336522352790863858560
-58215158392498242760488099845236263092050842405417665092889717120256824457356108914549364047965368050551133193188529104550880
141955815399878417917637391181350343006928968530932578283335448206493542144824634364693705995205149779423487583487260456392320
-88587281054618667543649747250198177707420270416486735905537672881133025468521359322382866000380435427979979186460629520991840
-1241678517547359176744582530775270713303376912696502222300885316262173565738984794863992730646870808956296718263853693018997760
4831445205274867265720284958309854459002693407926002572709626749447491112263157339626106159074314380367530516134482433323353440
-9976178008249485264688193748894702982940998085876303277522035294239771921535865438890944571494478994943044479450041236107307840
14163282477393134300077654607528524432006491666003143256568199340893492372070748578322426730330364499034097303932283196089638880
-14839332031444963839135104927515627864998596552823335945559306892152707718625460884987144194611314180817168618252274452672432640
11480815372682702490959003391449518547473471312039642454213846172153239141141166163613269448373892185105799285101213019346153760
-5938735963328011645800241846314383214546408830966574224534571675405111367502188135296117924739286805742545544839926772531824160
850755796914992653380636756177860807434706250476687552495780185951822498095352828265023927641848409766200122948240005285264320
2169297047380226115645453681714044356692327644046424081122153489556597009912934535684044447463907674227160625532386170908517120
-3059393540391416851887901813678831894038491376837368618344713305279011700799075203326477134268242829005840958319914252754043840
2648633045946135547585753438551874446501284700963374288306073847742990919880429170462742991215194814202941242046220682693310560
-1805160674527030919375032940946711193679956006045335786224001697851611687753867408147760093480562386780679134144541340255889120
1036046406161069554828560158080966181286831937356521420450687197145711206150637628494726561694379643909639478506476639649894400
-508315370625228632551302508814081906549895188589066247150539045633903976797875342939787252968752735444157021687507570715355680
208364287755182705000324120882297052649376406869834881975918777007328328683869440366857507491984509110606078253254488204815680
-65436943439020617632962027714890802329316491431123571412285512434314462929789667981726927331153440019841450484876669634939040
10667765355816648477188533468475231392704332287322909200913922221709214384927674037788093551818157152496349616025487572401920
3847807377853946281003238278671330775404219189554279598928326252554621017259729661533913624168844022549901875814645342775200
-4457845186118649054535488999171096404867344520609231074497454078213539890302840721429828332666617035877795602377304662648560
2383505892078298346141265924750804448638028776773743600791219160503786095408247070400600408341648584593889187108993854380880
-891837575544555384963471480029916821177496544915540899927782144567962598657450380700669524822777449282702474417826718644800
237757504786650449761819002911025960743628280932507559601259575144059033736943714493017803456348481076113687033982695403440
-35188630905041278231495236632321527113084116608101795041395101912511206441077301009788503593300666179641596164054860354560
-4897319163279297205455179716971403953096313453209066310010861618951733490784500450108329449554739139717792749319478073040
5603805282133601303918386978250841103881453647843427290944765623899949666005319071978825654383412004928158911956397754240
-2271112386636047737854965626052965422444354176540602655469991084585047930478570902256835312376940222379667993856493463600
615144629742050965873359888283114431506052976418488672828130210950555160369328837143141216410592989907566202273390848560
-112536869691660135823502014721700101063242388929727801322438761293772354332431563795030021723337101561124879440637581760
8398198412896017383666747916856640866151813309400170957240179321995989061824882074347632101636083119594897370132360000
3100656255154260491493257142783808499047679927959890741200491563022520841176706729580158097402265330534088218763508800
-1629279939669718022527399656332443203562268298554580697532272114569403000051432810797008917102500514533248983418682960
449318261704851067320299289351657905610556185455360232892638576007904967767160329826609108426649290041354037020822160
-86506441011216680352967957112782870316169913605997431693898243565934719992304908182691931673625271699306940477655680
11118773268413341533977042409068536703141331122447990694291348544982734114625081969457229128137961171409881493447920
-422442788664502021429378812730848762682521561707538271813534533383165926070980273191893800801263378438474202016400
-237405057085248850603294060805344416415579382558393893813972909580330409161226114209728934747629355102414899442880
81191072198883694851555255146398164812371693376772649717428200184401618832789992048157113235643957657319466284160
-15725606474511600902095870078379575799963240881142343972708280285511425153933794152845686583915418928303347705280
2030934619298698713133360235321403774711571066738300406141975192819595465233070670144522092257927346265345254000
-128345063483059463771315436978224429388048754514898562850711056317058391704901558683199718668467936912269088080
-16338319550991860459791597197618093502313254737220139962280324278822220482469595099325024958607916424358046080
6900422005862772322921895552502789527622923484319835603892660495419323708833377334138395209983467104545729360
-1287789836775920174710083551952423663208069524604024826450336057966604288435730087435056284571763816796385360
156811778721773480782415799076951164083981453307232491706758941345998039270635180831206676028039940255937600
-10303030385476871405936920503438669140507937228765459484802901495019008220356329117702421678642164336184000
-638553224994863959986387253358278632777168487881242914026950603350761769269393665765182007390746877146560
318509042236947591318394875614771692417400936490027480865298924485179734628127112174950199511732247667760
-55867390158723688716235199143623293026360751450522433324182880582818593251366981904526911971210565839600
6296171347727256926302442051522101079022427310385237051787110712427632511188712434586078578612167373440
-400239790860320466558050509724153977196104915518242391127790059249501791277995338589382200510181495440
-13940710313431541541044633569391079819813964085888435070722209954542523206837415621350008936309429760
8205507213045961203655262396088559358843984672409854186218822052296834077217450654923004642500605040
-1335392279166218772710469181993318502321904718919756357434414286588930778649547316622787547193147200
138057466664863444028046293152193209222684528878883962931191678567145765913578963237038653875192080
-8370611551768104859593900731041171715828657651549478619060984056349623992607102260920796965490160
-125799640337955000811225653245078791918635735669213635197700487375785018831118043824688511340000
110581495021118555066196820263252812744906385015051479897731456525112495096111796184872068593920
-16699691291787239093344032085879240991564109426116325866561455283240868008392620992299176107040
1587083922818905204891014653247364683888679606027690707938309096224500533251881013567368194880
-94556630722849179175908629078754059165405505631434535595140316881650993081596345658983659680
838618743201920566575000904564609688909864369814860240400849421416357159186599650432396800
613203726162367160711136977421662428318227886536333973066913685031793414982914524099128480
-91517508724514825901490395295656353727274010115560936700689941944647630305716842925659040
8248444518374074196812201358269783033084682006539960765479326228943280280030385376522560
-513412250881606841691317604525810269725013000097781420764555611183444848685470370100480
18487855491779962069692211025071205650788291120182498646596923672040458272339181206720
322453767060258823108884302614239760724666895873154442110509623168101631911284188640
-113996759387340588151092885117835972413433107483571508601492958085306665103588204640
10459719385403528830976816960604220273054662614587602031244709759200696874830837760
-622385339908714784084887011916883609334904061743701630541384703817894291367381920
24868894071992465676872092915032514951966660162231022952762885877353163835232960
-449640956662939826361551253940241788838206305334455269759480907415215307164960
-23045075852114175016457474672919085514088468178907010136643676170621846914560
2653909038177987906844749778425665226459086178256058272931703450941919900960
-142038008280394949721514504621783111815070360895714417568067433515198673280
4914835466616216056242920508480066370651302391683080648529288656707932320
-94866651953432506741962621264807528709369935648696412528879746075162240
-861243963923203071306174082654528780924952561259619399149829299161760
157480932961762978826753821116174716192775990090046562326245891892320
-7505067027227288453612119359096751245438088061739056534466865200960
242576683300525653604997851420527033412762767818268915030652915200
-6018152268104526048166678182888809014513360463781673324920135360
115028739411861077332203886576815459076769052547323437775891600
-1437201680470413368330702908964578516391249277036872250744720
-1389217428672983095085889693932634716609223094178651021760
625522510831875117057926421810756350336569134695650266000
-16631494597545277832330225148275170018024088414605660320
207010174296981626904813763862194505829748860610489200
-217285264544673922053426976501613705400451714596480
-33294221155364718489805364108573873935581637042800
479510259782765020662712707902474260658609263920
-2353911628905883755267921573890858849097590400
-4531200549342258030951125210994734896186560
76778566513389923711588608338762036491520
-127656167502881765434618732683849498000
-501803146601416084502916856016411760
1240799112724927829995051426270080
-446623476250049924792936628240
-125183989825134730023126240
37575278206309817545680
-407082626228364480
-208570735440
720
-2654348974297586158321
-4797883669537757037517014951231645
-623849278845364981405666956738109710013977754
656773598710349953703005578004167437529444703390422044921
5696987619218360284199277082073212687372595844101077177760612056798
1514644731763563008933791615783944999572025013067592174017881281126195823705
1351661206462939472113255447299157296872037620856334623172722890853185604856956900
-9975124382330226612672433333039020739192808693664099096555563683630623162146228841033571
-547146828591925299026744600346139736131401087247496791912169752164697514580078732141187383925
-4394962516641626772129086039320758017697878470553813171784091691875286310448026684738979791242882
9200913340447021751896065284612904097405918755053324380835945927174631613019458384359218597923757020
63717359287895072285324703838155892698653594205657371981155285971325472081780187596577090941485244737734
24391404216082659661362665760459396593650771083460784078570606806459090405331319154161178190237566595577910
-2079945156535075545756623098450504374711100792432194891108074103268620181844796378594620340663822057123510480
-845412920453647524581781780298352132127244707948400424153068314977612106909670044178773272367914111671416697678
-43259001488500629419424779974655409962126011448620489573687274636762695303944462816096880865445921735001070819662
561472797385726727224673994306467392894374154225522651416688042770537716789835863345364616582772727726860761010272
39898305514604596829469992064793036762955425698987996822077132488317808829158747274026639722174200701342414167874406
335833322337336763865752732748260414759280172858519601124199210822425028708281863921037856470327582933217693905960194
-1751325255304260936279868531645573986757923431793578193083220480692941971106550462257597149070360556896022868984047476
-29413770100987599358428969815164084908224691412529388802641453867794619226891891200065861245496010353101613780697370658
-73240066323656775253972289160742429285082300687506282304890677641969414091260542444205756496201639018159315787132345126
386625598426561959028580397555107604284396256876533080389393626447494594390222427165990905391680098120387533706316623644
1325336412644748994505349013785830762687371889999296001766210121786099880899047847015866998412103301864038000473481418802
-2208405071985866581109531733252657556985925680873183187080553460990718099960023711915202110197998498410552183626023004304
-4060113093477117569075346194613927641687847350656868184074247732093014143745969864863191874291079562623947216898060790266
3056692689525102063201542517323906641881109032628834970780591917658121191207386398837512997920028239290338916265530197654
21452298654620248674942364401837736110741454052370954193662766385363718312025413758948424743762175923780882467767551882812
-56631164826754050024523959191052879921199201120083448552512135393116898822726459015444077612005131279132295932349755250088
60204267781383715167249437854486915994191676117839229309813520539547912111943022850942235928460242216252456087123240434668
71420872492373660310992843083450349497982060271321228064050074992665676480392124329891380492494704154883480197329627005554
-523057274537440558919180484775612877568266620654101891106697562208653574051467216042869472479318119788732870232315432185422
1445538426676027804580373099586127442432679940057478955098593634704282509556224099641760252267367953724733932582199324552782
-2741088306401178410040145487049427273595067390878633993486236199489297776697146443577548489894934788702944867290116854837620
3969510111237021266186333481644156007535938626334089028039643328202943061214034119987806945900677218684084826042867372743056
-4548353422362235676536023382822969575309317814404036081370218700277766260639959807491210718551377181862099665944470425155568
4139128614446974397527344194411544968344157204653151342857235085795998732992271511095100348584426796965827730629201816420918
-2892730960862942940142301031158855616669044855635156344416774336511206705605541487506821459724611063509173550270514735812802
1340704944696321694137539307279560591889652368003252714417256356282201705967123110673535761449860115500590230482735578641582
-45994232888697590615374644517537865342095042757107247706870791572229107446220210472637271949196429539903587872842957652084
-691417220689291591218318878005961899146528392212275504590558151931766672038491822317058265309545866645275637315940981489818
891499217063429713008295083996436552077450474086049721524856102404623937825682381415391741323146763855621730933389469392306
-758949936705514741551618141063815731099265761293395705764496278373939986142848590514553393221127899875088309883662752962306
512696073482688359417245079189382513456237505474510247926561016767603199396765958938026838232155658531292881920635323628420
-290633772242301585364537914498977681894678537450017116512391466259647912698425056649264558044057143255413407181663585670690
141403155335023218104442096915933005032524712356955359187291966152839805203003986105499445264882913067822384644027678662850
-59502345764714654953784456326079176183509631026890050021491479711752046360577096223486368314132595146393583201484327645784
21585357409638759657303090213327093285171579153931368892786764021151701019761014588895217387886597959550779391581431937454
-6633839068942397925879782456132888183133855494584163135016480701763680439171948381599576515186332062854351850166169093855
1645971189267035042360221714596463517311167066208316775463300190101415008325727613661829133254392408789392395408508389463
-280775099846783083652881137538527992795701925129064463248944811765824542456940233218802766870617733551641275227741843344
2504824892565037583330859086687678646845001069091222463765687212906733483474221098700640567173450522825501498269964335
22374086522624702866607526805018155742973678386030575345638701548621723729175935209170355582276782764759735635336566294
-11406567771404056885437247539561043035756165739810381503556790597204798316250906474479456319450378897409240282804172349
3893489204656160330759335262117906993323868551446637641387556380351645921864484995009028147298470373337877551319178682
-1055499046421013569666751615872734797848664379545915090430438146136752094701394273678343147911011334582111411849014911
237261263256224714552513686240339139048621576061258271402915941498029725892593626211807557942602590666536409959095517
-44361959520434381375555604350102470609730069417691681723159175604017056882284283330613912851636206450890112039192956
6690685816683362919468719573059075637152488314580763082284585522549996675042060873428496402061289125500713609698716
-728628850771784406637194720386958407682805035671953507089402665425284460355371062199656885125804960935697863259744
28231336870443247239297389459617015748947530625999582888721017105508004567570188769736359695306112181070754922080
10563739875140788222920023444982879989155071217225478156404850123058135858494631610487567247066805838839194838784
-3407020095890883037942317712955301182435368221315743505505159155532560308488010480447151673276915660636965730396
618403373240115301596882344538556921561295787181352367014327441813163013437709440592269175955615176709034791116
-78536987479944296206235434813968202741680048828035693377865232773033731952090977599103786523451069781994498157
6331871729512706920094060148817747622388715870123179634787155349324209848022499687610668390853269583326885051
-20610737605203429040233167918353775155955016375524405882197465797515454056302363165945798526668566595630362
-97217501569509011669461020921144875215609852535477248067293747915971578920264388574257016241095581223930791
19742513678752652756909481260776641321614740359634153654844011557365118074492358610490107380481505713860506
-2446377769008915196623518383754723469705420958119122215445303787398717294688910021278256583395710323853915
198105735980454646375780160006196690360820301279784339939932401033429559424336145269031112674273663594704
-6048699675506542219224662858377182485358154254958073523750546059797223811042672841537046334125734659883
-1150171240060651539763378852460473729731842288286299026374799276659439111400401722685410220087643743745
250563778510823021166622034461409696196630644896145846069993921924094599993037739044860268878341928266
-28791822576642576553361334183569423754372717369839421992523726811188871697256783537875859984869401096
2209215266392845650053257340702842689462500973180723073852316520811359850121580213508446851100809910
-94219129462218459773223033662631799797165591520512309284450363753773640873923986059826222640086510
-2823991470356900424270244262155196601615603171773595214958761695105425876856287599351557812208820
1004148866907277614689346823733892047743370131101583506205071647980030597746975155596164781393346
-112609007090067353839566659783322444456443353719140526034010468113037046012182908575263612083706
8454356411429253455847917174894581211407705083617515996006067682454326375621783032736724918298
-448687278872707391782401025158582867147343761667442627084683878644495196590602268721289155756
13846464788937831487667783501356340920640783572141049645506339758270074608601935938768134418
214287003737575883869089513260915200506091492927836579906708093000983815476785616823899322
-64076151099526879298090572685840596931842352031003464012017333156521250937280228704470438
5062519755349442876067822093833612625849563532632494083738483612967266321328243242590048
-259919689876247375009424734867768046279629996237175769725960407601758196639958857409136
8979607300677367169436944498496899924138599269637264507276640162210322096378205496980
-139907784427806808468756795242548580629986905791187465364953984553012820570985656222
-6509196708900586857114476101831433536938553915248251543172380345170756256750358778
663727031843651279190776208570888082306537902370011751449824603987165327147557166
-32606382417661098079013454623821874292269451073631862913643740458406812411468588
1099394808329937359183836114464185882978394147521741538144830599473453603293768
-25114222776688374145611167290047759830028635879257686856453327310066059320412
240297984855604608812942252186559672743933114207714304409429611680991449226
9606077093915017100239309243161237652658989793006853055931450726430326066
-597982067459489442367671785881541159781145811889613390010901509286175136
17637557171276260578420308438215445663976998204931373185702868599278838
-289851688870081140268065474469994012690873084947824065062852959601724
114349255617771969729969405535297306731797155831209183898622840926
141594646134721073768362444402345679390911839003809500985149369298
-4149543700174397452526416925630179858662438479574509374134576764
56757329283515548902548155023683782069475012497417183338061886
-113319831164288603627907181621450451904103712263147033286366
-9729736238684819633857216402194294737509027719309809379232
167236760139895125118016805172561771472996176454777334262
-1063061517107199962584566181486242349047219967879145522
-534457621498834118917975212991358369245979325893040
34642716400095153678421175957424248664710604368090
-33767023887816949327260205562651725449946287054
-915335899071963063235876927903459200251689660
2920052459469532033580759513667296154768362
5013047360726288347328868356840810170645
-30908839506325415866854999534248825009
21974802957883719689594141229221340
3936504116277230271166124032715
-1530685352603046536929959118
30529024478530228638019
-17855152137205766
-6117865575
1
0
19657488489500888079377147328960
7003840416520279977165423419172365082871680
-2019817517520273308776098206482651068750652150424855280
-1783944654396161537716112720372275521135148759053190033929643440
691024955349649293379036704332637881084221885699301626422720139908513360
-1858667212149824892025138395244315816328704310031264644101773321215579477268960
-46407605063550645413130960362203611997315476585754410303722748039104568963194677200
7190205836863542201514143250743151560091617831698791342258339904308208431430401542017520
46785392344156189152662624771381571038689450018592437071734790746063281155334325719817698560
-339389876182870155400930048720946750256769350324372762427036690100757894613331950320534207534000
200098559008146318067685173255652669203859034178015930316600329393792307112017816594813341251820320
29226023527415340272963008286462353735050770685907685643758394546405955803857824560543984344916643440
-12951678436147476078191288924382992895524268171184124779082777677979348517020438590227503362674114708720
-33008032215644916663068979917496168966294903481208793426476151910235874598328031120776189755240237044000
101950893376549499141168075884125282030813109677942068795216007717970052183166434508845475311577141953972880
-4025473691287094619482762800206975047782782351513052868703830351609235731627804216366334257138785585169713680
31215478259009122985737615856495980136371996674732883238787716179458209972070303298567499073797815253903514000
397943396879069006623922226730947555001398872619583038369618438647567926962827288346461119076606030657430545280
-4798692684349137658717763493251941999401683189684910381872545168937652670520620563032425778477393690121689875200
2152679584604621725458953141059356743594499955853008740716034826606020006375553051145799435553563100153709503200
17156441299356850590060196606328373481244017035485521712648400971253382497673599160479278458502800557261589890720
922695644978180149091744968463938730126371197297536475384176632863668776290689268657888181149983232555244822932960
-4911067096369653711401547308759612331921649419501489577549712968995458343863517465676582974208520884928721547171680
-4492324828028293887932416929591422403850711916021282654950608289127521405694715462988310403943754046183930840612000
99560466333819986912929672126043156938891757872219863823539741377103536687881567418883603177883017574076563032914880
-324800355430358964905520940270304949950902453548613216473763430757723822905424582787442864049838193094996178806312000
386671357413317872646346397005743289185212470387929258264089364524846912901735875672234735695991942973211440356361040
479114474823318191941470396889460339175092311692152796511603795075492783219117507759179018968058667997098993907887920
-2889785959880415041454867628845418659267276389524597947755319464894917308735465315156849305217655511308134295040538480
6352599441230729990296132260765007591887119029448361937793191695708114274604554653647182155408866879740349385294422880
-9181742029683644849358409414104710768683647633372437462000454491367677543760130647265552821442212591353171237663226480
9679647008772494073463991224716177219788650081450423460818814197488969759079839767334043459302671562336335131408463280
-7485152662218906023287145566417673747975269733058185613339218583064038360202952467248432773036364589201903701759749280
3794333669159805199841659563136456604507166200394744472544149645516797334506631946659249377279809131940940190895603280
-366172987748083130567456762111144099912083750932475956077598888670167389744913911734332161979499970574354624240617760
-1659464846314813049690984987633381533574637283456145102064992544768184040526297248050468342573572125779066579486914480
2187945258432972400628276171182154489102260512258768543454255187332758246648809271717489025770979829257864497405172560
-1795267743509060333592257225860481787641644582767480402218992415743076010773148228911264694085619096055591337365885600
1131095604471805321484955359933432595564743147268067592699308413487366173122409817269776248469824365700497108126809520
-580009401152093589933047858036827691111564086484995978165993394395768737319026394968667193198471737618920212251412880
246521057221773426813467722006585582710128991485683137463913356184798452293542643900610098661097781998947517326457040
-86466487698964242524339290352128042819981055248607690803757874393518938454470941377172306846496944538481972368692000
24195370590534510678408331481927752825318647276139343639981873879061172563520437153979227126734146940105266738138560
-4805715342650751269707730808458120093730653219003066549692883446450059899482622198467227942501699353679481183333920
298278055577383776136388594110785147777624175627053060596132128403727207742403503151103848531896885057212247310880
263723858758248655825195395539574925184189291040363622424212830966703830706832770779211596313157896002939667527360
-153011464364669896196521648178955600753040636247438995016209198595847653809111218468696703339401214875796441686240
52824981281551627330936608544202786138535406017935446676533069944045946729689069832426430809054522617794090991840
-13775540586163796950946987364934163324239193351599422524031310826721445378178009152726696288294928524166506956960
2839937124799601092666380225264912686966758855666763553091482685529578767204756401677394972636882027471484037440
-453854281018864158309785760312484962581537606789413138488117645456195224435551588316646508912123953643380252480
49591748560605206363767776927633640130269272943194969095474696323082683382980692828519773774722715882533233600
-1165462528617661100687427092498455963013022423169223014267255779934631185535909816225806422645587062623138240
-1019058122236885849024632606654998241909907443077024753882675936818673830721128335347187373482626711870489280
298855763897105501405381561052461637463529824351996833802968004817292671496272336554007712614806912458058560
-52034004039834292509779420859111616934527367579344332199100145704008071555266211337530446267973727940020800
6197701444917967265426717802725359680575610663241792892981036437342229650651787403791404203719186786205120
-401377848824286588007624359554231496875748369147152895366793429208513720527975860342348904581866436653760
-26632323177938938202990066696870150913081380353875584946204550482214873059345521591721052299742481763360
13031713175264817101857748905426960180719732615796151163318097793615488407813672334782524456829292297440
-2332070191047368517722385829348123435827788409967701903157287619274426680837592317031560931759083513440
275886493960356475659274097959993066909514572133447270687137576233032487811917276504896679117964167360
-20491435270114772918774404313805116877893598914845364536998672932792772548744057585959390367414951520
97143956648555979060781336477070616284727776416421044798815301251057041894465750347668587536666080
254422626775282606300068843302196023700764641864722055287501376135249809855632801662345759903853760
-47987990628438877481452979391146573541762214511335833786643927120450568722086579633582467141536800
5589047512316749387194501255901896764912524654103416220245966870642222909946039579222489149937040
-446037138593549944668190515934841607602170253926282564735498077455653589283645713713326326862480
18768997374526812498372019821081832919185476335959880295282864332589824505107133841736341611120
1045366470346378737348158721564584434298936649637209687058592922042851867043404935608078338400
-318542275463822325052630577567858988001209173901814776760015596769080583906124492255930073840
39857537299321015989971265204600912801425402945878117779298693547231605004645667328736439120
-3590688087321518928180685567156468487330887561791875191689630941370623588137799131894880160
256596096608196514947955112231688521271479418776445397359335947954096577846393875071625680
-14890338506113260291648570656646799170057883661137336240642047348660896614191386706619680
692333555386409644004043857182643857933316840501820359370561672632044753542856750914480
-24023852501685560830737819033434763185774443815307817329178769453960913624537463845680
443638812566668216224850105478760290294034067275193800620097353807829550636337232480
13660849270627365227097859401072523096275440189367318665342562828503031058345354320
-1819899579931455260099741678650942565948536069400106742456600913245551077237084880
106183139761125354440439958015256280202588905824389977948473410461774957111837840
-4480622546342488781712407387565307184084652024645599336298631650703616487585600
149330098586842054246728690756487570024376370150658443927773727189967470521280
-4009837667119835598108405676727217002242279983969808770897615193673508381600
85785197071290886691513403301666152939013407860074271551881485063866559520
-1393251288384216469820331707852417840787946966629592898355030287385246240
14644923414690299927495205162369935193184797690616732924248022869676320
-14341318893507356103570728596504081519393923225777883052438460948000
-3136065095511874244924516370557871316688800803660306340691063155200
73044562221125358101506027880943080016431494593428385491088842880
-940192106105708654948185531983677851807057088354597388417812400
7043435167699360983123842588519895924002818912757980869646320
-19129265501270926647066772399826800913171740162649631132720
-131262878052921598452390096131558698312139057709453933600
1019326255702845787580268773576284947524586290153564880
124770062359074976947366701062878370007016459081840
-10434602112725967643578695971298086297763101450080
-13600485038574369639791772408034039639690743600
42210634827228871861885676133025645813013760
178428917380730797358100212892108929633520
-179273815075356459519834751807253552400
-35689101295897214597050639796936160
12144885478126631523422631225360
692006155519132665702887760
-12868726016548630453680
-10314499610862720
-273349440
0
-24535980375642382538885404320
-8765196303203464127356508826423373901280
1883600338426097222711413612909872551943027419699520
1682744727675424610341964018887960207511368490421631283747280
187226877940601028674928204927401097892522376808022257564104916240
-26995150655409992700200041152071385776220443657861119914756621928580854320
-2032432744950890174777263059562385349427124494332427420666380618323149760083680
-13148208635873337189400629154847746960059578798302503786191272633113389986710443040
64626236926724481015155401170425819912077945368109884954265090417279052643948802276320
58066381471707674368251965745087710971147525735416686679294758747247896689105765317138000
5252738955593964107551259131805057095270241409130585348355252201478154912145789593633722960
-2335776142390582432037312115996801241778153139284141270077773178066524996417366806071817099520
-275197675013011016860043658274090885897576100141498379902021761147295058715380321618668060158800
-1330667099060267632298687072075776811869363629248091676594136746901459213603544425413936803276240
246412319935526637606715092954051545245008248362257637012893269519517531794625683677756127314364640
3497306815890407909505037706828702061681442726201241424876236223581532092489087313570660824294865600
954015074047177066630827592626026173676656949089057755143157257242225792868704074772825078691531040
-217106899536635344927581783216625772588497081737756222736723464702537459987965210653693293953179150800
-1436373174766701712957637589775714263991621895434921559605710644418277581563548770235777485787973532240
-890019229396211432365997480742527124219653206156967957791288093212057509288719533371762137963793695680
21995525646968227155858100959247863302261214193937725961713923462952447734948088579886706664919246445840
38785916711009488139886924569932620275114999801557071666041350768604958552792327611379939262429025602320
-124330320710782907695513881522390785703520824238354404489954623606460732918502859985660533157546511498080
-99413049918838594499652928223981017212609005351118365910250207423018072233683974779056912894782603938720
380234305377488593096371826878549783559208777227205683826041621704740530397014901622827892207983088244320
-242026479058268888619030913092818853819284532532616059059875767026680060085666687281359396300635262450800
-185727454176864618853266117323532107577920519183753963884036144537018329824392238837521213614118101357360
500883171791148805908145565085647186529547220681885028180435364168720032594560723473274146323575275801680
-460057020856540637838243769431135250889660881505716826097940968074280295662965684410988260615708089414720
154546242125462668411299862496817839126742941228606888437512440548412795594323359922031108512756118072160
111575236312163820529834551123407981848992920494224013646249434388534891661795955778648349424127902137120
-175879930682610234820069359601132417855050953669302210808587079230180329511365404765654705120954373792000
109641257783973453076927243670957441077049212351346026325765789201385228614710970184114449828074684231680
-34558165990117663701864181859490787103956832196354218357288262880948890218519431678519142829447375479040
-1313207947694851833687516295601627575976753135834247909032545634393469292986203078102264251940192453760
7821086780407662498619884440850054615530825857163435488107907010821133879228514739403252791023009567840
-4629699722327355699374826981918235587239520472476363083126814576294930847082839206853340720113971013920
1527782516219550610540793302385984542856382207042202392384218114209212684576586775790041383423229394720
-243388791890520603849904656782754393359319478403632910208671453939521014897926517465936980495267301120
-37463464977485493317043930597195758599707698914500451802344568717562167426706136074694203027035227200
36549778162213061989646843549265245290229202764675040936712372126740943140926175951368798416585935360
-11655654460387618876513098722218048903800757181579474997383625780662569580693495906212096523058263520
1975968618115835252578899239933214106933017312579153177485173517945718888961967909632628395032914400
-55372522346580665849637848549952384599518322550785295385789946043731417514934412804509177570668480
-67767262450112885209562131124323392535046020150610830604761261211056920382462862567521815926716320
20351407024520752648247968728367362615425261600244075758897915659361515955595380770618704290881440
-2941063595098912313183603090204995069616275913271033164182556431366876281077986105033423174078080
121641129861620395641020538840930807150691150892490012884222882833812053246465404671064442609280
45267144593278484678416597329546193684111958658180544381211975810727026485966653830711637390720
-12141409117567234047645296704575622267515916967877001739477797692177538144903744774993833963360
1564034324746965001128674767290705202126815857027686838392286189438911493318214697554961709280
-89435373704382547646402628379663719776297997868381597349638444738200833785006440315778514880
-9212331688831430794094010615290942898582780923323230690765007912024180369447463579156196000
3281206719625085143786772963338151785833904085507592557553190458494214049739729137492642080
-487177453980623192831203399347095279034962467182218210204808015409103384791696665241251840
40425326561991609616957824519920067443904376493870228657466911284948305614773861261348800
9451049221197841823681577888066745503345398608757939186568693938336904099934618586880
-568129332605645741804405869238812612649240861759355354499176905831687037589877157005280
91068467421104521277799166330443569236675490800740105591316566585141071427003735600480
-7193437595814417520507214387571688973174243098978001442930264037800485324898212038560
93294235911163904375278604794010551401560651646560525956440899104987918649824314240
50983850756819529152450228507856524582658898807221883219036093967587765349394312960
-6969063468058942298888162600050688553881348005256618945209038205094809443596152320
466316256158747004668039648236840753419460204585293215372051448553906163612179200
-11149275423210816660168984236740391115706725244167052203113628388417734259690080
-1073309861474936555719259857137365623578868863170825868994418282236223006900640
141826745702429251997758650870527913266496781966546885404241632747214124671680
-8474921102374043533600642718955522147385315159175002356421954250225277670320
274161954606727068943068154958981440477255382066533676909196705560214727440
-487634497847562493580945884849139711844165243889085436613753091954703600
-481097315679050101551682177070374865778002280710739226878919661630050080
29396840552215152698406025740986043759574341501385827084985470138998880
-957454802856206744310550017840572185701114598327723739424899484384480
14454236626589173605663931223895357314665178959325443662665478264720
224172346504902380519925005942473887556334791636758310421067948240
-18004786200114805364814320739981037423886457542449474293299474880
432520776188616028118997342782370214723227243910854881070011760
-4130339834747419851302670792560345112107079036896535414334800
-35493064921296742538781023338128053769877123180129791300960
1785722462627822065341626695196293392834629732840460561600
-24036093703990998194380849136037801131264514657419091360
-97194003324386071444819136719065080450698225134108240
3670306351617279326657490408135923602562564408214000
16919748760862334399481597083822343628612570753280
-67568968177047348339457100776474993986672413040
-666392375938007570457628896218621162456497200
-2082339508852689854259972330342110322456480
-3035919701279762165787360750648381918240
-1156219477275796611193506346217578080
877290627485853764135439202432080
403597364924037637323712581840
32278469358622676534588880
566875142717103904320
699855436818720
2227680
0
8553095645703828447206160
2904689314171779033250915332882881040
-548045623038739931850264941353092183372429924480
-365025821011712717888792974073302560097582591905827230320
1116147993333956753856092355078732474830786499248527608451425360
82306508222414292459499332234447161040914754374512215121260644734080
481728384408149265900721126964442306324746016404580859268296154870766480
-2944387181810367938580471617745773630909462978640458317888028156772427311600
-439003020423131378161325233619984810085714033262954820532546151381001322477600
140735751032367499898976952801788552455487639549246702752607501938922168740373360
12887036508995119470029191091241978889716128433930204625588214947339750015328790480
-380846923513238183709032942473725374912703725322078613095428050262643732290662455840
-4846783990581255265831123937798741175261996145330688418952933589242061746042225027200
21646383518391290616022012078559971787570985104605595292306897767804293589881273754400
283955938972878001086810846783215762899889624481506296381884985642733110532860377602400
937796090647230731722305290095118056098756114340627118326403831591672456156523990384000
-6062641535443506552930100264621376607008603445637867902445462257067886931444934389764400
-16369399622194683456723561678736707007014834516014087663855435308271741494816804260989040
77282538849030495617403998833260440204088664975626109259582673724741678136742156807411840
-45845875367063922426701409558251416393288304633611267140047215670918820455174403644846640
-187582193714994351323946836944554038166994191341992053292820352545704789992313374065676240
501601224337986597535919630035599195075515146865008700036219528556480769136485760010194400
-659392756368823254875759039362309205513565350748429752045867714212998660226533553464106800
542911391376860392611980703797942193672967268285940104514818546031557048238635314818301680
-246099257751866529550937993003126667474601785367666242276920154027882720626945154539663280
-31483494655012176627932117625008448335487696973518072205897530166431687804523060801279680
164316025685996056391142175517865803673903878637209522965051052043931886917224835771176240
-163460535172694184473838389971013713515813600489820918598954694435745697382545352525820080
105572794136844603142859960659095818261667780473814943461985598359341026775632437286236080
-50616967654884144640759765457509427991821166467743905313831110231437469053825600655658080
18425372927188745744366438577369259320018620814801624982451419495322989719153581409362640
-4841968178143590277850732963037359373358250430546759436782814366668027408503482996895760
692536358210248345032415128373067018512396236365030527227323692372199347289933775384240
103284741889132245814208748455243817454150766065233037930632959042860379322292138065120
-106962313332152095703029186477914971105282849419431134401601090106742023223815985546320
40322627922069248246926307345729619584900448956183745215487103090108734761652201173040
-10143811231524320523551530605691613501399170831974248117513807190761956185932144776560
1796817647213432312800151335175427257836667635475457136645710626036170173367319781600
-195374181393825396050269136123336422096951737420012236804227474949912770647371255760
-536887997556004767908240511888358749895581507449248757391332260636142661901731120
5584937659086593922792928760325652127925519619549097605643069077457185245462371280
-1380229238348102636635910632865690367586215477884627252934178300369725219169912800
200053376517962784293226218434643425005274214041832080291265945750427240625384080
-16662703759806479931940861457005448370480994309491425681607441353170789033769520
-200955489788285965150799514246827574711449875307381008289091184144080821375760
341621151062259152883106608817124835835519243649363690930306701588022524063200
-67103899893644387865398033895377179795788236080534364497474063251653840349360
8005649411364531951409255611509831863162850269161209787150557550894522600240
-542599561311185994676159185177405060522205710719640786939692583947271307920
-12097089896615408038697471860248205132569150841568338668221283161392546080
9392757495786402214063406174677112070008560005360099910542958552158585840
-1475984768997245389369774990904388200390107708392512161583313374210226960
138966090045923908048037779043768611280539131492284549828484781666202640
-7048710508934620657544553400190260660618162705225495349667322234992480
-188380058753868715465574581334764631846992530371090873621114940898320
82781482531476199756353093880842769767742408031485779162604279229520
-9954457362953507007802377525310288868411770256910793336254504345360
790073279815120820227107756530865590768325453225950996562570784320
-45804796052181649153797312054459163575961437597302549598632970480
1902989935650693498367032416370409565496131709800829098178205680
-45940436327376097908053493290870347878087373335793483077615600
-501937642875504728022882429191473328604360142340901841754400
120012637879549239978667571666315945179907240198166248219760
-7181005838319986389443383017022564411487554148715136270640
281959445707852468984077394330675407089809376574477191040
-8021054775583537188748992826969523438575114540784717040
162644904980485270470657198058032243920391401162106000
-2053025090816966368655678870848530748208409682742400
4836834094916071599951839826812255009534227327200
417561695641041244266705731179604840340887508000
-9851094980463400029725493462454094848995024000
103831509966150637348005368185072727866990560
-165004197089918502074294513629890930247920
-5377533487825894224008690366758645601040
2059888088158502909400562183189020000
105672790755745599194464577212746000
353478253937546963701845738467280
446418039998486552712145073280
-144323287072541401769184240
-93112436921559849022320
-4964614797297617280
-8180753358960
196560
0
0
0
0
0
0
0
0
0
0
0
0
-1
-348743991405
217255486699749799834886
29463287440881421520881972818813161
-2151004599648243866215568150925911950378595282
2674714172112484448297629783363982495021474441072236825
250119344170628403436343699930258895764759132219072867152812180
-611767907897332067417660647210314093364326704382961984885159867180531
28322014486916697221960410177101014258078141449869373785818676447461538395
1717082989119651146074127138682400702830262135863490483040341300081534243886398
8428957818550815396859098732458736900322960467260633036630645778045085789731794620
-64087483214592958534096571735280447550201083280011664026168777184712527523387900760666
1485131890215153016835862972104681780052165564715567220813923617424687947834724976184070
23423610162090184118744954221609188040426544363056742841981651340784527368876024046174744320
-1838177544426504659964503631504793332504022293570717445707389196697309553263059904630280895838
-497436588394188992039025750342524968204578187427765195761544857676948300118725574389411155846222
2081128479914497554154470110395035657446030701706331383891985612081861704629249031304906150396352
806186809921203487334727332939886967100069591268314285583002978641015904839799868236444902220452166
-8001462660943122102126482554936341801356615702389906453859858651397037275517453708652477963195724686
-165914027899922486244805569578476024875274647045642583405393464216254256650833382267797148232151617796
1546280921330654311213517308444573137752696957292454952731109177053906561790256917223107100393310579822
12023455358858891316531944013478385435678052767345244276485131976525547906526802972469542362979334520154
-89339016650373398404815561478090166562366887522934509131776565651478886512269709014916441354760487876036
-364023583887837065485153473204528301530608403563908917839527007405091699037126117205602576670412163562478
1861836366257569296938539663946827207266506314047037295541699620947198909061221451882392401269872179415136
2989469479775396979222646144701850087931256302590562959118266088746951340465260165536648254501973969225334
-17453823144453034754980157463523970097415835389726865126162374450596441900825107889429294134085721590960186
10428773887893793096371383009287302039695270421125307126210769081236721606330710182473730852919926500728412
22897039476734479366029495002044788014499113575457332653103285779201425020434427205083505745131296636379992
-18447226412130165116815930750620032641648563823940048792091768172116805148311369945698846111191093284310772
30380841880172104694868905061349438700550858018576404531466331514917944947365596479272972235139494250987394
-295682768344689797063747801484502022981715879152073989878223513190835383746476202864173061997163021414681982
860990908407752586204147927566227338813709283148919123439503782848372224871633551344959673602596060496518622
-1273728435046923043198754528290426804974307883862964135429998230617727987359304531276125049446036223280673300
888051094975817629087501757993535224948154412748096656325538062689816008848403933285188471298998943904635056
448757428194293108615567467733364591285683327014496464943170719166684056237457332351787378288056900317790352
-2080074415996462600352907636915489836623582550979792981969077548060817036579599515894830627788640347733590202
3013667654885578380795550813619203511192983570351492272025253305461412118247746947165881718164043591616614958
-2743445235203704172515740959249043588757455915255613862636682246511149755834068271730033270329742366952209378
1591220277900777286627259041332173068479544125900806459964281696288851014511814170926932139521918413719701676
-316099370819638892635232741119625285496410524385670334535715918347542226381749041290496996392469915913128218
-502459158858256500192478446036506346264468353359947387519032411240229705229902257289742613753268090474968494
743326251356504602527617314705110325529594278672102257043582155527238786322383859107526097993017731912482254
-609496409708296166097139132610321930613978880873674326848779173143748073830651318303420322829887410851111340
361502202119332335968696610051143051347521590584532374242909636017382656843346714746023016599827165001854510
-158442417044988073800717435889286588551382367532973736167679531010360904086228100395540077664603138736857310
43712544551315992302620335197739207450944993099677321374072303529028151712535274999489561530458971363885096
2124785223840777932111244850950157144452313802037410643756543543062722344790716599187303961211254975471694
-11909599804120026094684415805857623536445470820053220214125174631478110246332816030667696352155298899490175
9059251899634039113537722803396133704194250492467389873197194906899385244931269426640548195891795138991863
-4614012325186900713676572109247900007143632145523400748743859098949225689668488524967898482126777769709824
1770612627264547158115463126191943388322638857253743365199532236250964507570263348415309648696076598443775
-495995128151361797512203963255372064116433391644499999283651397377448341282228862736601631337412041431706
74643392930935126795556703422729670407703545332930833992485881036625029399337241746543099220405973143651
16032151340294777764838850914551958812174555426484460663177100281542088269866220220315997574905426018362
-17395569426700302678366764227296377828194908986739606233244051174075462598010111482348907054893900223231
7742382197435830983797627650599116523797308013121175235484503322690153205906071616449880132252131769917
-2355418514778935086207696649340236907981803302400219389103552609004972659230504375197914555064899894236
493637119975400026355890959704142886339274780828714853258176381072922398703662886625193336467172111356
-46877919073593413653901222474489225118755103305851653431864664201736672046997977994812608867152806624
-14469619734087479901684234683140769846998053557071050427694969062148901897372792918067116407079309600
9336661425820611320361603279944324607911844700843487027006220181500029284231319036355538881231530624
-2989373653312263662048245090130846636711036677683667447869951989442058225895677734411175311382274236
672122873116103929436521027772400293698934712123151753579753204152402669017553434372057056230572716
-106223677626117223863604783408531116242172806460972029840531238117468553394663895838784853298698717
8423426378604208313819957818841175358267053983445481041397571488176982257887903994700896474117611
1299196002888328182398432114381437434560377550572502207826089153143362185569104236949720672956358
-698977001389629540415256290186912948284103978250473713945463698737713637050254051469301372026871
166281708126954396163457586576330754084820356346695240872752773842267419040752003780989385397386
-26716307537862517683784954694035959002022932766015476380098002295319582727565241643196519092475
2773247364414627617929871152954817322042502069185962156761073677465463517222252747587699134944
-58503170972974025928646193186420160345250443769656845776203564822291332962708114283103112123
-48752723197641867357674607382851411772636211553435534346442908191827473271051530348519014065
12880308240705421316392887304672243104455123523514458690275596278416997190408563603329016586
-2007615643786491949908053479230179196800073221368042428749105047259089435417327190813189896
211408724345135208524809894147614613425212383934545359037328340776351512669088647726248950
-11491829747002853019838336448942176601106607598657678597217027517702774404163281030960510
-911625319310550806922429283714867347728750261578398357362212705829816616333510215882980
346223310707678080305034680669816655545834381933791694533391924712695297813412327681586
-54443208382760797052947845374393600234890813744087497309737629247325669754306830123386
5871667571541601966108447773464538790118946958318186039661579900693547331425836462138
-439365703677104549560135024179450348276256821579227675614437000005622832577199977676
15188584389697178467091172202107626009183794366555247182007499120716092650700657698
1659401200211193700222638396096833486362811060066890536175920607004742467686300042
-404604889236318193296175415518641902127958629768575696282274416632563995513892598
50528489883683129515200210839477853445401082497517334396470813917083467950461408
-4748987864340778634793324656732522654968273136924355673927679557794771366222416
364870283665074986576138436528932332948430160973644460006793689741386762565300
-23517100724340400981625245719781253496260829804276566393042458635998683804142
1273223397902955326737232418102039310721933753852255348816450759592598952822
-56624782629465273260943280285979501010930437424041577486879341140332386914
1921411662413373232254967783885861607286192056675539987119539518834801332
-35896803318698028902268941751039895821189522226381573099426224502720312
-1014928098145455394468946875111274151592931364949203703250439671374972
143259044081119743150844427648629687337881682933195990108841430075866
-8709782908275748923608262449661505984053156924531653899582947641854
387955734064674587651259228627409236770860646328436536102706195024
-13898737063017975083774816097710134230529145833623205279525078602
410847883230102477754131735570951422065037918803912789773226276
-10013461494252366436276191707705366111910825770491946182120514
196852018543929370047191866797816319345266096803935527897218
-2941656824311476651183412047508435586169552589872360257804
27518207024749480430712813442788193535132001516191350286
32359200666430788122909915267531970420371493705041314
-7077402618934225541297760466885140660227585199944512
153730475041578590423890525948651811719965626399062
-2005806040236318234267060033535719312720979734242
16576217210599711326461034886529907848263611360
-64404957590746768340787654648744134579629750
-186684647597811389183364729709426266717774
2330089832898497721978015325603917514340
1979045551748423995377868884784816202
-29189682537094905745851255061151435
-66779110864575570112363287007889
45981498379584864206110147020
126260246485486099193938235
16681688333581138457762
-4648990639660838621
-21207569988806
6419865
1
