92 88 83 79 75 71 67 92 
-151529244742923926637819715920
-39036508668269966032763034035016046913659200
20162974335190252226587932436136590160979068757062605906560
2696292685535594795877615638680565661603701811470023230463807684436580480
-199074418717987370717509611843238837816931112099413304795210063368667494013338286156240
-4640065506119694078037088416315090485032037004599565761411058398449499653650682991153130926787771200
21434553050436348499261918430919780774902679571190353072449451583630867235931328923415354352204583760232652527360
-1541101316148095436769392361838077011334180981719796768667862032942876575049804356050974065984452848655537293302092827910720
-15878259607621189103156976560996718460734483977851793771687954882999944152959442997771198350545704030138304133784955335999200394054800
11041216182579925756091011502918153880235026739744540026701999337589592092969354959110067001809337055456578958606500687751390085817580884602240
248703954804717135042871267187908940460237218053204361843828709357906802770952154556621741903858875082154900605152997170800330953617832855870559378560
-13791959314745812456334322240665124172195629490498210480110746850892691412577135584319376020334372422566035496553934240185419659056469327779841816889011520
-5541582934241550181312201565183437073791665656561984488760167914457009699579758882169731271898575257702968188561229414558953102229532692326009454352945868012560
93261820872791036380104382296250221800529256312601814352810487028845415283663544494961207907026109386257556619982868447837808103507869922663041367759797927880942080
23285914024122519263935674016374937394126903905467016128777147269098846646199510464646383030405908293591979024652065590584258449440566950100915873648089625618458114560
-320732943709854376069415513859237779303729365305353843611774701024389539449225027253385313782531654422336552809054656514983296042417268531706661384432435020375179372643840
-33536077041120606895169132287297834478964831713298139545437675363447172744414487316182313146958744255691338655470864361446026419231703247866164396971084025960625652369962800
5511796540992658857229967006749540088435948999613023275399866584548775622770599636829411674180846141314891864702659544748200975166069706519783432596706270775023975777559293760
330575919400053903168733821438708629756493493981158959185894410763524540519774623116862508844529182947031117189475958312781908949585472515500254619641241934801031516067812853120
-27588348497254889638261132136607380463939026253179619443686209696193191087167700355382778106658261654495314065635649856596004279246547147171950921322033473478666758876974652778880
-190594617743447834207770305901235832001946696418317970812121795191301348798002716699345724688475869320671280978731299969234169859419149532167465832404805311012168145875332360863920
10425658095669305024333961964361948639696258586501985647452437663734485231162826296613735412826066590083335467626922216950856430759366291231382710992337437349958307923638718109600320
2444790265762438447398842606977912880144066699061247945031396712894025461357033254879275539092825242642175112542748864998197800033361299025704731638754231095092809812607180907959040
-132849054701212980999688876098728292626436928661090888788923873268167907216808296813104505233713975008343961337528936534167540426285983881900550054704147113694509230177233815242116800
-75484261349332711629218253576966282371507160401885573629641015059912033382610700447703853341173826343484760328647648098302570519739505732018215373868863099920207954444276206318738800
167165609576898839601271752394466315431396372012329723173379187291064737907802537882401493050668737264174634929413582284264345776959960404530610225112091554803968883728137585703093120
73409078175857396828509957868373908542698485919127955438479806615726914846292810053366201543174997028423343386014691318159036124829441778584765918427437563950649682579449269096859520
-24597179724657977592812808532217665782455928630527059510063236819671899132797213174177674581950883716334513753301464971437077956164143690876679563611937099343808825174199067794503360
-12342723396371074000599669395579184052157283996912512880199235643306293296033942189255622908166103857427096933591019365115244296760438442846606291761263514140907111444918265196665840
-592881528913056050367662284124931707129772495149993175304631432679656980148808615066295714998820607475790542928408305197124565393050059961155009654768646075612987086397103986754560
586388678505629802356650992809140359499624265537119038873301793045758425945013432981440797369236295871988452657475400718165866804050034060440275091889153977484268288188221013882880
-19316668488111055105574920972623184206017186262103722176610956066380967156169943516545117575328631073758508569239704247461828045795561464876429731201127972284593542263038601384960
-11293914277807227611067775026514982569173953066211962621079291885301372724109137382901463973844452129596227088443262491206283014723506549113563748531613919492534091453464439483680
1622859902316770050035566921966374591200163597601412287960965974135062168616158346309724167078780437042006524432135138806226349706883596485659120553934187804480487441222061037440
-50841437152867644076729137497814078216403075699102296591340324896999469396541486171843200291790654758640956979589937218509482894217930184559575336286314622038415400186911184640
-7550598062228416544984953743515988134869798439165502620341670033414959623622964712327391719151981915313577612025091695378072785591046271153086530347959912279137904635627406080
853569542401447738927984825483741485169783146881081109437831314103212146325697916977836344825723486064417973326599942799473278152945949043753173893605212068319615713029166560
-26506317885744297975065262294631872469131399293813507037385503436306499966722313310747189224920018372404485852080758017794200612462705184742973654754400280078253381998579840
-1089171333384657322029679362086603264369397975937053008022411105293926658504535679388252495076026265573388451507645561439504139138673549221194378097663143232619115299750400
129271662926781603300434245569171648717410840231594013190234720632619674689494100831249795761823614058622819744515485372179213999772970456551192238744037428240941857356160
-4922688931070364652078410573939833425091014669088910282067978771582064338456513875543856803776299114147666414776377429716305192472394176473567342724962411041789707600800
55067068905215294787535693938797257602168990292786161745239750581725950277891420970444209990173090626288487486313239813570797620072226392009211551182782090890374178560
3267544868016298280069972922712700904872488763785704941903728990230104859981830031456716680339337002418295844852257704732384141964272491198439813011245654662427843840
-201518278722677556740134083122623877396346810227630672686048576024413608482272684338788321499845010678099313027487475266908400803063412519653275909268990531379013760
6181503405572804453913990183859897806921022921033057614557827937056742588012870517719693165597806755963112162289340074400989085437301213576529467046516135846504800
-128560853245839955638375453751856933046736463553166668414507172378722433340477819073891518484811176157563502906513540218971206774538321506157570026904227178557440
1931163402869703355750963163115938649649337708319567391344476966299315815320076808578833309349382510609992527482419489922053548848983221289979315094210915097600
-20477662307777779147190021656867305671801129382530066687740729405182686911315196017428932248768205304256585892614745052004774060350775978234048811540370493440
124100310372543854420752697264204225144676201678980385917746511166717231745339091601153587979232780351500363324135700686253585472141252252340039576518762400
374568451179640649858029153268421766360051812853380009050115029021649704473797618813161344587990742090316914671163984178318961770783908738521586675866240
-21431917503069028167219481363189142361163149234293081098417911712243922561054569146851010590718454561976419829821909339971222022202727438322466796483840
329233835205992412411274364990783132420139966498078224386425513405958651276304981148081691566801549261161432937110712819596562028202912540515258133760
-3444300310006136854967711280954371614139952207810867571387856462372238903340519209343686705270410596118565773746433372962225376866721304811606850400
27801873581221799396160259492896302093024736141571280204814734312152426885180446525388817146999756686565563337364356156345685875645536875661509760
-179281758741801285218443805405442180858732367986991924785412965310355879747039819146272603317866440265286273692977443985328699778767127595840000
920072315993009534170907540190663301006900442424177385939900269552382208127954163301145351693804378287675677720560413046519908499672208671360
-3519607702890108332115360089403700777117095715704093400186189759221184265718056714721575374404523388045421533570864881386838290172229633760
6439630875449521069133300526351795912587595979644589471621481862181897333986144856245395313190934856266223327054530594619178731258597120
49672950114054758997337200080103474462781154804359083647290218943900430975762797440407525943905999673453595237192382475544655888490240
-818995019947093791371945064834860317843168832809100131281824935360467479932786878199151951162161854712258455606422890069433158527360
8081218153229795230055973692251955597669478053953624562293682508794921262405928417433149936225056710950166247807207345489830683680
-65736351152473018609966988655909575776732136106282755188159963254232683137183578913125728752303915008570077194695619114220764160
454634117572338180420612631733603985261551060334553117683707428544777599041731393869384401583493214911808886903735159932549120
-2632874551126773225573612035833032208162186717107090767281195511490990082458414144577418331882944757580382812280750099573760
12383684295002372136861833587070184286967519451101897332807012186723416155576641506647648917433867314502342173272854313840
-44616592801488081661404031403186190825939560479018065069324931395127265117142755930495375631192038808481417375000080960
103916221744564894021263265091945931595021471458196105840932189170084861781631409817489872647661279014272375374359680
-12591675891372918302985460979343395166586537533323300165019953307245181583768939675867738230895156103999187895680
-1212853867848427005870893994985849840060706619035064182004786753111749904334135054683844729331897757295807088400
6424188638944065951922388945479488907431812768056463771315794891063468931201343739753395892665146767322712000
-19500093325589525132743976416758181539542190330397964653099523694815361580488805650765575350596358813635840
36404184367343859771518446954143616616387606730423903651903524956806362095407009982004071430424050685120
-28076255939448986909092737918374364991936033868400987538289509837687801851722204279289067577949635280
-53484315504707362942653699906440187514754060476262244881211927670084386155719719353134149778711680
200798726833538417830905306322021172341520865197999163619609440099247949311377575340473525796480
-276951190995647581807690382273238505035062248731744370266860932333296942629122918808536127040
143018712966335399270470227575330270899550080285067460590099770857513538528982913813678000
88754381595417798661176935039880691865135056284723481899140310316533005385951424335360
-159853268446355743279546478880576679390681945098631220458920438875844123281541711360
64246883768298717761352356994265734933452301252788144993918687433701897908999680
5001041276297007897405064101722820642418490357864900480928131611047523478160
-5898913213119858495141937834941479348098840000329400989094096196642819520
84690994270397183402374098386598158286250297759206874679549691066240
135830252664879987325748124178954194524614964483715865824363277440
4884032538175478956459540547532163595174564356078512689878800
-191763893838586922459601041306066088876000867535425981120
427352527264271015758841587724068746014949917187840
5529647348979192063327750774832328034184257600
-1623617851428127612818071216720552003760
-166724816452917471386902518088320
143595351449509938733440
-50881984574400
720
210457284365172120330305161
177753523454247711747447287622550195215642
-1779131504869990358844569729508211148670211611658796196
-20268935919372194698259970080358454783661109556504566718878180617059762
-1236313498653624538488874578265004186176615801941700948856308022197089928803662729318
134281082479062561375199873571154828502869016209420423031352904769851429050122232234099718102827742
275996150786147069151908530456744037217027464907492849524999948442128051334017726334455956215667016712205471868
18815913309323195057158461601660243451789795842430623499942493292852187845030900201814979108890685799945750257842267943290
-7228169500221492487160638836550030484804681047602426036148878721502923985980507643880807458192714372461530676505709796153398304521
-4512846415807284648359868715539352065997151519844610776445702038165539691458890709862696718817893879850539284120577540782529100044256065484
-91888841608484826779595539238860880063879787288843983425189208161080654375662029457530862214206431604393172502203802074929737927772187753814038024
-3103135694320769288225060132649686521762358633382779590065784473179105080126118824428888585376746439116474843207083163591059765829758921346857418315492
3493188737791076493076668692277293403077845203389573400955879415281214939315328901654128533029586788864321745803357062144711385176138383390805828843816698524
-39616217550230798008714263955644872339093950249836038819533916654278444346756605616860721479014108303035308193197741067770283533855278770510252264914357354113332
-250207192672139582350332137101132173923783823489777629087584626649243491062019742332968803800848134389216805231600516032386971772054787848729997455323819526768409960
-327618865396024207134943781687437022993245893124435735256192566360338022504309859996470026994586404792075078472745365330622333039068670379203421034362793156866300282972
-42165086038851379484655839194488765063310903536914663319232055534180222319450992785807588407648874825170447174856785561908855464993551748314203910628376157967942589719205
4311158806180195380272222620453400896798285550625838587434888402777008911370960825232143838890415638375007765797844040834431613771801125230646671069512615267506671116271482
498684878692792697558082338939631906701369883091417967852798754447380429285995418872084293233282869811843428141447011577868563199400916146353760202752673545013596968144920220
-14231054036439011605000091786151761421829964017028182590800822882607879640072231356548632134479125789069850974325323112942149382374032571702750136527231532457035135195814926866
-887035467270947677121072296478269600295275287243388811414661275448438888677984353935578184980250089725121059572285646564296096846760494034280381338336099937389708942044868019886
-7845858109738013462204562286790732256072389314235928193852216597252276779608812745263340648642781564530988628736722757398747908497500866726120035102728351475997053828184353874706
22415759097776103259094180470900077880190932807602298587893326623587774008414657936007277657370349550998667781927414426284822042280732209264618187504259761411332559383371268879452
84967174276832098511878178306822911014190944034021111201156697043329227726219553707188005814886249293430847678494976059591038537545617976376461537351006923779845601254525307243306
-10908906269527322111964676073829334177439018645787823650599249511145738756429280774903861072342782903573893887804790774291010492953774044350928227474611053292801460516774637025483
-102131789181410200135142118469698159066929478446116494903923725910334308492354155032212710082233892122468564200318595747151877590936000418883116743402673592771796364964390903490896
-7861974929092232413537630540247705904751611157130456830175338868579732347477142018475835003477491599586776956191822543473422146281416620667453014441601252946662020618684619056864
14986519786132849728570591627843882873283938067722174870060645903602442464117271837333795904206413182332794358340169274271592609591589730230531832944676472264511874777465711619600
3649438187754944084774131778798543206039094140131749693544983994529944716069153244252025152590411274456300114781517229313752923444280605823157634706728188073680294744979546187600
-1145246619848697131392466913424131971635042917738044464495084067609869081109153453270881139043024706285742904991421560153347223965749533382424399639007477799394014898879186955824
205064964405093721382905367772228373539672842346269462616273958044803088725313300290309180828171731554494557836598140700391095865607868325736887529692029279552106765516768355744
-18695218090600169509628825082066255567402336561756538270207126670772073254858623396264885507816097657655858353190400889897687703802420507630186775041680071635696562881730980752
-4297715913953635444643607635174648486421451307199513789939518505832285212856005844192636696279823720352044071999854483456720824052576801906134290738376687379644381289137780694
1464186533639180063767081513085602786161044439857799878567261071030615681812615047829120021120022845633978777559303510220024400668265994521391880694251291335811932466288237940
-180475509812576962043473138065233343675127184762454605206437121954359268662967621393727987838955457771450905121239845008255230415367584249282239989839403342697945429393427400
9957391094163590079792069604188671774622059018306192431165609325959388511453095960080436914974019676824854268422353612369177531007442907233274998832095284222014469140082780
99252565903237781739127491556601863846482096799971806468386300253019536426418529744575668545496078254930013411524022861448765186515817044310000721537173734100957631817300
-57953542200185695450621059766046808883503147092114179082833958178033825521759469932752317129615363971861291181015719862489444314081675076712965236098901322686064582713796
4539275752357429425760131222146797476079799537723808512047877442705732622000151140562795369115324010812395614537524482342845782277377275289183424982898197637241181266680
-183903511224972724672373962500222912604607838887473877375239108002287456871339936934498129189643153233890688742877698226639466863410647885140503967120164660414109413772
3034464815244107365800637947317164262605637392819408520031375808851470177542085746032699842504257713499095810273338060726579433371003084873597504136998920301156279126
105550085038242674473520528737303533311192215695631067021905771903733104470687359106862110724467828000520191977099251654662684405228597529905953989516273485921827064
-9447473959948568778329928330680355645011749178655744362640380839804088382845220784145025057372160005568092942041329264898493339912305142246621393399528871702192560
369284830195296681376735529208613212370045800961500159191697377925831692869388537143483604991726709851952481955483478612348472159916715224024788312037417004356072
-9738617730881703916685985335158264337885627168981051486828313164707703171781096100553123211490265611376126302544890550890634778933091806956252555488743223234008
189171969797878997882011636064189071084934568179022561716349568708837958787372814673456219586949647458515703625013516875392619690612083637763767899726035127688
-2750554755733834222765089937141642677989132645728239520940066377652057388123659607743501033413184273508798601931402881716790365697302842545275707885920742640
28711917630746056084855121992376044653976351375529313212257808832753786422592211825294726138056039597973323380954049806800920984380148959058098668901071896
-171665103727381874210571481418680792817090229687899383629266817362182890674525466287346655896837966941066340466584011008392537779456842695417532794663994
-565564395349211259573310042991842189783745069151654728808338299184999479072224253758004755829377828457849309073721216881775740884261685457930868356348
30726854731150675585958477213062945619274200920985124309084033856568475344125488082346753744881347665079227777028672645047406439020653334813391675800
-471882661295161158692871924699229231275143379263153814925407704795997372107453051061441779984330041273951179303479740479713387709235345368174967284
4959339914370294210284138844907246799645923178931145400397750636213874827993294533155869607862404740332362543448017607485912252139371401104975060
-40386346001981026456804614962742633958483811712543011410231571912400336171454928357778210392358385831567910038382523400775609431951729639912500
264935493063173297257887837090855610504232767695585403206173999088504781052671323946207933796380210448611823802670451545323898299658166096280
-1413494124997685329219653705938986843376230239309766727173873290876086468385351078505713498864391973429760670980639638929884713366895941340
6064221389942417417195754811031806841052350526877510436227144776128311193477608849818909326725294883352827484235691328855527197281223386
-20011714790010647967868093790242014442729232520332503663102171273238419228473800380262925573864979599762908191900225694304290237793488
43608870462362854494009178860521168811942340445185100273203420663986601648934507421641858181506578794626043718331211066026266934304
-9856324249178024398148728648427514838852717614822369726297670006788500770856833622900911503647889479466878108016574549090663536
-433697392125128275239837068653765506251000031668683111591607993764094515462242044152855065701983480382104076434615036083641520
2389662547684642377767442045207456794781495493769459959518256926423859266579450017991976839469435322380373207858573263623760
-8126010034672471213941224637450687792006687521482241422768801866110842519149765019463198103571070391027885987739424648544
20140814037687651630046940844443354751554913068084827680654951986549461058137434485748150914706020720775259112482959856
-36743430376143821175971122426960457068412652088762411153972069526139420912432275615851598434823704729444608655644963
43993083298795986660083211175169091403186353873799809286713826962201036490152355265966751313747849210641587521074
-11813500077542114761267472654216392604252018645267536632869498136174977123879599349933989160099569760650158868
-86114048737313085492723054101332023975286380915538312137657827700646606970252646984309924974032905261503594
217705110590678946169164765129719396337223982139276046799212000554034198392518007864949729990011456047634
-262358757830309568397282404091544755615893881640077079221969747616262562417492732624965183106974198874
123579366684958528406062102183270948869960594933567689613645016226021026264734322730773654986211340
89932430935640250909800498616951151926647100067498354825698906867122564317897105120708191950418
-156983654405118396110032383842688500067507466063768645703834562129405152465279579300629847645
66896389246084298558447279062130317751888906075202812649882050156961728203236087206658292
5749064319335060966228756121410744223347072498216142990882337995409661200813333363320
-8393061196483719136608064033335871624054246525360160811976339752245707844911591588
446151358646237204418304972032089337633010330659653912993417611754965995977884
316400808685815656852884191160418437900890768884518030478111838179314638732
-16704630804922294179556343187246080578064271853911909506243450523801064
-3050328525675580814812258715145126212309639143921166969985628681756
91278574186007093404897313789745915278162499665529779178993999
-375461562424738759933070180945552403616760269220265631550
-1948734326318861401656426441951205434260058315123892
6929228612706927357649424112140856266719607238
-917783678885474568990791905210214054438
-10660152735448052891231214602618
3880006966459781861004
-422923865742
1
0
-1872394618341532109757821846786625385680
-480854692276275595384937629121166636493526671767274080
216391551530792421777208545981986575522936348359825489011564388714480
24915067063636136366771902734900335198562477054707992237770002742914943636729194880
-1051948312431274625346425779091795424223625257637633027889419834040530932666665999069214708833840
-176539245148652076197038930250031851555730422354494739543922345859619097410962921532588360487504516176217120
46600718528997387201802196406556083190259976286122119714018807858048258136854408749123546003899025831071205231680361200
-69533197067021901246749573202968966959506437342966099000683480745181009361487932070286455499426437115322021336434609926202246720
-1377478164937983056000901398053764794104198666511577963155883794953539761394542065937660946984762672647842700941226989236812495294526240
3306940701301639054945245151355385855234233898141131699679618178682978362493682431122422578027399440002052382475931530323970183714756062641920
1388199525393592701288276896368041501949647371666804218375363863776729294596304594499018021708645226174470752893093707431092821151193505687756089760
-359205262705163905528648342260641139237883408049424090359792451074315219130144750109366357279177906513221217561758599320888414615381347390096244158640320
5300914694935575587217635261730563392586492059015333005459942624047746901060260150763544690219580408770753048980885204353458230512343666959640452631240471760
6760871150842061119873734594201424059122524791224622829258559265309839978365144667040516463705006662678753950570503918058897420982154036247683556452417941342240
-8359885351589838027948802835220300221534651996785223238383710824437605477514162374111284174994749464367240209382551000846319819339385899100172275745191375294694160
-1522365058892123876383955847196701796975195322754806351753105245869607041483224464702224124881475256847093191396076690262151801141211883067336799560215679700118938240
170801896767868263911690960935515514958308049949504760741748349521582266451508308294924130210416622141723367178497323586089562587344481347877801994806832091121312681360
14641312202122988200706944315951588317735475494586630234878039539520852003732067086995107132425103675324285589522958261521118628137667854978083244485323131916195727927520
-1044908674509217265152062310150212158276325847051605536324109359115794702691348341896485934858393991975833652847255787348570253000191507429250184142174284855512899678831920
-5951121619722127708151011479846620341909998336130358388064803241690289770147481200699734683566797775765358319539034465314262345552563321729901420141545087613879213309987840
370951025882245962631622484472458576886080160436283120783205900719745958583454559960753167731550068599672114724348371636890507030048335827567582444062288766754998498497573440
-1309640788826138508886224190798994807170814915972052940344894692606065852428007288002091791738345266401430101867198418087163413573652694800325521282819990390217741355173860480
-648118336702237767546538663482596342100799512139567002522758906560793533891836404335911598833338027412750456368312473647091821240378341480040429608720620529164622468021947200
3428556944830367656932057428670658182814238089416225540297959224340150917041377137138522714669050092506784081840090945446205264626226837704953395201872357163281848005946282240
-202904435087376927600112800830630573936004008239507878546070969383206252865118548663277989033877178174416945074933200644022686748503903011591271316302080204429704109071207040
-2384848768830346217146234580899646833789162383864605038348424487566853998465599327218300408109406688005386745335449469082672140834092699224396282259918020256027029371249697280
411530719178128481331219262790658323762734527968666342429554141369873693591155827649660950460296295851240131361976843723460758447886892141496870811532049091608533401171728000
482897666763418417463621027557483739777488975016980169821107926365161947777869600799285000552504545748161472464258799572414686769889744802961296335311595668260675416540087040
-158501674595907353585505792260717234346419073785534627173014772171216387301327362794774041781316134893690445881725072056170747919720409712635427395362667053490003935594736320
5829036005201201045550071285880334571821553253243297685526731763666972205004944880608406775594397241323548681232134858352565809870872664425224467781975676189115759591450240
3744787451965466682499142981038823327109058305386756866310867876472752198392341181407576186808151687397850907657650410008671434770820899211290217327383802217716775058205120
-668038406784751897052957148265496050139954453378003084371664590833206869912142125704359282054213317821278264616266965963469873706627658230927727890967719447161519439928320
44500520531537606920726327824941070726159927309054628409160696137529687703951756846853378597365457941067730623883914108357538435152636189800301621236429205718573554100960
-64043887692871116454962043803159271134275168217248167386023424180651920583661770506888017339525122179771837759000741137650796841964348130291341880852786815272119849920
-210071314732921402041971237731044604236862717972470081994576551162810295599153411026810449137305231119886098732923443195900440821085053190158111312835381383605488167840
16938361326611553428147837133192035565501560947863681023654338383021617762573764441448415656533503647712803448265313443555683849554369562278900309831982012237576472320
-647695029653616858644387995653077941425882168284169228911727922776709718215998399061918485669454907748733435847627703653021861820805816028371162538538392014776074400
7731500456358772046774611542830460017680518798060197059723970476393760287890722759094785822524733542776133730428528737081448399854599652563986545530273113300944960
520960757992303764249536678051316972414867274224252248403148360997242031753298167984013519397764176805768680755525769355937181852274119760207126841657280592149280
-35461820480774728657544079322084707049881415387687192103546600856564044449920872707201942088873642981897610546081262701902942680683976980474119584549454021262720
1198958695087244051905418056009670435962192898912586828028239838488012766217653991818148946678682520748742459591780748684926441454118054594465761304930522262080
-27156421456030288755587025588636346864821527340710334203055648719336732079549656948576035351928605793596378086614571770678441943692186584924091519961094732800
435386671513350019163944571934199199956948603116121960518318552422715410777743372770654103534643742026683529040919070800565989228233805243162386537365119680
-4756477926522258059775290381322676773919554454036262141631782523551999193183061256490787150639731208406563872509936306445662380973745150114885255402161280
26481134010972176607015863145280110199363330416079947593831391669860383529674295383794913707444035536411531867643565634710055027459967940951784705142880
176447918401805297386754164590536997939834408646465117906907980038198263884930426715526303875428931180022201034694023975767744421176255036759387042240
-6424355615045737811877265914387750646969668796147641707092974834746955002505356740721073777282461467114058859822356054448705895739342574127335468000
88333808906731550843323358796466617667329062251726922152346252055429706882857229230464586443022851126968851664890376917518786970365463021012698880
-798531018053037935546611382500782283758952405116833557330693185203438314530407206215852649393592771607276696150116566448538280537154320271900640
4939919248230340518144022142441874147246758254044711933719643192402355266145262360945464468557578314641276521837064651634264942593761877097920
-16865404167257057631966010249555037817035617919593163252124864203033457274150539924596050648769212844313568957146671943743624179494816409440
-37722759711167538548190725422744129105936177939884722576767848997023788844155408273258504464254101419071807297722171243118031420225044480
1042058305584915284703650343917447620627191866520084643336785979606334812022795678106772323948406623097462834347891680203908287389734720
-8638614526385403810131283929053308604546097006463563698036057476687867194915529239648055664041760908669555330467999566686676488551040
46634171415096725996109259139052879445453664957331779446314412630280802224330425191975392036303679376722190233781527140063769631680
-175388420082460535750827735377106784565708528440101772508881194704655287586807500031881657988552975813458675196306161708955549440
409205169356385328053365324136400014544911414872943887078836319713318494768188907777485392545057018150330343894410401709129600
-106962079237130845077303439355034066462044581562895967953260111965098380184812643087126889408428203974760173801671950200320
-3857951462176554448000566915981748777892473747749579623643817416977849656754400502349094784349959088637383963951350458240
19384589463551654088900063444700638563752951358537101007147439658530173762730807609434778696309839442147698929634108160
-56173405405230846902355663011501063705066533824810720482333279939081531044330145284320118062200784042743399264241600
109912651667990233310484888336154546954093095045754019119115751353209682065395547171790240623018490449522172465280
-144629431718362712253595282014773604857933506926651647959157578225458763361417727760058600361375743667514455360
112539454079912988461655991318877396137489715810933057569321926671372515955431639282654359734559448105328640
-17818642320139082299085289389493700799905218612777839922046150178973911617427272670632847883120092712720
-64282317766633240232088845993867906431471390162889706697921171900984944198843071386157577849072945120
73058647255301405621034949250706615219033861452410516850063921505732663071265577219821766934531760
-33657928762863368601981229933024208385171246975853993937071203189517362190351072918404550853760
3453725205776269496560382564882833839524819273913332854735241611777481214236895853895292240
2564687912601212890389653892821743039958969051443898130623815955001086779587011280104160
-613322099930997193725939614185612559248240572475498816738972168136641964344668151440
-57538444675829132767589606596651904588971034758741390730826946357627335889481280
12471449203592076520815487578736245270312554403981696005522375298667443848160
1123710405530339130675415670185791949781457153274268667161002846203137280
3505461775888584237319292610275546595401130306474989024850473292960
-1010439350430115473735872749984762553130315164978944631175794880
2893143543707639780562959355324975283434789259880847166800
31616411316277328912988920457240391106385310865567520
-1726897838053130733958646107761822109524362640
-1317772415754482445979271717892900554880
133314014965291163950794054480
-126729913914913065120
34567762320
0
7447531358115921908935063176031834560
1894200796259743350065203838741556639960655249549680
-808231678324407487557566826380287754982345956825312497113889638720
-83549588309869063011315848455950111519027418713781127245550691853779021777830640
2692897161669187174208564551525378165753438665142843152757053538021682757633470501207179351680
835102782237040555521777548557800992799307008310495358780647311860602536676646716807621833695939405589600
7901932538730380487181828575273276624751295435511222016902352991650747562522831099848698013797660084618581638715520
-24897081979149243612797072678691714300745555941003765702750597228338015231440141894309313677989538681906676868997491449603520
-621045984030465993844661790915122104063697992511444959418300320475069745926593988334087840731353483855148164006422245730743585727360
-249659728743615089557069382686013064954963386821748807454405750178396340052130322029461705802587952741904255089936294636915874059733528160
42576229721518067400924389511816947952665142385381030425595456892142310097934704653907094559101547267854839583963963095006507107418804111836800
3571421033029556183863393636410613826483429313974020523771290307186901460155002143263250708773539176378038859951826115688808563930228444923503798640
-65542926838704284441374324674105917557967557445472490978414528972756154845483448209021218387242494448926183851722768877065003894535990515318158133334720
-154753167831485717547376331047918167992511740488131513957603621793367041756779171859819490821929818427141552688626968433965997210130394528121296935889810160
-44453980906463179286126916898483184810143679039722289517110930558041181396456109729046238410556571858915363860235138658020045885328379075858333989023049314240
-1186997447381820286749793234060441348569336682579978898701889255783708506054053406862017425022514119440255617921896055708127345763981919485798222002638335635840
587991984502929708747009041649496837738612440022649286503599995211031871559164191969883636901029402383704411178438201013576280229952774247075891583715477355184640
27833824401305616123064627609370091268514376930889885893950416127827474224903556863365212641708343734477218578866315561890684043697893894187260461455437849653995200
-1873226123635072579318095008168232777049333891064655423165612232084303594627193082041276915738631676350959554825214262099526324631431405273758349651873165346066772480
-51904469158414702404465184554791828038208276394274770171786757295140808779272938157193932747364663915114448048583108541267693278618111372232788613337510366089047969600
-87276574557074969780335642508112876676703218404302105688189195784884768901490962941282182581654399486096096972001482929551072776717519958684336999951256729199203444480
816807420831296807287872492534960021691482586592003600057427206498617274433117878053813691061207529443420117445961111076465200382188184187574654443728445138163153481600
1479769200765493561111956270235575329498211482044384488390911990490647176922743955808385812770645580207042316476173306918563744416642225838195818237288487319995587283200
-399821058238800045667757175565763360327304682476865054327760666750843546379084375556160029621988162872314307167440687844215935637625912043571563585947210341854189898880
-1693764813674205697637880537209359525867103027802503381810517346022161787694428029750935862340798566834409199788736453631246188029189630907105381166358507887538484668160
-562614317755537788342323552313462793105086125693532279773058770928163613071132463226325110726089905936838883062871099289994941690818672650622658105854075798823289013120
266260148953637605584025679832011419009890182870634633084986242744622064313058875732414563417533578603784465718019317069333490910937169690737642132744372574356813523200
124252347998650530036795762362953565155334515380629243599865135471155490177383731674682665462368243248947490769979143796660555557661607726433431832211840790970249769280
-3335423475280009567683822379227603844009730016703554116768143522578029181226040350956922793297028698363721313828903592089294803276025546773511359625973596883400023040
-2970690745202554231684194103265831645956734085688310509579065687843966909631854319105175054896996993745493851824661602968721721540683402898243033737115103155163884480
123463845655394427004165144271849709393031256955980441225044260929097631151658566024793823482843362343581427708304826213535730828351258318193249481364412015974103040
20643965149715082678205243999055245032791483920962239932033605854384268867627010445678086875283275631763422161686378697023248288963782308262133456008515574263544960
-1514380944227496323111670905486397563659658728858126734583769029055591063271246099129451195621351188796721396330623384120043902003926015051246189029345643208456320
-25556606387966258998751506429086678307527606170883592560953502980249527013861180602150258949500777654503459227855106790678627244584684662072231093302220700758240
5621012594257190918371909318650947945698405438224306926356280793893239178813192368449714484088408103448699147892743068006945963165792286486344950566100711310720
-150917693988822680259220522631335608444258592011905045171742321151519021463489907075443768135731367892746192276970171336087265877006778210895329002508243948960
-3621195032052024062807679654231037156592134228766744584162442369670036946415637303798872055531966529914410924461749025371829229029585591094081135066352115200
275172503543995447416196144668519859114402919199551903146729294567643487015578244338380467265523083534075323232882580247146348622622586828294858764194899520
-4832319853561315791422926620700344483445102869081014183807568682635120064114032549502010411114291871396826658058225984899463781521855989854580699864394240
-26023311652276272055851375987943841285192631854301376102371159937598270368802506621616428891175787190937514172316495327228298435084630810904554863385600
2308550039766749116511159090935667789460593593759125037748726313771906902347414496481203193902368477207161953812356766348968493025728979244711415272960
-36454725647231732747889741767461196580645661622551713473774448703647220815234634768178905114299852578197551795483524996994787446326535233583607917120
169892175134870009798528866521140642177376042910177659315067009435842387893094498273164814207131207288917014755605083891282868577456587405179148800
2589954612583462831363978672918237347016815696976895566803438749674160446574339529887106225567527333098108327385962256229487526362237073408998560
-52217837394545173012877718636724272789508988383561741077637610548525920832116074647498296089944132828954822298425493177774088355224983403127680
402025521122550779215265595395639131638147619617234898464981856339519722201670445842526107610083595995075164964373299596176822420796747299040
-791697105028101961784326444358457445596129076306721106183971344045544452772333985238528686238594608707944640714352777181359597811915125120
-14682886218822671695906457184378893044826618468107724523718997088990613840425979533799323945650027336489110372840352450105247964373036160
169062329184093737257390249641788147431170466382028058469160910956892531684312095604114883788544947397881027184111583208738487541027840
-808419672927606311340053117468739158502759002689569166966278769152115071828518170349201620912180198190024517865674411943432703584320
372499863276625888036645574126154522745427183010868643798828519733114119931583286390978815040397168688123896218119512984935669760
20743069825689740737519089187232789850164840790390715783425437192341742595656132800440018459539611354210062558214421858651670720
-139865082080404043297022067895558031580466310500046168638141776681327933070164157182849950909500828046083864489937379787884800
385872241996747640462333132302740561905770819478099875369781612113482390424237884598810859914098895109940593300800375758720
190360952707166868910419599521457703753548316674046856652495729893850286023852670826084616365242515781105746044252419840
-4884965352922245933811332079606368446855575144996396153390188759007748499729600258840270998561655166370188599025845120
14303085771389694730151237437969818324344146914650172721632716502280915409939328394960271322981664537467907027449600
-11026811236630488120271511433743310522280068769947519455885455220296330361578656359233910423913327836894062435200
-28661438517938227837898854858383432292672928277915018728429303440374569750906512787263075315095183047272884480
70884566402456794223838349949271489839876436793096193315297413188877050831923517759047715870541643131310400
-40754858965034340898386731105134831161025703907788110608154423633091757059999451559504742613393407470080
-33560260394492055047390791174588770872651794326202921436697820569660246904748486895594974730877137600
47240383422258258829544547402709617438713929910138964600631152273296398373249317519705691269655040
-5139023541845816739219427611379891811903007244785374107496457404989381826223011280142144364160
-12391000854892189590964417709722707507782206939000432256107538296789801747276471788883218240
84822815796446839098363788147865669791770152961366214918527343851302124209666452459760
920828986133484633666419958966968689215857741955418086793471464461057462785047852480
106434169909268738826032977937266975540265139612937866435515518710596097125682960
-2066395515246655605220915991763964463170203850413774589728063512179433040000
-650422242743227568998795217498494283002857270447160707549299437008001440
-21896162174454790392672153732946540519250017929830915878364737080960
-157127232119099625021375634963899861345699154963115609949564480
1676388083531333771513740104850181558753254080619085454720
7989094998946327476967901221720303949257664435613600
3820011119131632046400797359726324313825476480
287008449184969217898371515010964547440
-505655010002747302153969705920
170310747095315583120
7146135360
0
-11433915535663527659684397113487840
-2905370232605222198810688497375232597254602434240
1158325167899386291069430594675305318786122606502206328441136400
108030887099577976412111525818363205499330624054172385993854687894302979073760
-3108616437417226484108500995985148632047197144877103546217750891404648111271915538770100960
-773362966485967929203090410799467165653714995506159978277322435810717531497900424879398445016194766560
2858001754087259474325658305651959525492808787699350307136081782578130201537298457189826947276235018302950760240
-763769510149963368249350628896830094355456919481113004032472891777146342969712133090570479100727625979805172670935324160
-23436691419446721614490708413583918867908798423961639372017531897374288358990553323946914318194667501128298639575366247637958080
-4975557822057887498878022484885815574507629127991747159565589298813743292375565572299728306089655920497201672805121080931126181434880
1708722530816478335255959555270164847602609653162829584153658618520921801406127044037130952189386509749922009486376072876634966239010397360
-28021338420345063773390895951450815430443285161946931291844994214423670714606974906069550469469362053606771916133271383842374285787646518172960
-8799286372330243427623901092547420579945595936892412200686103587760616512285378978984228163323328825332116969728855558798484620003169515148954480
95751417102086950596702906874116703334332089593019719015408948860115566379390429039469013765627321150365094274119206006107288478331815995740383524160
15803453047671384507618368121382550481706510801396685069341940430870672908670116746736473583909792086163739171359561937583230535594781249138668527326160
-1687844143508974569135587671633279405649005007113774914523414317751715694357580840037863897736781731620141153503190583410453885749623268828867958756557600
-164072488187643493714161501628428131925592515193354171897446845218934091418786965634051369636820535435903109266246162267791457255671099623301885742894676080
9043340211269138394121539544330394449461084126851901964336035746263920427426213048935605682677211539158748976384125469947558898636565372892924633966908964160
151574030397650918934336943902508021616972625579040675240286877887804965014038319477164702081150888740624887748152773000525674562261180541220189980560145617040
-1815054246042422842631214272438776198951417450921272306057697531307716714606447804088384180259052456693800403384129342673084723601240627932115692063284178962080
2778693578291005558330961840681620717780729566528428732322675955941644540372376794397906578218154683526025152762191821384803235202087241559566350419467997261840
7234099079212346988929877268924650909814369023071214274372015556334488955275707678518987575333554743166162349501797842691124563316948105185848922098336968326080
-5160190399985175426625946569776066929073478613107214797838970041146356549993654835542551374974686438357688141011117098796737912620148109199732799659091400484720
-6501258705961586236104973050533069660445216619679805702803500035299328104539515880928289309483649362655401496060232478221947087324625300585957802398176642398240
2163343686004253312595864182348517849057881825768095971407891482224101858271320107740788173716661865544065901145891242112783844709823989915611562479397431020560
1390250594683505061717124984331999150676834764975651283383611317495277668603903197306859805479911126113806602837118622793246065834743788547939326149066965925440
-480851355659081920686431094776754085324981687739659033775196293326682389866597408973703079158410643998248493193867972340129218675666984824367375815894793817840
-1237204406528943882761692115815718955029139437085439422744812097253247361424841274170087447417148019738337570837200241070992701173949728161126415189800864160
12948223494947858523226107604234857049219514001458302431693093525753810753207771307254296613603255756809123188225224184013470319970423758529355360841984249040
-1500621657134207245777746627830355470034306587646283180089157302037511395538002728759056962327931092302631625695706560153261559282541009149882197052337224640
38281555946082640255714580628352398640062247151171356323861204747434908412821715456385910293401539648060027693470405995277691905078136658479808493876606480
4964399069754215338811578685593203344342360328506075330481033369169219246057115804300390364873462951518702373993401351471667527573880845435522328088088160
-499259873550203845291358993970700385417349690363911271537882050987953188507554312487537180133627740765096476255682425257453177291418901602396772806139120
18408493941141108401693548210921827522109970932651215677554728164453424087446411541949811863569388612303831204787341488941686805044751738218514667314880
-87292880068448579495384855444942976156532305203886297240537027324328113811660882361118805991412128086704478580535586104660331343859304025092817834640
-20594835857230262221605456834097115776546161288967669800524642912000146748126225752496191916847507448388872668962218188513075838846344909836439642720
999727548752408154274636948537822639941150853839152864832274180594498642638391320748818244438875175930798614161401873345317780415449585374861316240
-25260116786133325920361915416738266286204679858000910224386788092396164941834918314535812552875345080140885739603608016568621072691728974667955200
394926093934722460670836762767657075682359434644548968732055908962357511799113057605741218555788024227995471395292921630237988130986989753969840
-3542708552367886986226180113378426214569279429402941109616290019916739078609159872606412792607177651531523916443527861892343833812669906181280
4029132827152804766073035059100495682252775126541477883953867438199671479266648303953203430992805987431053468678786602515815372920977463760
400367947750138319265528784355768245046651483245167425459678542831061510050358791712160957569526722493833609669596196416274083790437005120
-6813466218734169588155100862661930687593514124223876201782470590844683727824521104532755075217734414355937962526108850479631103042778320
64207780524498592010467035918059168361924943627049874156675162532782657929034907920508296445610372899050917986757943278176857678203040
-372499649604906273373827846339152083466869964151168998061003418463592717211936045023700168439840464360301869038439022191684055319120
863252833806668795512661083345762071148209274038295427579628125900866031602549761096579394961107391494332702870818082362307810240
7314325979915086317145019780884251479390998375890337244048510815167053244817844173766763912782730423429430639066831689597341040
-100442497400641426272730319236169573954712444726268829724114165942066145867593387094078834466096036665947910070110854594649440
646179057602449983644583786042948747260641298346257940406937980005101912106976848510921444472845361462418580004010553405360
-2600262214814452676014590499332915092614320292197558466195885414160229930113605234986977140489544832225106950903204824640
5763632731827689875165879457254109776100467642408837713575204372720559159862753954655367541994676748880851109470835760
2355185500725625867727490265100034821949207607796472747466017406705064538250972733284377019342228026185987433995040
-71361453481236222117905591396732880553182061339558379769467045023093460847776500105346362470217425905209990311120
285525842232030331317112795712741267386477943491714509764967995604039743857403439152712549094701397939425453120
-639781371454017409467355773759563516889875767034401086910139410175324092385800286338792400649590980899441360
862077511401294903744560151493977090866479351539463137204990072249678579314180738501843570464617270552480
-586393918600220343599690720483239339191870189452229325815361232148031949048711168042553519957904938960
-75682072312458651837281339632839377986586079220577922746275712319703033534215473230432341188132160
497701242365399415715286859967358295729156709263122074078611708637560094580933359410235429971120
-374873767584945184985965556298995578495417727527610299256888951479111604675989202463068805600
78556318465022112936104378789518479033962593565382664305855833130333544424917625472722160
28291151297158289654619364989504372624798464105923255608271963118298465465061699957440
-8416724916974449546672455477008955677256416784245093608744946751768598787910265680
-822647451220800487677385538573954397759310357687568791310953525699108308956640
105624369533372042005730471583290447701681721638747677828964082182382697360
4506409541301366767421769814745238239042868700979961809971076539777280
-292789529674087012199697752556080842407894545461789926726636905280
-7302853415347422598837612443089109589252014238226888692343040
49039414816159712634435616438284939190400061502111533840
172724918471959776269427563714711768794077643649760
-43053391014232157912745964270868339525715360
-15093962039743145662356444240463246560
38995964570328321455722695600
-14999115150758007360
-384078240
0
7396359332287125489077540475360
1883729529486161816636890442120353224684917040
-700174756630665785129665299707998777982667302550716726228640
-60788495350281112026139672753247454734376014645724475415429708887361650320
1640439986452794314205608461726302664165860389718650776360008704626836494896891831998720
372966172794121557935906812339968416302981718994608596028624474439297067115029949657432031249284400
-911096223281425085156098253575876347967594224339282066115132377078165311007056823239673639905842883119184640
-28811694019467954160219774523606702615769865819964138798191631948752063803358809167482658275837296558043391519888160
-24354678519494809642676676096851042011381912098484351830208177356371094961890138807070631113480950603119831190683542440480
-5718725016780475148675819824958245359569715023958302736866245683104820344989525236511803429414747599027319758198769751166153760
2014705254130581148545289799283682088743755637764369010269124284084565719548891735723454967724896330236254326589469311903496161443680
-29332698497422189876561715052205789778041793099545804555056030763585083156184825707244764078489097361143871687059919465453530249001329440
-65658899905482146898459116288330486595737413697555044396641885879596731883962692469485278347488222043050609826708233898189260728970111052320
-9882968785820876702845383735880042469325679400089085991724216202981119940064265085130419097896223748603850607247670937949954201975843529536800
1044140950427560890238105076251272179979046690676699815787458487100014319165926886131434105294890097330534635241779625574584732545874337132446560
108648627659236181819149130256972999800019570768691994423281933677686749818079186487655806913596227353562397783185930959674305264886565886431752160
-4941405015026853375130554704548796949360972372968266180166218325804768049754986745951530417558136661796526103892049025809974304237060416315114633120
-134405885184235448663313673136923564136109747368467992674402413107604814131017435172562199248271693393136954258788480678927832179206904368408071613280
184196025381564188237057702031909779381891039711897398834207226381505373656435818466404229075821253693158230515687522734216532028370079565366727386080
1370959408891948258078672822639509004104724422734507866986881503560969400187379527099706938795619203811470167442712630584425760478768257133361381671840
729152310317766988620925843621484475564433997445258743866484733610409908744200551370224072685429984272482709995788805377539807300848776125170921256160
-1541378032298090265764133810793775745475680083401876675470095193580400110809855010918122674686997954790878740209702193906686182762831812592654040052320
-1177905411807848847815691647117492910163796615705995543905163288611180775903639902376099396114965961545961869921166000857841199927880724420528883943840
258030580609833595163088430286958824983427517432448746605861417340693159718367748883370692611265196538108297723615958322089501855038154876216377782880
243327473628922840583719619516614677001243032233639528535880462106343846627892221067012892797844330039000240699050871314404572681627955948907317429600
-21499255811867725990996845394891607327148594709237296476020099953980261484184021336690988888010899993564543573432383737797614350549903792632903847840
-5255031089244468035645845767089571641739105865560548613219164561470103434720310502542807850719361890539630928677150039607507762128682747674232167200
792703907749013631633929936839146808768799225538642548996820269816029149982782909899011191002879225107506647236998070235168834335391579294139212640
-21175813247626691984513900738602463277079119824024868830319606093805633743318056102806959723630453982392945044779502477057206001380997779240924320
-2657075749483832546414830082051926953665164879687600278516784994304591966676565078353040433785476085968230881176041399794440328961159850826363040
243406318523245167471149458582263929438488913435754857327103500728969948324000807928030780839237142331495792787004365935730684988315089992111840
-7051978352002657072429360929192624276888808529643650115691447300959882276802104410125156494806377443576678649205707401274782183424452982860960
-67327056562412205680419568087396915085239495106386462413420429207236225189854446660505467296979315642599811755065266453947864792338718108000
11305033887976406840855278952708262013088407341552985239998011792030222623939053987002684457171426523495164800901576305690452470940730836480
-384392497826382740736321231705751408257599902800521974152030542564250665825475019669079352187714502987327508392019211365710987893526895840
6892016063641003360898687454717968394013583761744794678080750548989736980968761424534533312594652069521262469467012859517163878751318400
-63612246256522402061910583968458755207591915464804782762438081759919222723677786188040668861408626889589885571499914868502393095681440
-6993427254623498425723974981104184510805064890350853769777671830180046544366768323870802100070636197665908448001099293232774017280
8735325436884325704913214692295945303054236181145825497164653870584795872015138291217553141094271091650062414091689778613325855200
-128469888028428542023920097118259676788818685779201632069199379325333631695618312239758800122268291813922016245613428905255667040
976786988846910449163571352124016732017484416931222064054606143849967480293074261275544194809996148289038023846463683773620640
-3149129284682022863900075668026218862591047227157461028745601026364236742392695360496762637698012730313695141508791614872160
-17906967886190967712057653679514436629945222500250384909494481518002257483096435957674003840874550625099412427326251377120
303267982511955099423993068660937685325129598978273109203099251893262352430414137410921152960073628881430291781296204960
-1930392725395554182954472314401376211663195422467713173741804571681100576366809346066952465250830615405819312508424800
5685452306464311473133800954753090768526546855520971058241065392454713143494189018881403468397409919894128895777440
9151436922467117223105165982642448592514755147724703382894028335975955975083219470455530412085479262940044052000
-173863725073972786985362294118420856135449318175143850591345798743863618515026350969467549682527469605782083680
791709230886021261924385781584145371140252715068474366826769496766732710905076307071062224013246771176112160
-1444096703135757519505410141381097755262360518821961431906321278368179072712243053081156180152992054610080
-2240139855045638333321070416911668181084697609730389599462941226614090647078980656026998306431832076640
19458517419554028866655695421148084012644087566502451955612116038484553351105214623749922462712574560
-48932640534510093468099545897068268508948365515392440932865249371870390729396704080339247484295520
59533452275460586752835559093142058081216053904347999667165058723485009989794332880395697232480
-22734367958966634664701381561052962861369591344268871620611974683443799886505069773254071520
-27957814366825389897086448237951381691187821176426446569202934864599013845805570678497760
36442868873564126671308020801828194072482751251444124424400625664493640894173101763360
-11170342080330743977428306621236135778894536536373352538555436327318114936149279200
-3404258257732278914834532760077096333654309429362075194014756378009299868916320
1019354471597662004671137089745262331219979353037807717978084511028192113440
166547640286080744318962452345050072967273742532928446929398783134984480
-4036495187080966118020343798170207002682987598065423785513200751840
-885747622391350281640270763075154991636940414769311946275702880
-17270788583864884718545787647746662040307198424077642441440
56895384410104946686212956114709437408850289054959360
789415827661382333432947138671719552839139720400
1494093474238161008175722586687552031422720
274800395185760553701563992611419920
-819816191545725429757359840
387906676482321360
-7993440
0
-1696153340227899133712935440
-431601135738303788349239729315878830372960
151074358055311635164239262736380890678842124154957560800
12465700949266628477911057618918455101331260135573698318922572286294880
-323016176144232095764919345747326062611980568678722799336970897319828997923245975600
-68985409752625477608455707829511570362074690650314103315099324248020678098644342732278651834560
147003053388916019740778558956607337955515188977476040767268762749144685448623515622045879997432401877520
3887276655803460589322716324241970153743576459590567770018339406547240833677408303334382859087222214572442566240
821753499331680291498807030031897370041150338307866491029579535383210594543611848194581850737656516430841441203228240
-279879002766277391998439018362630512038164149900809603104353438536202395255323930521600937391308999637284534162256154709440
4081748346890061195961327034393108984161206409450833714997985442320069958772814442691810104296535921503471409699313522368143760
9130088195692104725101659278863051985132515700951608668554047032752378706947121550524148923684577141152771872465859506372074996320
1360936405204838372402968161289037274915260585550089012917674937915004363853136444147680636086559490067764452664089554478928629285840
-147452689845867043085461289533644358060122002678862905480714852012604454022376549058532606524456250180441437892024508894044680797808320
-14887049735943214412494192492607936250496237718965092800271689278087160539964535623815077700127854683423463676961937179251361145555461360
711218486059852240665610272473268394256261073349444742130308795959589627327023006393169559333175115655873406131362479959261531792493073760
17579419083868650227454554968791559721929960300050631580289932153370108554872363613998885097335368220320886711431933075191393485265979179280
-53452840191324557268077490131777755242836643267539054907400406633028554787253050728933376197205519394280648026264723212691611989753717294400
-106340588003262331519329539891707699293091811226446861926179463687662174517967351806944813628590201195753356700553549610435900919634292160240
67158026525264888783616923667145194823571963397578850369414603791182702549338600610396761281599652467410738628736026342334734862817176014560
109000192073340362422908914402959821512844668852109651063773439054637273047444366983972115117746198086192729586191795420689302681328652607760
-9012342894313377465165774337916497607647182638060371342877038801954591749625289127674010212937638013629501820968035866335017491332369833920
-22420279551100819161199670927628675386840806133495878238593599339610370681874634628979973791083613511360219867529916677651689673124247708080
1674540633702481058122227962207274863333009829912242819882181242942519850731036214043986283505482604259371100210268635247660940190514499040
501026378321324273752985853370738795668509219594690034128523616250567848619364187613460223104087245954276554461314630393837917662221239440
-73251309328193339054064150008941475755418727647390512961488656131196625593851491019211497254502288312538102720174879383782938127907455680
2038824338850496233894032944451823054276972510551900934279267211660299330376283134971553123094981851882769962381367335818151975847113680
239089810982654674862943466580699406125480544073944069071458586645609986613281002720846162209587046109943393484861139819098983644603360
-22933242992977721473595790909990996843549509656520102992441657665381006058610059677025589192718720438341992952867933709459998200047600
720642343541820361383223664536253966863889658466383384617965167868771937396956253457780909427094890299328941801112932334875227434560
3354780845965082297336554753046682508411664086152682010034542304727510708220334752317657366726319066691841980188045072177380764240
-1033958329871646597530962950259016895439433424171363907593547607448058197196897344122751432037617710593287122749788930784110984480
38927720440237842350185907340788061029937635144326483613625451253634012729455040374330515884335043510027874917514469751540726960
-785939930851305537784632714702584774360559066818984394192500855824816539243445790883405471865326801938114411957000009201203200
9132419996444844507197064752146760527590862383354790176369600655174651460311366563620625490634786007399380702288766120498960
-39811275391272297744668462799664470483468714606671307648110399720416715282426668280437027449259335371778503798060156375520
-599426186177682497487575092511953983365147583096754495824514760731567957315737288697737834642226160256740095268008175760
14073913105345231010268096269970118264838507929911571905792295250519514203897848847141214975380377107768193436870792640
-149406726644357097941290289565667544389563887353577892828582543784111483993874446965219071803264571559388874806261200
946212658590063761072952407078024620354154282685964091737351040341959422860367756480179579524028825112394838513440
-2642272037235417017654430172402579946436203460910336278923997996473111361263026284562435639526348608156422235920
-15029635878849863138391885878528114186998718563925095157798525694311575297651358617521625847480017941034624320
237996259222750130976292951640301192313598311611560430654173744721158215801437380534476316844065357070321840
-1567485508743931692871565039998973777745116927383923544718249477812484542737569168773804967132663186569440
6205134287220661369756724737699115185363377352168114288724471183081970960895033183906620687903720190320
-12408278654704382035222515639981919126508019605750179378718800655627514239778523462554098929487983680
-14393488451877414908647075593942795987326376484650029067976202670122261636161840303003404626527440
191957112002931224928427060386673987161260324197475046196914246701152144840948974603926961553440
-661481339827103712708518011127173295008921108450084459069206510407268080474857665752426940240
1242830650202931052846865246157528345226605957141356497193465542652725297135484943498081600
-1240941169978589470699680409515160168160135196550194120966156291372765001411611442003920
290547169203235322619384925788555293517409879766165021149022403188229414822915956640
720520412405619361256913033684092188562562431535166326607494268220295533329617840
-765878928787423270505852012971131328485019185603197182862526962928714940994880
206639093597580951953651316838289608473938394857342836555506482701836931440
70666358917677766666531278033004181362535529008622700961947756268549280
-19579338888934139245092166452533763746713734902700648435354816012240
-3229883984652485867157070568238980067668006851327159390557456960
86673712981631740498561265303430674875229367996143030765040
17071497757701831556810006263418787534705973653422553760
281352877118392726778739412184068345065321894137520
-2086085288933154203288879818100279578941023040
-8240270319170937728399452572243598611600
-1681262572021789687153335685853280
5273831655244454193309600
-3057183512641440
196560
0
0
0
0
594823321
151376392899492718344282
-87760265061843067337452076944733568756
-12345336817353590825567860493168412260659076157272722
1188120888408929936358514548040244030463966603327515680246481807962
31648355797370287618180943692490964176254307047973612799400788932972102518354782
-310706070149632830296880262332546911000993992679405259288603436999482201552667699138755524692
55276843354668777293036977224833579817845923447438175112954835088763583924755167947247188384428961263770
1010644134632168925040379857446278244838554193951705173110562012024975980099976976072415568978246729306973983072759
-935289066188944616117316669354826446001185032146555348136982697424468681325892134213496563565057652134970272229222810966924
-21108681442753022565373953058965022188244904998491045390268346170213847299445126300713812536631570649860702290412604607632100419144
5635091947569136134328505876108489445142462509134603820531581291656410688167005185367187702083368029125002674075959453947793539345959708
-163100926389280888893661679132856743624864825017281976135466953854406733750302858971989034075389482874385660324181387009104316838714302734596
-33444852046204997068867324548676806761928970869232309466942219590408000544322949912025171157920353141063913273107346451620783838608656634502429812
499237789706661976965077260784434160955684493223727165707683809544577935700453425955603004848897657991637702457651954157892363186013893681922645422680
1029762841548176289099944544767007151208130073667728470548172394198353617619137485649988379328866353472815767408969365717741983044779046171205718982283428
2323262005391806023959404818402749113013469670013247090897021043489298407330753125106464844874425471997868677663558600602388442907245048479175900389984395
-28199918778922206412734909402115033842710102579335754568730951251080607656640378172121988018166567499223423734227873159424386511648429936918726660878200325638
438964469765924801540921771324455147493780956850780174934864932358422720835815500587023351739936092634297663940966727906964369462806423811132849637497429358700
198947161768247819304843820000905244157454186177752970760353394756726414442909303797404608292137968648141284187449682952214618814603702051662501933076885845702734
-5569742283832759810804999058952526539763188137897644918681200614164280104625911666765071306296921046567706090500050914759509209518424313534552215195085460401111246
-168678413208756664899154107031827037125023608217780415756948539056495217276618913050726858840346464388615485707388170545160590389072348197013727807400009886117877586
642330039566575496332529085798909686348021498956227110756123483117165908038021356152476703493971612030209238828130969125906675045143096987752771683577128751079673772
1667228271733879161502032846681307164163989298491675503214100319915670199175847183455915788224491035010477062667949700355019134990260161017671723307565104125551403146
-5418769570618286069971401682621447762182207363127125365265346994551401255735524382643525304571205637811690375128282197111229536786828128592217345662046283367096572363
-2077849232216544342015016158594649651535446888344232457323551785365116059911281766985567291221017854532093770513614619167066645460842780695535210279981107212871812176
7626453031699796079640311512515175411967772772177487390307529452072584888808116627014255378572860919115270059410156975419766380038032987305011793935762538321824294176
-934424274196604827456940059948094414038276541879449037496671973503574820062222946809908346944652600848118251075015845123517023484875925765395900882661571994129550320
-1323094253577917172575572691402925762810694125811619845366388914561426393105114949347063979302130241692759916316441541022665961039805010260766022510016392951099501360
-114325069688312659715082267215551310139569999044992916997378238927819976128396402256283569854804522189924611959571809660323209006876154800268785824157609669544082224
203293729876712334744627223152266178582816536849609160113040952139738041915487773314598598894824048907648126405419305562926014943810176801349438050558077404456030624
-4711432365411774247951996010648426009101279863128238390607230123627216256986107487290787765080894907646594437112056987661665206419224605526655678231088905091316112
-6399875425556260800122453542085980109458642087859188642707270885677517154524849470593487054505524155953486287791368306374982712309184172118189158681225169388302134
735318498250942038259932816571604924415310842022254520858635334622956226478265232634598248247458710927807116158480309011675479440033216863869041109918762735932660
25027669032836729477077079590673257872209153776376517633618614852866977733231431369840461796198013716629217399254749933056919733526119411725956652499897295599640
-10884084847850852663915327297116716827232621875944370985932619159164955480369658160872022391192215607903475631567606926856557208936432186048961813952561328645220
764133964149021522096169613050355385464750103261920462166229951507042703306166816897054757592651187898894972685885492139331268799526891024997489567408736191060
6243759690414377275321229472576713798952873129346730575422059226480074289903026495628588943149828226193640307967469297910426243968886353070076390591448889404
-3983484212881051734062932788832004547975556010728048680926845937859737954494013314732494960634793957256191098259213449331026275618547801285219119220766543400
238902897809609543943230343785064522978803215717352813886150425910511102480819564561089489683517902615909711735844885261357094731080545748818079955337690548
-3671877125979259593668880874221609408726108911331596738222393579389448813918079234726187173970673574060942105210147101343181051150695993152978965296337834
-296375589240061505608117324839195182605226010231615858617621206248647774258652648778900321599871298417866393749687077109449364722504401698741081486959496
21675708242126224459368518922542769416497820288370764999798039448980468956531812760545719464379340264158236569632518462809182595472105627454321874766800
-671959885314249051687195183441770788050222412405465076505904207354880524011103014144715687895738824966655233423727466369730500262485386179663644877848
7180353876701072406891505692115804862410073132727119624839601679862312207417521966232249076375648334242793183834950389589763178271058344044507502952
334593540631952113370725108174120293904876699695995335887058658679479440020189727429572047539865320869674834061538430216098985513548733214362659848
-21759905962465947842583633157116702280093189484951621167919777872232494444443534040201932526624960838412691469830161823791254904161312451722809200
731099390825861584715098842861797032995812396278152748259535000733309380842952438706336279211679018197104802746508495943304545224182035490793496
-17764775763250478802508568674181775908932842170389572929127658432783867515913735405154092491503583353890725662065357208879368681322312434970074
336158226223598504527305419005840166446768368460274258726776241956357150428459698244354845424471998915856364589872081683458063171165490399492
-5019801349731499589523342426974647488439766399864283166795272589320615986887530542353844644900152597333377581015602143602231276015784331720
57522284214047793918519850788202096084592261200200297320949385963697892512741234967217523581532333386247575503207446000504348307729372876
-448506733230316901594798480723422831388860697939635120005426899027024756230792516178190972720530667612317705631615510975325328125624300
903362817290209517370913401627100992389175042109263557018206269472409866205592576625716203087416358552088398886860389252512118337100
40129539496781648287651765392173691291270192665097847530365751225998672142548267587718206480415693010530445677695416246675930160440
-837054875606172716126729004937797023721379780143800499197969754065170573400547697492323207253655655835466468520231856687006088220
10497994278787100353593063880161675121129195895609454213124947984684995858549228990796585059382704927415260154974117798638413786
-99366201311167755211916030555061169894560087773502946511967364357082483238434514470191689531650711368349271351405386408139728
752056165956396297985047319759527704642007673877748578885985771166140801531667294174802649700392000443984461775945250207264
-4623213885253031718621193970478260573534795303290273880659031182591295678976397853394010497281872433035215221072519658096
22934090490439757299771504916040436523396889411540423646587171136507621097450080646305806375131552993772630844269650640
-88880177455453173818571409954357664359711464245271453327176767619358938599878915180452802805443476585609067634205360
244426994458782162006921233946050746243550747899641433196616021220414745385654483979734310093595772807708515388576
-296354828762279790020246492285862842346290202917076227850253553658125647905184754207233607228126582148654542864
-1242106781829105575544341117098384305195176510259659260301473983219527680890164418707604165082997812605220563
9614372863699793543002962916274016732487160681267879251038435015764729377871898664942210085266066225578354
-35822018760003141471198705538798063646359406923618130145848531362331329379765654149078602385849706818468
90438452802493259760125718026352078984514542065547206427922230870686228604173250374635946497779980086
-162070984567576504095507365854959263722963924221895287845501175191591010585821400137247540806645166
198877359203674548914554910905408507940256614037977537611270052334616252858868372167236933218086
-141735791326009887929269264356386111458093554927072681507638514954305421611024405224146222340
7677008173427904215714643581703604098905376463993019543773246024608204890624333277204978
95623888824955560276570010000284679620081725930610602185048111786012593072605487797155
-94231688058801873698912470616195230505075387525637284607777195169579171286162115788
37447093631488958826738706388845712675284523020167619970422203438047121868052280
-3488259402980352588758576704734650932460939105830324583261774555879677174948
-1088467595513185137036106711072938246876805174809650439834138591777559556
244796665424004583482651679909584982211775919656139038689337380543052
-87568356588711542349417286669889764638397045982928791841139263784
13367195485428115157481242479481373982252950624722796734575844
2446306551056035999644872385501085185390901579252726010559
-47723354677228792528939100174470946626263080955700670
21161907753703842890589942793137622640298896348
1381147793926504879248759802806406005896358
872695436025563700592333562256092602
-11017244972358448487041801658
-15307868751562301796
3945879378
1
