48 36 23 48 
4739725444204825402320
11150383832756668498688596080
-4294155395944879348785922247208480
8441491163130549885867886005296060880
8523709974035360729849283770908117381680
98956632542284423113388864184130945981120
-2502630046871608879383526143152882454928320
-8730460583001119232296072358382872626575680
15306540180543641015911555995782388100142880
9159557812605153931163439682472956315100640
-22994323075280571982767399691461397770460800
13528333267850110295096153597493527433300000
-1111500980659023308324516920566064705809840
-3365674243626429105929718275084722565047920
2626347944307574352099934174454296029969760
-1091204425396606650038247802996446290669520
272718171146679494779414572869147683144320
-23063410558473473308406078250682496561520
-14167935763765878746942695649467808246880
8402163208416235954925322102602922907440
-2695113331693067199121323363621452146320
617681064642093905868913413061908519840
-106163144671558262685761063627082846720
13361849209534259493682599390640610400
-1108599610539961717231996244678906880
49099321327822898772654034001215200
-6351310667979524843741369054062080
3378843529817158765862380727362080
-884003699284258271374132016011920
116604609815638050659173205143920
335027835785969828180975314080
-4025994426073403203044617198640
1093226684419134684396444885120
-186336740932589992596640022160
23300085718038316160393209440
-2176996225404850625173281840
141607763684164706856532560
-4227016743016592686524000
-322882891768662580598400
57589478749964130058080
-4425513599813281809120
199985320045781069760
-4303632732800633280
-49956108592887360
4911381524792880
-67324390504560
-58268754720
307053360
720
-6582952005840035281
-59686265656733095917969615
-3803829060139749852563254849634
-4223186807797494866258550248926487
-243928731621759155339602777195799585
2531628429555658739319044221157826552
84999523139068248112824266407356687874
363167930475846704555357985687583969778
321568198248873530422326938783201663774
-177666450310493613727280114094187615824
-137459038917636741625615410200345576258
50994629780222219256483213661279105030
-653367933165250972907812636029284608
-4935529183546076364406649118476871210
2109442148022461193243453494689109048
-352849872202098164032539279669772006
6297468884780935376375421096479615
15978956050735489871054191396623963
-4727462703050943407593651563053352
777045914736539307109352701200969
-66739647844621151261039037027455
-1449538401983887260312565561442
1421647206547933926331483408648
-233519703681854489207746228350
21132035728678381589875382608
-909970931800941026373698830
-31413149176415967558419518
7335838132032418346218848
-453540953032473095874014
9368119128220267780006
215494433974560381374
-9193305537710811864
52174132731568865
76191687518891
-222031707694
11671515
1
0
34971487736970738779280
58485244892586388755081840
-1217582950761472602984505920
-753313653156923239305440880
3140087250903925206619556640
-2966812135998103225303052400
1681977269866055769302688720
-689934925570763235977621280
220384290028850780056988400
-57057982881857651760590160
12227820149293868221633440
-2193560546240114700339600
330481625656591033017120
-41678585012313843506640
4350863522967065722800
-368130019550488584480
24255570962961570960
-1156324433342223600
33077269150642080
-214467774983280
-9368780016960
12162674160
196560
0
0
0
0
0
0
0
0
0
0
0
0
-1
-1732095
4574183539966
-150669719637760967
-94578497698037288465
24069583109694969978552
213799016297127189724594
-9546949358014001346365182
-9999313457276068983877666
144129900360453934333565856
-10444601720534384626994258
-228862446519862420050903770
129316854104802147215511152
21308884643552624114091270
-46636424618077893983715592
20663909398380239510678954
-3473768744548165381745665
-673915981355772308890197
583406418060528792109128
-176336576537866086161271
29603813852196163458865
-1584906880299637426802
-623429377607435412152
206149717158510585810
-34266240669084932672
2994408536587581170
-41727273907136878
-35003573781557232
4909834182995266
-323855207707754
63893685134
1720924644456
-31905614815
-1671570229
-5656174
8955
1
