30 26 21 17 30 
2060944597087067370960
15632590889791694429337733920
-140112594906142723818636691765319040
-137744943505365728288440622258084997822240
-1389042840255158037773070985200893928910674720
2664522371472368497516651256270709344637506903520
36567104409230575574342276541753557696284631487120
-375752306951744148843311308324623102286477081174080
-917411310979302605488083461576885128989373471453200
337388347251622380598905953224119840446634181783200
103342886232063833650404198391887175292839505649120
4589669845662676588919526547921757046998870787360
-417421343935220889612524882482040963779333581120
-44411200230133218303112112559787051397295315360
-1752847861230138172072502723529012829479055440
-37160925951456154285245189188703401342256000
-374254989909880495985375831887543943530320
2566391898762159575037374380294752524640
183173395901746426151854167826993460160
4206743464405723233128225387911268640
65047849968519030813877766253800160
722015309954565669165101787664800
5484644724991293862017708841200
24653457606132172142063570880
32844599369266009706217360
-226725630646450143048480
-1047217070442940676640
-1317171548659548960
-95881061819520
-3769267680
720
-2862423051509815793
79971073335516016288114162
1335040135342198343575707697317956
-371370395309913045294160062658677056412
2669731650557795598835582297681365942416037
-389056322059561584416750509684285072160485992
-5585096145910205518388415002267911552842483953
61335381454040955637283436985469298393674033404
-16510328560061135053787080866274893790820010334
-31653574644723415632347207540206281068948689526
2256342657109388097255353872382718766187806573
737723321064918296744417461769612172931756136
-10294869998337127435407257291757154758832854
-1009570285376830723753855837933482608251200
-20669900966242362568415444100494181192522
-76516148181641575065035159578244630024
3345894336345999168327023309260479331
60055530354820328060924513176208486
404332910722460783203347769071038
785720948141607076294131266804
-2904965394758078710268941151
-13039822632540921770030808
-12277565418880025195829
-1598177204193211572
-49805970190468
-89034082
1
0
-243775389767315105437920
-2152877534248677676024209206400
62549948675798890846003316033475840
172092549075599110742555070261133342080
2851066076884834995918463888365177739680
-13268255470464435647719555021109777337600
-30250488655484282397594360426489869667840
-16366850991766905748858770523632356555520
-2600535787913559008121796780624582649280
-160592349009991364776129863951130728960
-5627346673039009672135580044814822400
-129695454303212473757263670472391680
-2068489760677325007283712275231680
-23059541675598528345847493149440
-175047040473357749557539893760
-835372363607927986806201600
-1972709140439028267450720
-1235087015801031469440
-191930681534941440
10261561564800
6158880
0
114520226949881822160
834294950411984857597772880
-12661431823372922346847256318880
-204959178007049902323584266511760
1171752195001186886686909625427840
979172613814413605378079916489680
155904522111603315723453922945440
7829241595918650085764511401840
224649550074655236495417878880
4180969121499625232824890480
52662560352065268100947360
444522398002778707269840
2355189694891765280640
6073870853316455280
1597738221686880
-124093110960
196560
0
0
0
0
-4913
-43563993518
422692863617311796
1406695461384835533671508
89466877323035013045258537717
-277849011623378260002935528063112
-16329679462606834982507538914714273
-118587456304901764051851107891199956
2009448863610089674020407561209588946
2564615489532735627115829631192516394
-902274797207695722357115910688782387
-410903889234824320646572815568204984
-26447994035573515587527902518810294
2303673674388469155208182411624960
231255597928390861577290484818518
5793746795009110863106772715736
-1987044001899809768717904509
-2629759358508659177839615354
-52515873319496189553288082
-400875755909198897485276
11051828931953260849
20619361633900966152
49578846342366171
-43920987224772
-19131525268
204158
1
