7
548427040748607612141621529503122120557522620132023957040
113842842392342109778545689169813024478467269972926666018029682
607846801646296179819800627665118319254331879460417142003
548252789250373921327316018951327410297414675090005208697
548078537752140230513010508399532700037306730047986460354
966478229951243679465250197351131079866058990619569179940
966453336880067437920349410129446121257472141327852215891
64624394266730213055116422343314103209805756136099049982277915
548075489620975792772818575270346786738296095440837444348
966452901432758232528893419682419562214756336383973785033
557662796715622650989403130410635128303455108120367918835
608892301749018545003767242191253385732475145530001500819
916418689106925675544804286378696511232044407997743615411
967648194140321569559168398159314768661064445407377197395
548075417258011872343334635166905055352188804240251232806
498068782838587095879940780232738686832787169719534630322
549298287871982989894304892013356944261807207129168212306
4658591321088141432793442703280711594134004844085923
57595765944412401535624521092993700341111017275920843676528701
19167895345857055473440629100936103117070740109873252813865693686115
1492359945104216458277978301432549782082338377911119736368889076196842930
106871026891865255423643992065695509368067460966030177356192103096840652807371
908395223211754421575237434266055579306929926163039657921240577418940524
1575777804096583737776130964201019120670246751453358439762227149672947052
175573975875650513946964250499629154299730077814113592744182894667635569074987
12573269442121749519888139040918325372748756240242475584045524856703948115329594196
185154320351222511803450161236252866101261223014757455770575740762717484042516
1573831255361269968836443389815802466600048621663832121891506197891174156
1573790719145672824449611323949693449926247746441581109807760005436726155
892539079820064259349912378121559230028738761291072030369249615983621349
13379419268440114413349114930552333430505586697460032073051634622915
13377007403407857354574076799648006859802851216871526564409628764972
12552149562375943253511036030368319679467316855602642608843625348466
1575488276582393500582504888909197672077929700952723835230824058125061861
13391478470598312613051361911699900835444059751764802125479321078988
19165434279589960745488121620405597116286265174181750992286554371372
13374546337140762626621569319117500859018376281180024742830489450229
162903921818105916649015310760492754412947346812423665463087811
113685115110851857330569488285998590501442438422183473709226205
113682186465921043689053455570154576806100804189862264605825404
64463379758666984370607633095660412894595895799622072851963798
65608888571271547384577516313700948053693442355187657963505373
113822760227732682022228870692880593304486035172514299154789500
57613696249329150086725743823262824232165864712799530862275058
106691510841817383156592548544983334230909631531191092769365074
113825688847770424487503358507937385314869060817986216541226252
966254192521640835109238973512431399982024621102828277436
7586801554077479653373967082500146516946625393402973158683275680444
64486808772310796295236384124161234272419258292150456930850717
547954580205927864355116972360311783228764177552517862845
498250145161153560550053529473930581415737792633131307808
58617744737879694626034210512921635126188236693624468396331011
926583273473608988434998851285589025873063427541253160946
58617795970432859186365965068966544930358964724296485178929001
64644896008106852721261888455844502298625743105502466465764617
489708338169229067517435588859777306328722046023185192137
6778088462741597202721826394441869949075086843448090167543392326987
57633779634703259689700319017951300255749048835097636187164323
64644896005058721556824148263911373112712444094867859316748611
57613219526175168276829597522434490597448652291644802051425410
106814036160248584888224890476540265032279496219856894188859010
57592300808063711928263035286202087425432953597295493331596603
918044514612848933142572843800621664085058315538456061281
1336419313740776140549911745530535085305223726818321816818
58617795966949280712722833421042968717886622997856934151482137
64644896004623274247618756807920926086153401379062915438317753
489704854590755424385787665283564833986995606472157745273
7721176891997738370141375914715945146497330554249732793859224502626
65629389089341703199456689478731259469756096064432842879614179
58618213124973845410074367748162472821883743887458249338096585
7721176891639128786776440218875204430903816838947581897384640412732
65629030479758338263760848738015665956040793913536368295524285
59601879212143864023765519531035480942957543796488033496675827
58617854515390480474378527007446879308168441736561774754006691
667615572080595287878648797173531643979676665095602884782
107818730743476293008032312446161367533908242581978237303373597
908388740117563688713183792085470545877627946227086654968315325708149451
7721182918739166460769975114798591308861185105725963103365927248348
6896325077707252359706934345518904128525650744457079147799923831842
71656130517432331798656772124893623324307572294742349582359901
12684758965065320118478768548598224953795712574119480550270390955836
894479854543479627735211697296681393474441330362855115789537730977989956
7619878560233102377744133621487668359161281837758614692066882366284
7602995505007302966318866705157382364242133473639076131572841360683
7602953314948429664999186737852933502947041890888256793229249421477
64767957640158646952947824459773411880783857875258538383675949
64644954553064474009274450394324836676435220117767756040842307
64624454038548778518662221383416740809043780491519292317036700
57613278074180920729279899652847954161171428314544698775519106
13377302754260745163144671742190424587136007698172532877878974730620
13376958202113279869033952009204092219892759772374174948072973893771
7586070259664081750167399707915995962624870879372448698616908972628
71533068881834752334869791407899645097311538267717448940083011
13393496564616657307293706422977685334911283812252204160724050824075
71512568367319056844257562396991549229920098641468985216277404
64480891888435503564263011655514666714656306838245927950954203
113722769145552707079141255116045346675178986936159317947932323
113705197275967825230045058820981264503129181542232063327527517
113702268631037011588529026105137250807787547309910854224126716
106691092666669153799146704374568464159915195132936260682609122
64480533278852138628567170914799073200941004687349453366864309
58617794921378084552120034522838165517259484819357404342073385
65608470371230246850890127242498856297740397370083534159785372
608021559684673029386164188459740735022759460725190951476
113705137681955429307786566336372550712220224625027692915594211
113702209037024615666270533620528537016878590392706483812193410
113681708522508920175658304609620441149487150766458020088387803
64480473684839742706308678430190359410032047770145082954931003
548427547288750770893679579745949826065842256354779018170
113842842392848649921704441227863267306172778292562888773090812
607847308186439338571858677907946024762651515683172203133
548253295790517080079374069194155115805734311312760269827
488659283394594821586889460480364206848817106942348336521
548079044292283389265068558642360405545626366270741521484
488485031896361130772583949928569496588709161900329588178
488310780398127439958278439376774786328601216858310839835
106817441553732780675707818356188920410054866532544237863360701
106814512908801967034191785640344906714713232300223028759959900
1325088319856322534058048963187472500676529523316908330964
906735365668407130455418915550058124765940326721610523470
157228336071481597862044973252277848633069617590728552949076876
1325063426785146292513148175965787542067942674025191366915
906710472597230888910518128328373166157353477429893559421
906685579526054647365617341106688207548766628138176595372
1335199055599072641545252039728513188864221477302615228865
488307732266963002218086506247588873029590582251161823829
906859395576979132788466861211456358766158768236316912857
557666351386930247481653113782648747110785378950271995971
557663303255765809741461180653462833811774744343122979965
498069290859843551248976571939671924854857539972711046659
65608471416730349573255311209113382432806875513349603744144188
113825271718122297852422698304137041378941102562997454038829116
550344304882641590149173747031058443844525247634457118701
549124544395005754449035173168495472023769632340325880300
967499343522932961856374074898408893243935043620191635837
907905331127010703363889466184617984287017839249779702531
967498908075623756464918084451382334201219238676313204979
1384656932640321107999245203955486331322108839991499819427
64624453860742608373090660498392335736300518621901239045791557
966303978452405704396615156318071955411519643396202011933
966279085381229462851714369096386996802932794104485047884
547901238122137817704183534237287662283756748217470276341
489704782227791503956303725180123102600888315271571533731
966602694036994920120872253151915287988489777156444418915
906834430142838970814082133886329668771464627744013737266
557662795445492683920521250102994543382951648198658337565
967473942641483594490533357126255644206525098184010029388
908054180474269343997801909137883274783643781115255682819
976012193691970523962019434060754715565707114042342486653
498069289378730254631998830475566392341106805942289691452
549298794412126148646362942256184649770126843351923273436
489704782016203890153878333542393740813209638981511340130
966453335398349857049042138184076174549290005116082441020
4657109603507270125521497333334003411997793074311052
966431492125130276259357797809200264954896832226682548691
498250145135244873145674910089718822829491424107817814714
58617795970432833277678560690347160718600378477927959865435907
64644896008106826812574484077225118086867156859133941152271523
490928098630956215813195543338128519563231292792002937444
489708338143320380113056969475565547742475677497871699043
64644896005058695648136743885291988900953857848499334003255517
106814036160248558979537486097920880820520909973488368875365916
908082701823938382128939880758452409919925283833859023722
64645313162647813036282886756421045978391936022295705311439107
7605407370039560025067996148657330315560657195641335271689533725532
106835013426365767780554350464566747556259384690737574319288419
57613278074180894820592495274228569949412842068176173462026012
64644903323123967395487640195603224819860162135556877215336371
113723127755136046106149691478141555977135702840687267218529123
64501392402951173146187836287803378370289160218125866361266716
1325240726388635733663267000262556407040814885149045638170
64644894959052052178328553531096738673767676954194860315415907
106814094708254311431987788228334344384243685996388265599459612
907037130627777779330041675955251782781746784304049614970
906887772200720330060636952625142031130225688553747830676
906862879129544088515736165403457072521638839262030866627
488659283368686134182510841096152448262570738417034843427
488509924941628684913106117766042696611049642666733059133
488485031870452443368205330544357738002462793375016095084
916450186224190946732320720543745414086797851941561341114
916447138093026508992128787414559500787787217334412325108
549301843998495195599153997465264336996641843464180151555
107819030804547338835147440290263389180022479712567885746395907
64644896004552154900693737497711264808834155097460929899774723
64624395490036459410081508486803168941442715471212466175969116
909128139719902289399841353792155110820537720625746463844
113825212124109876021476801440908943376273559399424558313402716
907908379232266453699702779929592138999782105331615225443
549298360420021552467506073889051864654915403913152704691
966630636482952594816138703944950572035912950270358067482
966481278055895145546733980614840820384391854520056283188
1026050397380641162494317802106946770732722209598751252445
966456384984718904001833193393155861775805005228339319139
607846801619783208161092477799642146473654108753755229245
548252789223860949668607869085851237516736904383343295939
548103430796803500399203145755741485865215808633041511645
966282133486485213187527682841361151515697060186320570796
906688121090562954695043074127570242558779855815908637490
967501885087441269185799807919290928253948271297923677955
907904824560354572953123266076314105998020432320362728643
1384681319144841219133379791068867411641698282353799809588
1384656426073664977588479003847182453033111433062082845539
966303471885749573985848956209768077122522236466785038045
1513980079679435843605552085037489917743224645080330574101
966278578814573332440948168988083118513935387175068073996
906684566418651073948463560274292209557018182804656140690
908057736389798220154555153433325719925231143341555848131
489704782201882816551925105795911344014641946746258040637
549298288057057632038022133785610133268808112712566493149
907908377751153157082725038465486606486031371301193870236
549298287845470018235596742147880771481129436422506299548
7706695972554222916576706413021229926997905331189171
489551371483288227263160326692989623543361898450639079590
489551371479586986205391952495245086602469560089880009148
57595229303129562068613639264999313781234088540653440787971173
489580318145739705893407396164936811139009297446106113949
548128323898192156195537809628500533915032197342830207645
906734859131963414296086592092828335918172459210265281533
498093676125050393819992685877750923889604464012721607165
549323181158446287834356797658369181318624501422355189149
488331610991422401782715039461575752361586467887068903541
4151207922632518069372953291630518680159151909649918
4150996335018715643981315562268731001482861849456317
4657532776936409933657360645437298428780723845447005
4741592797430829390579401341298799224740662471793386
557836621686449960846944743884552913334694784829754690339
58596885612341025902743425551769900948331054977536570597916747
498068357792294011540154624618967294117669635417324008690
498065309661129573799962691489781380818659000810174992684
4233545028003801646637828931887996476599702633464291
557837057130057925180632360133834935436518251412874050755
549295250138133432148014419519681660349502504802927935084
4668988635968135334254078213910098300066285752824707
65628920701243361817710746342959242047573664508754160253197164
6893864995406305810642235301284346762146546947209968312624996871956
58597244222359808537716195601482359532309872705531102987873963
506607116623444138370433638521978360378536040534048544819
498068793209993288469463621484037557633246733475129876012
106814095753256790212777597060617799096701528775216362916140875
550518058731025018183966307127218786883022386178894696397
549472549741622873298133243816450525322374715926782206339
549298298243389182483827733264655815062266770884763457996
489530034349233233177037613999070195845241621472332776347
490746249051636967832463122792988329746739967937739649190
4181676452693745278693003281954488062201751813468510
557662299065168103955560649473736346887412899441438328524
489526479677321352430458100145792162843479948461080279547
489526478196208055813480358681686630329729214430658924340
4171308659617426434502754543226891807063538863982061
4160940866541107590312505804499295551925325914495612
