8
275390252944305106322240786396101432975790412764524298827603780347210551376097125591
275389789775948157057459092112161398224158999684585636265347622516874519723578565847
153972984011840090124992722935691466559008572243826916187109346908193001898253034711
80657069869707147975747386045336905931627220012125715909567900457093384709335
73420064292374885761774199482293911690797845970523180657101801456598814106839
131316084754920769706586435964992347647843754724462060080477650391720595629271
154210176756534786761025330058708139002187000375997890998566713630208345732238877911
73420040136262671994800943460648393721208762391641778060748858387764030809303
131316081735406742985714778962286657901645119277101884755933532508116247717079
73533142457340795691353910881674182073526451261058217530975582411550223836375
73420036692129485266306709691937216354450943834496578081190723926777821471959
73533118295331093590941452404945254553651823472318689592191889112474025796823
132218943174505875757941721766783081838586871676122351370633024352957848167639
73420039705746023653739164239559496550364035071998628063304091580140754642135
67087659825580294216512625996896876589638332785596409717396254954708005364951
138551540891040675772337800918927604917928416950651503844366508295561411110103
138551320035157578474296603006740012053113938515164394391996743094786249532631
132220489164950370802550206845210805698502527698299851869417536979603802367191
73420039705008837612059263932674070356578342045766362395500247801360577799383
138552866025602073518905088085167735913029594537341894890781255721432203732183
138551099178537295134575504787666992994513767053445019271823134115230911112407
73533145900631484086499687156802015218814906359652256747329323982501945353431
67200765589949106308211369693050498087244476753606888403976720549445919909079
73533142450600809024566250933007428301771543592648931425340439291274321274071
35009416454958502686986395700418531187544429489364493799237835200996567
124985502347465215671566581825681180454187060261666741445354445957112453997783
124983735500400437287236998528180437535671232777769865826396324350911161378007
132218970780637246054947165569928101940941416568472200137915417053976815281367
138551347641288948771302046809885032155468483407514243159279135795805216646359
262109891762623254374157141957539228491653037161816563789567381968204716653391979735
577534248408216452312565019810369774059380064453559272334787950080935550723571581670991063
277283279901042438354978054189474426394494213638855545595638270268624258868131210455
275389796998794802601576323630306420424317857043984699874718292592233859910264759511
262109833868345482780837814501630021648442029042651714866160981197534318898119779543
577534248408210119932684854080932547521137401833598546632501547862589642886946148921713879
277283273568662558189248616962936183731874252913153259193419924360787633435381933271
398670385008395910201545352044956009617223625455167400044205376671980596586045056215
396776952765187315773979119298093944948006954665914845541032166258283201090172822743
383496989634737995953240610169417546172131126664581860532474854863583660078027842775
262080183870629929020774240992947614506980699223823140454236579254902142252702311639
277283222006764666761658726733565219551283205519690696672231869497953861112859010263
275389847656066996862633437113029064224534624333775507195589440896805257170966357207
262109884525617677041894927984352665448658796332442522187032129502105716158821377239
155870179482023118475986854954941475241652172321778642118573638344509388061661537495
142590216351573798655248345826265076465776344320445657110016326949809847049516557527
142590215448714948553493953409200053586144982732601385806575039349669078188987851991
155870172246784388208503025311338209699400850008232084412914004836531993768383554775
132204808829346592883521715468674661595550707596653739382039994569108023223511
549684147169268400351862876728106127113447634582714014465095735109250815047090932464297175
277282816732685488353010318225634084757436606773223856801116444634444448435435807959
140693078763276456437020901457565724398825093621818259773403805047702025754611623127
277282810400305608187280880999095842094816646047521570398898098726607823002686530775
398670385008395909464359310365055702731797431669474373811939708868136817805868213463
396776952765187315036793077618193638062580760880221819308766498454439422309995979991
383496989634737995216054568489517239286704932878888834300209187059739881297851000023
262080647038986877548369893596987342373185918518068776784227069281394395125044028631
398669921840038960199577616081115667980166018589535711249683551037800786153349653719
277253579244287842531892941188585771066647004228715653733701433259455299980542682327
275360147001079248104326708441723706397430333439463099230528222845757904484670448855
262080183870629928283588199313047307621554505438130114221970911451058363472525468887
277282758836861725578009904481339492601075544952709959467943877275417645254032565463
262109891762402397753873802236441009418633978561645102070192261794595737098053559511
155870172246784387471316983631437902813974656222539058180648337032688214988206712023
132204587972726309543800617249601642536950536134934364261866385589552684803287
125872208092560580106574079006939022576224833848532145915958548964119935526103
131301729122624555151383552226722011175362691863630922974266244820692156097751
74308764209951309130056322657445281475130022237601191694507358786371281560791
73405905359849554737639257634565650113542177966297750406907218017510752855255
67073525479683825300412719391903030152816475679895532060999381392078003578071
67073998248255457537346586805700415852223264257671174778472918912444224054487
66184832456271061248364689576482706365061845750478128527563626582622121567447
67200793621553451003895519565304716528681834681339883942959741145027428558039
67200769465441237236922263543659198559092751102458481346606798076192645260503
67200766445927210516050606540953508812894115655098306022062680192588297348311
140930220863118644517747056177131460851282462327306097131229433035468703138409161943
275389789775951601190443346412818534160618079218769206922629804497792348812539929815
262109826645502281369704837284142135384742251217436221914072493103092807800394949847
275389783443571721024713909186280291497998118493066920520411458589955723379790652631
277283221116301345516255186742615575950203388420177490122361727311348975447883457751
140693019978535364335484075690607180839960462188833230532392929894270521114540713175
140930219958492947351214279430483140470908182223634341930912526477206328076587836631
67101822632860367653484984755573694157732947125953249444839855509865367151831
67087687856342140578848318375567750809606327254778244493174882660255026193623
131316088199053753960887093100928806727377938295119342262458568220809556993239
124983708318888024523660554858266186766652236008717123916550731595376807716055
275389789775948581676416625541161531454928333020133759562454479953674465208192017623
277283221116298326002228465870958573244513642221542042762186402767231091843535545559
131316085179539727240015436098223116981179302847759166937914450337205209081047
131316084802100473899906478972884905762904473416839145022346435601754665592023
124983704921934744462679940730222285802178771130436926676438598976321916314839
190100853447162192261958750479435271300716336470922860638564393683030100223191
189197994597060437869541685456555639939128492199619419350964252914169571517655
182865614716894708432315147213893019978402789913217201005056416288736822240471
262109883622758826097642202218830148985683213275234792332430078697572057263804851415
155870178579164267531734129189418958778676589264570912263971587539975729166645011671
155870172246784387366004691962880716116056628538868625861753241632139103733895734487
124969790954119708018570852621736658916582276015884028437697389485555418997975
124969570098236610720529654709549066051767797580396918985327624284780257420503
67073525479578513008744162205205112125132805247576636965598832280823692600535
131302167814771410734925733861693589131109342854926071459061108227383820362967
132204805808990067829301600972385627627882708690742403294291483795469187491031
131301946958888313436884535949505996266294864419438962006691343026608658785495
196565996244395813572222319503019455106575582814215843027352678833698489874207
67200766015410562174988827319864611642049388335455156024617913384965021181143
132218943599124833291370721900013851171922419799419458228069824298442461619415
140693078761509178750281884397646019111266976577593023914483093244264500675731858647
132205029253870543507152676666190013068051095253946538073760600072225420813527
132204808397987446209111478754002420203236616818459428621390834871450259236055
125872428517821716771884940511339800242510914532057210275482998246017509958871
67073525049061864667682382984116214954288077927933486968154065473200416433367
67200766014673376133308927012979185448263695309222890356814069606184844338391
132218722311987901610587844459851934942477521018056933110451448511263847032023
74324693432831904459473047445027400828966337837829618982436588770715108975831
67089454702564420629829444179485149506652791280123959348928611376421830993111
67200793190194304329485282850632475136367743903145573182310581447369664570583
67200769034082090562512026828986957166778660324264170585957638378534881273047
67200766014568063841640369826281267420580024876903995261413520494930533360855
74324693002315256118411268223938503658121610518186468984991821963091832808663
67992313122149526681184729981275883697395908231784250639083985337659083531479
74324689982801229397539611221232813911922975070826293660447704079487484896471
131303713374593945146803882532334497792496601125141526865000304935152187417815
131301946527529166762474299234833754873980773641244651246042183328950894798039
31983162239096649793402248538613354009442172110136737321602057702548695
80657097469940827465120050760623798196472585708129521536842326295973689107671
74324717589775098027893512517961178235746883421727303190934489670540939830487
169150135391396083938852239294464842959486356735822164537038929543453965133934044375
155870172260946764118113730165788444183610528734489179528481618148754424121789064407
67087687856330622046947069933272666025328425801243365342115447601211585930455
169150135391393064424825518422807840253796610537186717176863604999336081529586132183
80657069916875333637166180610934379262410037250967921700377250608084014408919
74324690036709604199939642368271759301684334964565703354469413982651265131735
139441838561937051999218452117484744800221900305051637316595208689359449040087
133109458681771322561991913874822124839496198018649418970687372063926699762903
87879940670509462108989081153304153752828437742530449261732374917036926117079
81547560790343732671762542910641533792102735456128230915824538291604176839895
75215180910178003234536004667978913831377033169726012569916701666171427562711
262109832963743940872501939478531787035156712780798626461206756728387063593153668311
74310776068894567755830554259786132416087839850012805115728204491884767814871
132204832984604789785245265554441750559392526263449102064129109688864878437591
74310555213011470457789356347598539551273361414525695663358439291109606237399
67073549635679208243816169784555545310443987372923160410892340290615035634903
132218967755225528526442729479364284357233601924765981673363332308233804653783
124983732474146221425384104944033275730494054675512486598639846715133662930135
124983707887517359317349069701298860590060243776987934004842136838675603465431
184818236142960884407877380035029330831203104156666037967195776789193213982495
74324689982789710865638362778937729127645073617291414509388269020444044633303
31983150720564748544959953453829076107988637230985677886543014262285527
140930220863149270161704257566576211415106712845748755149393630979549905381294154967
262113531992388501131915592945107163961617806375388180430285953689862263263428420823
262109826645532907013662038673586885948566501735878879932236691047174010043279942871
140696726228280434199449223768637232296467378934629460352047678081180745438102889687
140930162968871498568384930110667004571895704726583906225987230208879507626021954775
67101853258504324854874429506137518408251389783971413642783936712108252144855
67087718481986097780237763126131575060124769912796408691118963862497911186647
126922246737429622870766073459862045301267630292474512653472603813015521703711
75360348846002032980536702495681454253874167729953324598609770040692998780703
155873877607808827779629250754745893410052898581259012698171633442015869793479501015
326891214172957040717223382813245947717649552622393873177184408151048137858087817174394071
262113588983780246997240040139038323573989737118989731808673145963330939719040705751
155873883940185688431331967109627133366983113108325851740214654805734611621880866007
577542019083778132389097304241733395178846582997672386401011781828363458919451108533937367
275393545781849686652249112041176479687245604394620430415012111450193855298436408535
169153840738255128086341039011765289480238980383956550346553620292597527201276568791
153976740017741619719782742864706548022095176953861710336773835841512337473110877399
262113531992360948066421764991237014272198872312839723268686117224786575373753722071
67089457775985382336613476273942899044578048939531684473612009780809529107671
549691917844837303298772093220643142076638070116293057795406441627992314196322741872305367
262113589874270743026385734626443497942933048536858506048960445842603887788659647703
262109884527415148908132180354923219929881743897349205550911183199915634568511169751
140696784110162676093919365449973566277782621096099785970722170233922369963334116567
262113539215231701700550236814137556641973362731240214831213678579910884326665430231
275389841325484588563141252257061376043137611172979904157250148686778550147906872535
383500694981624214872953032481925081165662460353170360497527552245960225506573493463
262087594564371742058740217576975427513563337551920940917338539279966960901396440279
383496989634768620754699478210404803152611155713661059999478289603271972286425015511
262083889217516147940486663305455149500512032912411640419289276637278707681247962327
182867412189603444018034175261957587147437060055132240821958619097180999853271
155873877595437454192993831953429042193675102212648068274842321177030165398221825239
262109826633137377314812852899014013086670735778184356627504782429245236813238969559
124973134418010124690578266055114376139317895206208834421187948699425727653079
182865645342538665633704591964456844228921232571235365203000497490979707233495
124971367570945346306248682757613633220802067722311958802229827093224435033303
67077089799352026978792773550770422212682902873388552401459156695469162833111
131301980604046297359145637702775510263011942524817301529179542112455891690711
124969600723880567921919099460112890302286240238415083183271705487023142413527
184804128979324093012447409793843360543429100618093187145625345437540752930591
67075322952287248594463190253269679294167075389491676782501035089267870213335
73405935985388199647360145198431556336376950191997019509450750108499326870743
156107314459759516376635702854213355772635077478614213114952290760509888159667528919
74437826374498995357324714655116948102986288613957258071381036656537260074199
156107314459735360264421935880957334127117107889530634233549694407566819324884231383
67200796641054519376378272070428435892567830993473320222561994587207906174167
156107314459711204152208168907701312481599138300447055352147098054623750490100933847
67200772484942305609405016048782917922978747414591917626209051518373122876631
80770203235150698073679595895073878317513355452999301092744755398365661439191
327380766733797924467198122032531494916049333977852031522230023152816817928956191766553815
156107320792112220916124652235838574084047322416597473275592715771285561153285596375
262346975176667738156197227452943822990094260621643062126304439666188885788451218647
154210176869668152204575427990917988739159386262133331872151896807063287004515607767
154210126210629110878739930178612047438199700456515040654405129544370283542521390295
73533173501706222092733153310385366107094897832515363243925713329036307539159
327380766733797924443042009818764521660027688459882442438651141750220464985887356983256279
156107320792088064803910885262582552438529352827513894394190119418342492318502298839
262346975176643582043983460479687801344576291032559483244901843313245816953667921111
154210176869643996092361661017661967093641416673049752990749300454120218169732310231
73533149345594008325759897288739848137505814253633960647572770260201524241623
327380766733797924440022495792043650003024982770136243803203781574895920868003752635344087
156107320792085045289884164390925549732839606628878447034014794874224608714154386647
262346975176640562529956739608030798638886544833924035884726518769127933349320008919
154210176869640976578334940146004964387951670474414305630573975910002334565384398039
73533146326079981604888240286034158391307178806273785323028652376597176329431
327380766733798716014305703495371039276204328594128847405584903408194488393798920316724439
156107321583659328497587491780198729078663599232480828155848093441750403881835766999
262346975968214845737660066997303977984710537437526417006559817336653728517001389271
156107315251279448331858054553660486416043638506778541753629747533913778449086489815
326891107933245664766510246741161603245017239616607881167277175726809980601395498772407511
326883337257676761850226568893534309169390669989251672609192168477171024984254677938414807
155870635429330889007696095806985447999564059567409186640455802993722025833008800983
155870172260973939742914401523045413247932646487470524078199645163385994180490241239
155873826948790492535332457982259749960024265321361533358502140543381243938644501719
155870121601934898417078903710739471946972960681852232860452877900692990718496023767
132218998380881004259733422672223193392029946036319025022366848569520129909975
74324720609287684932277513465379982383910781187395618621596178171764857709783
156107372242674213711209222619248648734105315449015540492192264351500338509046686935
327380766733798715990149591281604066020182683076159258322006022005598135450730085533426903
140930220863121664018815428659883965975001826213302409264665712637722145318886778071
262346975968190689625446300024047956339192567848442838125157220983710659682218091735
327380766733792383610269425552166839481940020456198532619719619787252227614104652784149719
549684147169261177511681703849543072278373380028493860938941148722710126702800795393926359
155870172260949783630700634549789391602414676898386945196797048810442925345706943703
140693071540436275264142338402730650144270873468292105187017264359357735617541252311
262139469420350053816801643939056864612872052219506938031902873846852275742060389591
262109826645505300870773209766894640508461615103432534047508772705346249980872565975
67101825652361436025967737260697413521618943438086685724442108952045844767959
67087690875843208951331070880691470173492323566911680772777136102435503809751
169387284714105628804299280037218125148849681035178365804230080292332061289632834775
169150084732381198723790691967758868017159042484549770508834864751274648126293091543
80657097469939387648632394705336912598437848026437661642959896913593259074775
686567229717317784834351593774018797325168414921063305239744482202831417755275224127910187705559
327380780013761846436449897993392323039578753262241061019543670387584986032387493330494679
550181483685641218527502579255095029993392901812828827768991463577229283097674348409464023
323402180842520422849887019269708627642376328180034277947034950015128315356746214181250263
154447326192325987893754690294201154880471404944595178788200508620352008816186434775
154210183993567964325527216916903362045187908015999946913047699488303802726683845847
275626939098636989932158088281067352409378649651140375773539207834292317090015159511
550181589925295603083019819327670247098641807859767032814580314288953178000998983575086295
327380780013755514056569732263955096501336090642280335317257268169239078195762060581217495
550181483685634886147622413525657803455150239192868102066705061358883375261048915660186839
154210177661188084159797779690365119382567947290297660510829353580467177293934568663
326883443497388137797489674290556720205799188408120621256332397576087193356255768716322007
322904857606109844660246616305382153484995539201741839516808685760941917380155501712057559
277283279010579117096616165809620285211444014226703203819029083140154931779285361879
155870178593326644282403350904670631559344891425453784238840070174161667174108308695
142590215462877324461664841775994232783469063424120799230282758779462126161963328727
153973041003262455736583563886288288877076915996691929237617597117776018458087597271
549684253408921894444059595624834644264862243005646593051369041477455385324867258960913623
262139475752726914468504360293938104569802266746573777073945895210571017570461754583
262109832977882161522475926121775880465391829630499373089551794069064991809273930967
577596413812760452799633018500062520272008775802248802944839829250514159354745626747806935
577542019083778132385647273566671461742622788410755343038244778503041470034759880909858007
577535219742655342333899055449997579426449539986818660549920397159607383869761662680114391
577534248408209229469363595719044167666996218783399134480159771253402514417619060075865303
290563235808648556751625237711758441324699881502333902425368048627017847358681064663
169150135391396083937412422806808787672600758701084482845179035661024582753504011479
154002677445727328516882560831912270318867392387064046819793352351445418786526143703
153973497839239524835635820943690080966088368350928305397655409040275424677856879831
153973034670882575570854126659750046214456955270989642835399251209939393025338320087
275419432550796354123513432196076260683058134022204475680284860697433933149857457367
275389789775951601177484998023914036578647696906130071695890759555927907388669633751
277283221116301345503296838353711078368233006107538354895622682369484534024013161687
290799914726192274792351717752983071548398045152509937825334538978712425688099005655
140930219958492947338255931041578642888937799910995206704173481535341886652717540567
73434202513013138742322618500654343736146010277128728745805827693874246132951
73420067736494911667685952120648400388019390405953723794140854844263905174743
275626983425271994980050381893579029402200405141972801707665032836205626284476802263
550181589925339929718024867219963859610318800681522523647006248414778179914308178036729047
549684253408972553458944809246565483314781898447362809586081377821626295074801886171833559
262139526411741799682126091132988024225243982963108489410290066120320952197672674519
262113588983752640854351211232346078133884850486543385923945227621503179656633328855
275419483209811239337135163035126180338499850238739188016629031607183867777068377303
275393545781822080509360283134484234247140717762174084530284193108366095236029031639
275389840434966486391106728862963956234089413122664784032234930465677842015880553687
260212739714452978024548432715905214775945609692569944022455146014592652287714862295
131316088199040795612498188603346836345065299159892603217516703779385686697175
577534248408215561846224247421760522548236175713613661546998813296423878136360888477230295
155870178593323624768376630033013628853655145226818336878664745630043783569760396503
153973041003259436222556843014631286171387169798056481877442272573658134853739685079
275389796108328461829187714378795276535577911433196910737933780919646649217070998743
262109832977879142008449205250118877759702083431863925729376469524947108204926018775
290563235808645537237598516840101438619010135303698455065192724082899963754333152471
169150135391393064423385701935151784966911012502449035485003711116906699149156099287
275389789775948581663458277152257033872957950707494624335715435011810023784321721559
277283221116298325989270117482054075662543259908902907535447357825366650419665249495
73420064716980884946814295117942710641820754958593548469596736960659557262551
155870172260946386677420573569175263558513712424922066916599808698310306290815542487
132218970827815510431779552522533774457967397579157425185901772881630455211223
74324693056222191104323643315690563449848232730234018785131102483875183011031
80657069916873893820678524555647493664375299569276061806494821225703584376023
581458439570505202192196289610820053281647875110663897129978647296420087057156199380755671
581451640229382412140448071494146170965474626686727214641654265952986000892157981151012055
581450668894936299275912611763192759206021305483307688571893640046781131440015378546762967
577472083003658006138669553778018192485217656276928906832369928231635855463915111542498519
292430730623867567732256582935401793897069799255838243657171765527880892931652527319
171017630206615094918043768030452140244970676454588824076982752561887628326475474135
157737667076165775097305258901775741469094848453255839068425441167188087314330494167
155840992654458535816267166167333433538458286104432646629459125941138470250828342487
277253629903354059365698286788343052438925995825743403647391981076795703203486835927
155840529486101586551485471883393398786826873024493984067202968110802438598309782743
153943391896037398005665684865011056104558897595732129065980495054416789882289071319
277260989938026206276369897519077667164068919299143713425743739099479206181789574359
277257747759527561422898037531497423902649027739573075489950634287126984614159656151
398670385008423084972329158152507042803116737460883832507883489422784217566818149591
277257284591170612158116343247557389151017614659634412927694476456790952961641096407
263977321460721292337377834118880990375141786658301427919137165062091411949496116439
275360147001106423612296556229175046468749639230872557926472003400405304245620384983
262080183870657103791558047100498647692873811229539572917914692005705763233475405015
277283222006791841532442532841116252737176317525407129135909982248757482093632103639
292459910216441450778373546228155515431498339979832549391414209543843238205142410455
139441841581449638903602453064903548948385798070719952747256897190583366919383
133109461701283909466375914822240928987660095784317734401349060565150617642199
81547563809856319576146543858060337940266633221796546346486226792828094719191
75215183929690590138920005615397717979540930935394328000578390167395345442007
142590215448742123324277759516751086772038094738317818270253152100472699169760945367
74310779088407154660214555207204936564251737615681120546389892993108685694167
74310558232524057362173357295017343699437259180194011094020127792333524116695
67978178352358327924946819052354723738711556893791792748112291166900774839511
73405932535357524585426708974636969419333587424993694187461865417271702791383
67073552655191795148200170731974349458607885138591475841554028791838953514199
277261040597041091489991628358127586819510635515678425762087910009229140809000494295
277257798418542446636519768370547343558090743956107787826294805196876919241370576087
383497040293780055937646147116018499013465954886833005332497138524137215686011856087
277257335250185497371738074086607308806459330876169125264038647366540887588852016343
263977372119736177550999564957930910030583502874836140255481335971841346576707036375
262083939876527583123433332211068845361366832085583585752308125558143951080834802903
262080697698028938269961472223488602099946940526012947816515020745791729513204884695
262080234529671989005179777939548567348315527446074285254258862915455697860686324951
182865617736395776804797899719016739342288786225350637284658669730917299856599
131301952997903408530238945457335405376379496178932573610837714352393484313815
124969573117737679093012407214672785415653793892530355264929877726960735036631
184804101373181204183540717548403255656796654272208459227283517677478345553695
396780658112067065148989758805508253441261625112505131142584217107657191686746481879
290540953068472506583081685776097063234255001101841251074125725950060863589586642135
275367557694814592334776943900558599789162502311255711562395204141663927081569428695
396777415933568420295517898817928010179841733552934493206791112295304970119116563671
290537710889973861729609825788516819972835109542270613138332621137708642021956723927
275364315516315947481305083912978356527742610751685073626602099329311705513939510487
275361073337817302627833223925398113266322719192114435690808994516959483946309592279
411950348138869385279040946409526438873302819263581370156265476273365874974615217367
396776952765211471030736204533987975428210320472995830644534954464968938466598003927
290537247721616912464828131504576785221203696462331950576076463307372610369438164183
275363852347958998216523389629038321776111197671746411064345941498975673861420950743
275360610169460353363051529641458078514691306112175773128552836686623452293791032535
275360147001103404098269835357518043763059893032237110566296678856287420641272472791
154210183981196590738891798115586510828810111647389002489718387223318098331426170071
155870178580955270695767932103353780342967095056842839815510757909175962778850632919
290563185137238141839154321098135648807362399328104666784291969099339139501429171415
154210183979650599557210711827201125515660057946039954079952220634961692905295127767
292459916548818311430076262583036755388428554506899388433457230907561980033543775447
155870178579409279514086845814968395029817041355493791405744591320819557352719590615
145774218442101341619957334304860479162912864909761995768620615932411768284375
262109890858021712464381450446784938591482122865225793692753263616628078967995835607
87879940670508022292501425098017268154793700060838589367849945534656496084183
154210183979429743674113413786003213328067193131561518592842768265196492130133550295
155870178579188423630989547773770482842224176541015355918635138951054356577558013143
262109832963743940871062122990875731748271114746060944769346862845957681212723635415
138537433720652176704025345654005077786897969303646569968524282132692359259351
80643155949058857376569436447161866778778804454723163567753611734937087059159
73406371227609692460637447796306465402763908848607737767657277935217678034135
138537212864769079405984147741817484922083490868159460516154516931917197681879
80642935093175760078528238534974273913964326019236054115383846534161925481687
73406150371726595162596249884118872537949430413120628315287512734442516456663
131300207287436817192010961178774490681254116826556925263688417931422627079383
73405929515843497864555051971931279673134951977633518862917747533667354879191
398670384105537059244334277890528995572277660085320534962864280925582496267158234327
398699621592388713883770568639191923949917208928479689620513125712215239295920317655
189197994597047479521152780958973669556815853064392680306022388472745701221591
262109883622758826084683853829925651403712830962595657105691033755707615839934555351
131301949978389381809367288454629715630180860731572398286293596468789136401623
190100853069709980573460888856515089700128867904776099678054514506155686438103
132206575298116661246004979649671878692009703055852693277283844108400414237911
67200769034911630547471579824988331005935384647588592304220166827145498797271
73533145895563333263826461064945261220462451486630635325583885568973900162263
132218970774738115430826730426783088505397499690434297104025020809457722533079
138551347635389818147181611666740018719924566529476340125388739551286123898071
132205029253857585158763772168608042685738456118719799028818735630801550517463
132204808397974487860722574256420449820923977683232689576448970430026388939991
125872428517808758423496036013757829860198275396830471230541133804593639662807
67089457722170801293980753871306786898222458024576290723931413929856619586775
67200769034174444505791679518102904812149691621356326636416323048365321954519
73533145894826147222146560758059835026676758460398369657780041790193723319511
138565261555287761882097179827672943009451014938931969956880103421341126436055
138551126778769534807460513447666999661324395067756965005215130571730785477847
190102399007077080617116551839192127607474626038230472094962275060628907959511
132206354388418982905331059334848173680839633705410190075233483056672343139543
131301949547135547426625608926655392265550440385696982621044985882385683391703
124969569666969817989399070683992772304824738099294764275137149256952934114519
190114766929895854932304532159728492293014181189418210417434532295016364713175
73533173500863723759384695816802021885625534373964202480721320439001819718871
67089457722065489002312196684608868870538787592257395628530864818602308609239
131316112354310511046122987131409010093185019280222845050665253958185982174423
73421834582717191718667077924565799085065854431299438649894583560430709974231
67200793190181345981096378353050504754055104767918834137368717005945794274519
67200769034069132214123122331404986784466021189037431541015773937111010976983
73533145894720834930478003571361916998993088028079474562379492678939412341975
73533142875206808209606346568656227252794452580719299237835374795335064429783
74324693002302297770022363726356533275808971382959729940049957521667962512599
67992313122136568332795825483693913315083269096557511594142120896235213235415
124983707887515919500861413646011974992025506095296074110959707456295173432535
73420064285621738272404058403270469249506664180399237708947577263001793275095
131303713374580986798414978034752527410183961989914787820058440493728317121751
131302167383399305712126592649439377356482612941505021653470084088302186079447
131301946527516208414085394737251784491668134506017912201100318887527024501975
35002663307469132545907372257977240005754305546416339575044238180164823
67200793621540312678445658060811885446614853335901662411282573030806004507863
73533170482192015394800539300768815661141920174943705432646291772634405872855
132218971205254583794827552640961124976487884799865964614734483944283444946135
132317914593702266649770597660335452011089870219225996536943292049624513717463
73632089337088231142661371173159413507879992584502312842934142073690147857623
67299709456922501705434832930496793547154290298100094497026305448257398580439
190100853447149053936508888974942440218649355125484639106887225568808676173015
125872428517808578446435079006846969160443933186618988743805830131796085908695
67188398090998965159322627694366645459187795354045769739460251367541475714263
73533145894720654953417046564451056299238745817867992075644189006141858587863
67200766014554925516190508321788436338513043531465773729736352380709109310679
63040165162995388517860573743556432200668173102608595258829160797775063
140930220974209106535778139726787015656112088487736171618407519994218841239970194647
67200766021308047344768755140060916219097063248649407651461519605333041423575
190114767367797318874894944312366516810790608609946882422272457321991885104343
131316084754920564068733584697330524387382250441310268567313289749949953156311
124983704874754834631507046454667904426656548154908050221405453124517203879127
67200793627345623882006890198803103078045839162215240474402798254141137822935
67200766451719383394161977174451895362258120135973662553505737301702006613207
74324693439466575670932875572109131599799705777256136277084038769863306061015
67992313559300846233706337329446511639074003490853917931176202144430556783831
67089454709199091841289272306566880277486159219550476643576061375570028078295
67087687862134313456959689009066137358970331735653601024617939769368735458519
31989902222599778178716028187411871047813917522526785320712460210611415
74455944435972226246720080347801172942753890472963741296505522811039149569823
66170918542257441860646568105389397983046798132502093480396787859614021002455
132331856114582771261041661657759535270041751718000185585720520259307597014231
154210184104686026588756321740472074431994583299697170938910564780914838751989540055
140930220974236706768017812611795675656118755298364185930353253386215297739844560087
73533173501706016454880302042723542846633393549363571730761352687265665066199
67200793621540287017653763800060922885907691262961353384853516061832915789015
132331831958470557494068405636114017300452668139118782989367577190472813716695
154210184104661870476542554767216052786476613710613592057507968427971769917206242519
140930220974212550655804045638539654010600785709280607048950657033272228905061262551
73533149345593802687907046021078024877044309970482169134408409618430881768663
67200769465428073250680507778415404916318607684079950788500572992998132491479
132331828938956530773196748633408327554254032691758607664823459306868465804503
154210184104658850962515833895559050080786867511978144697332643883853886312858330327
140930220974209531141777324766882651304911039510645159688775332489154345300713350359
73533146326079775967035389018372335130845674523121993809864291734826533856471
67200766445914046529808850775709715170119972236719775463956455109393784579287
277519958832527676420572486703444055966100332704568275780411514515986042624720577751
323402196015452628150852002587118366389537359817859527089628747697979129057009299037430999
295552094776504576190150596690896399343911815373208054912962764991962197224307430007579863
154210183993567964325321579064052094383364647554495663761256186323943160956041372887
140930220863118644504583069935375695607488819553162678752698874929243619943896392919
398699564614911313272530267810454730499560121594698400563254574583610147286706365655
154210241887624880035543608478763389038982790859182077197553134724848357936151995607
140930278757175560214805099350086990263106962857849092188995823330148816924007015639
154210191228585838709708110666457447738023105053563785979806367462155354474157778135
140930221765756638723240164311242806299527316326528514569030710159619188029263520983
275389847670008516887501389585774063572442579749312201980396194792472462598137783511
295552092646393413670991063619799281673919421715455099656888964976642473710727403424785623
262109884539559197066762880457097664796566751747979216971838883397772921585992803543
155870179495964638500854807427686474589560127737315336903380392240176593488832963799
132232885125889687910631126848028512899092864162613551087600634624145535608023
140930219958492947338050293188727375227114539449490923552381968370981244882075067607
73434202513012933104469767232992520475684505993976937232641467052103603659991
132218750349371460835994460468022569550966244291438546135935661774535194649815
73420067736494706029833100852986577127557886122801932280976494202493262701783
67087687856328976592606562610323957166832183836399713935068657577060513424599
190114770811917344780806696950721005508012153045377425559311510709656976172247
154210191228582819195681389794800445032333358854928338619631042918037470869809865943
138551127210023163552349341707979499765493311130480589157299380516363596014807
190114767792403318059935039948015315761813517598017250234767392826052628260055
190114767414964064719826082822677104543538688167097228319199378090602084771031
247996677209924028689461289306347838719762706949877502647817195403016990696663
275389905551890758781971531267110397553757821910782527599070686945214087123369010391
262109942421441438961233022138433998777881993909449542590513375550514546111224030423
189197994597047273883299929691311846296354348781240888792858027830975058748631
182865614716881544446073391448649226335628646494838670446950191205542309471447
190100632591265930977675796802003884793127714617057220628088403399060425876695
132331828508439882432134969412319430383409305372115457667378692499245189637335
154210184104658420445867492833779828991889696667250825054182646439087078689582163159
140930220974209100625128983705103430216013868665917840045625335044387537677437183191
73533145895563127625973609797283437960000947203478843812419524927203257689303
67200766015397398188747071554620817999275244917076625466511688301770508412119
125886342431809008187119550451945521338977675313276184206437386802636584985815
73533176951631379225145181079820211735993085884048001957349688267238978168023
67200797071465649787918642837157591775267383597645783611441851641806228890839
73533173932117352504273524077114521989794450436687826632805570383634630255831
67200794051951623067046985834451902029068748150285608286897733758201880978647
140930219958520553375626830426862433969301398398266837118214791312259893690171466967
80657100919864544781044422474771758227336036077970300356383871851795929703639
74324721039698815343817884232109138266610333791568082010476035226363180426455
67992341159533085906591345989446518305884631505165863664568198600930431149271
67087715462366553129844697669066144025780959749965546758009936225868609823959
131316115805078166511883472394427199943552570790306644527293621786423140623575
124983735924912437074656934151764579982826868503904426181385785160990391346391
154210176756565836918422135355744568437039296084813956843151160446179740434783872215
131316112785564139791011815391721510197353935342946469202749503902818792711383
140930219958493377749386342581949409618093682610547810876636870415198941251040257239
124983732905398410353785277149058890236628233056544250856841667277386043434199
132206603281593285485499220566090453508771804117186756502628776850888411653335
154210183979433193599270546198030982762912822029749570125481481689171430332804179159
140930220848983873778532037069354583987036994028416585116924170294471889320659199191
125874223401427556048272682323427833548046101830784538156720940225455662376151
154210177647053313433541108971492740100292861304047283723263135781334804900054901975
155870178579191873556146680185798252277069805439203407451273852375029294780228642007
155870172246811993390417242959260009614449844713501121049055506467192669347479364823
124971364551325801655855617300548202186458257559481096869120799456595133670615
73407920668716530679337860951054461085363445948550142647669609278846479705303
124969597704261023271526034003047459267942430075584221250162677850393841050839
73533173501600704163211744856025624818949723117044676635360803576011354088663
132218971205149245842367101193512244388097052294606760492904877864056045249751
73420288592272491036205741578476251964688694125970146637945710292014113301719
67200769034068926576270271063743163524004516905885640027851413295340368504023
73533145894720629292625152303700093738531583744927683049215132037168769869015
67200766014554899855398614061037473777805881458525464703307295411736020591831
73533142875206602571753495300994403992332948297567507724671014153564421956823
74324693002302092132169512458694710015347467099807938426885596879897320039639
132218749918012314161584223753350328158652153513244235375286502076877430662359
124983707887515713863008562378350151731564001812144282597795346814524530959575
74324689982788065411297855455989020269148831652447763102341478996292972127447
190100632159906784303265560087331643400813623838862909867439243701402661889239
131303713374580781160562126767090704149722457706762996306894079851957674648791
131301946527516002776232543469589961231206630222866120687935958245756382029015
66059573851763799723415830552714240003610274073811309770632537745990871
63040059825042928066413124862968041368162913898486765652748933398078679
60020545798322056409410419173221842732715553723162221534865329050166487
35002663101831279694639710434716778501471153754903175214402467537691863
31983149075110408037637004744970579866023793579578631096518863189779671
153973439943415337456281274765296111362068328513224299547115805682354695888574162135
140693476812966017635542765636619712586192500511891314538558494287655154876429182167
73420506004142725410462591564870237393432521721050400338337373436602000942295
140930155843367038124407502097255068033732438004956968896061395908771478360503690455
66183251964047291027861614537314119207370529871843762047355837696489684542679
67087877661213643827547305850783632787719859416832596467178796398753952113879
140693476812966442254500299065619845816961833847439437835665351724455100361042633943
67088129568109980227536710458144076512241003005305464174410454640258213029079
124970011810004450369218046792125391754402473330924138666563196264783444255959
67200986870558118483956121183367918286083892624263000585679876385412869596375
154210118973816782564103544654931600040377599341838077201725564740270964857262122199
140930155843367462743365035526255201264501771340505092193168253345571423845117142231
74324910838791284039855362578319464777426842818185298984714059969969821131991
67087905261459021825882176015276470536597468776582763732247960969475250529495
262080646134357729510308774174441562816020472907389675582424854025896017253974484183
124969787503353491967563512349257785778758939102201438224400702594000481756375
74310748462027656469751206407956826092953320810983691457138009590538487538903
67073742884695394255778019844913831852123946769381156204671910590043916936407
31983479821024261461220543432669410739618681796199435010514273499161815
31983374508732592904033845514641727069186362901104034461403019188184279
67087877661213618518273108771686793001816905043521606742481644319766796117207
74437768201713331407718433780049065334803574090497847123048130738490448618711
35494721591239318458227729204563773637065272398916292388007647271003351
74437768201701812875817185337753980550525672636962967971988695679447008355543
67200762624369550661843998774710986309696298595360432719522596678952437753047
67200735448743310173999085750359778593908579569118854798625535726513306543319
67200735071304056833890128625021567375633750138198832883057520991062763054295
67200735018226661832937306529270881423063852249475704801180768918890030376151
32043836899312135316068056188640983009386183033680039675367341718840535
74437768201690294343915936895458895766247771183428088820929260620403568092375
68105388321524564906689398652796275805522068897025870475021423994970818815191
67200762624358032129942750332415901525418397141825553568463161619908997489879
67200735448731791642097837308064693809630678115583975647566100667469866280151
67200735071292538301988880182726482591355848684663953731998085932019322791127
67200735018215143301036058086975796638785950795940825650121333859846590112983
32043825380780234067625761103856705107932648154528980240308298278577367
59650799249410587968922489468180529016283549164059467025899351733511383
38514234178143702459175148008711937534830940714346954076508871188882647
156107314459704363092040125730684985828471673181896001788977622029857412293333689559
154210176869640174546220338712302643146203697753134146787755148973471763577312978135
74437771221214399780201186285172784698689570402631283402650384180670926234839
154210126210601133220384840899996701845244011947515855570008381710778760115318760663
68105391341048670342974648042510164737963868116229065056742547555238176957655
154210119086673768033939224020141178849796556131100783367512742564462556503475823831
154210118975362402952901011256393436302992689633969297864348748202801365822040777943
73533145524047867003454537964792410418585898647430966496092121805609104909527
125096786106428021511040236204828226414906105114967627573560134115298137154775
73533142504533840282582880962086720672387263200070791171548003922004756997335
73533118348421626515609624940441202702798179621189388575195060853169973699799
73533114898390951453676188716646615785754816854186063253206176161942349620439
35063349486216519317015474992789146907151851349110701363868565636719831
156107314459704363080521593829436543533386888903994548254098470970422353249893426391
142827351329255043259783084700760144757511060902661563245541159575722812237748446423
140930213739190854713963297682377802075243085473899708244318686519337163521727734999
74437771221202881248299937842877699914411668949096404251590949121627485971671
68105391341037151811073399600215079953685966662694185905683112496194736694487
67313843856016435631420082319882252458595253876893908612444632918015643034839
125096786106416502979138987762533141630628203661432748422500699056254696891607
73646220716668138347774963559839182673122320715935951633808351659844044399831
73533142504522321750681632519791635888109361746535912020488568862961316734167
66296136927190059536708445956748641647279987704933376768022469862466746131671
73533118348410107983708376498146117918520278167654509424135625794126533436631
73533114951456827922727762370102216954046813289374312184023493175071642035415
73533114898379432921774940274351531001476915400651184102146741102898909357271
35063337967684618068573179908004869005698316469959641928809522196456663
62670311836314971969869908272328692914049217479490128714400575651390679
125096810262517198214210995341883574815939385786779271867794207066046039925975
74437771221212959963713530229885899100654832720939423508767954798290496201943
154210126210601133218945024412340646558358413912778173878148487828349377734888727767
73533145524046427186966881909505524820551160965739106602209692423228674876631
73533118348420186699121968885154317104763441939497528681312631470789543666903
35063348046400031660960188107191112169470159489216818934486185206686935
156107314459704363079081777341780488246501290869256866562238577087992970869463393495
154210176869640174533261990323398145564233315440495011561016104031607322153442682071
74437771221201441431812281787590814316376931267404544357708519739247055938775
154210126210601133207426492511092204263273629634876720343269336768914318691448464599
68105391341035711994585743544928194355651228981002326011800683113814306661591
67313843856014995814932426264595366860560516195202048718562203535635213001943
154210118975362402939942662867488938721022307321330162637609703260936924398170481879
73533145524034908655065633467210440036273259512204227451150257364185234613463
125096786106415063162651331707246256032593465979740888528618269673874266858711
154210125419050628672683591986117921224756388345528487182816718986316856908006892759
73533142504520881934193976464504750290074624064844052126606139480580886701271
73533118348408668167220720442859232320485540485962649530253196411746103403735
73533117970969414827111763317521021102210711055042627614685181676295559914711
73533114898377993105287284219064645403442177718959324208264311720518479324375
35063336527868130412517893022406834268016624610065759499427141766423767
62670310396498484313814621386730658176367525619596246285018195221357783
125096810262515758397723339286596689217904648105087411973911777683665609893079
62670308956681996657759334501132623438685833759702363855635814791324887
125096810262514318581235683231309803619869910423395552080029348301285179860183
74437795754765686910222442425245653186799141202221225427836038312158699267287
156107314459704740531113488778685104255822191702383222497517050862568474946323424471
74437771598653473143249186403600135217210057623339822831483095243323915969751
125096786483867094874088236323255576933426592335676167002392845177951126889687
74437768579139446422377529400894445471011422175979647506938977359719568057559
155870121601904278683770456608467242075678044494704821124420234355694646339935216855
74324689989554376485175241235508687467723633775659585978051179827386296902871
124985471721832776600343874452664872102455995971892805767919051368214800442583
74324665833442162718201985213863169498134550196778183381698236758551513605335
74324662813928135997330328211157479751935914749418008057154118874947165693143
74324662383411487656268548990068582581091187429774858059709352067323889525975
35440788559579567317133902343307667394372559888539534074931218626454743
74437795754754168378321193982950568402521239748686346276776603253115259004119
156107314459704740519594956877436661960737407424481768962637899803133415902883161303
142827351329255420698856447748760263184861579423148783954080588408433874890738181335
154210176869640551973775169859054319278469431995719913961415426746747767186862449879
140930213739191232153036660730377920502593603994386928952858115352048226174717469911
154210126210601510647939672046748377977509746190101622743668659484054763724868232407
140930156747772310661471725691533736539013957463066351332893002181518597279973975255
67313844233455508994468082438309602977115741097602448041277343980668632769751
140930155956224825640755546038216456206186462372353565532615708943039019100880315607
67214900797827919472011417778267999540229401999377413379622534033396246062295
154210118987730709833904532710228194940458853487347452316138358682928612840638588119
140930155857281390013166023581551796164583025486014467307581047288229071828493608151
154210118975362780380455842403145112435258423876555065038009025976077369431590249687
140930155844913460559717333274468713659382595875222080029451714581377828419445269719
73533145901475421834601289640924676152828484414604626773865397809218654381271
67200766021309692397374751398262056192102782128202408427957561183785905104087
125096786483855576342186987880960492149148690882141287851333410118907686626519
156107314459701721005568236005779659255047661225846321602462575259015532298535249111
154210176869637532459748448987397316572779685797084466601240102202629883582514537687
154210126210598491133912951175091375271819999991466175383493334939936880120520320215
73533142881961395113729632638218986406629848967244451449321279925614306469079
67200763001795665676503094395556366445904146680842233103413443300181557191895
125096783464341549621315330878254802402950055434781112526789292235303338714327
262109826645498837238159997736629989987599884227467247657999574453855915393654793431
155870121601904278672251924707218799780593260216803367589541083296259587296494953687
275389783443568276893169069638768146100855751503097946264338539940718830973050496215
155870115269524398506522487480680557117973299491101081187322737388422961863745676503
74338824766061085027910659173219546031572352193299711778656717617953197597911
154210176756558942874678511785109151187021682509296066281178573314832351249243382999
74324689989542857953273992793213602683445732322124706826991744768342856639703
67992310109377128516047454550550982722720030035722488481083908142910107362519
67101819188728822813937472610176551790742978151697176526190618617458626995415
67087684412210595739300806230170608442616358280522171574525645767848286037207
124997839651274706758749709092874987747788886905636055949566467552580408517847
124983704874756479684113042712869044399662267034461050997901494702970067559639
154210176756534786762464744811853129541503712920212487399775976961889282414460085463
67087660256098381972327550208525090473027274701640768978172702699013502739671
131316081735408182400467923952825974614189333873503094019265213444798468924631
140930219958462327593428952038057970722558099445946341433261686930908483230716470487
124983701855242452963241385710163354653463631587100875673357376819365719647447
73533142457342235106107055872213498786070665857459426794307263348232445043927
67200762577176505668880517629550878825344963571057208448399426722799695766743
73533118301230021339133799850567980816481582278578024197954320279397661746391
124983701430623292955618808944157867032904448477315851018343360241983858222295
67101791588483422318469982819819856454396076015670573950279541087637634360535
32003383840985959494871562834928386582030289095514551648531464879416535
73533142451444746772667853417130089235785121647601301451876513117991030301911
67200762571279017335441315174467469275059419361199083105968676492558281024727
132218940154993288451823209754616708804932450825163385309420587406035721462999
154210176756531336731789682878416905746916795876849720396450654973004591186836006103
67087656806067706910394113984730503555983911934637443656183818007785878660311
73533142450602248439319395923546745014315758189050140688672120227956542481623
73420036685390938014272194733809779295240250762488501238887261743184140117207
67087656805225208577045656491147159334514548476086282892979425117751390840023
31996643854319171834922896081156631674361879809408916505411188976854231
35009417894373255831976935017131075402140830698627825480174517422204119
31989903867652384174974229327384876766693470523303281362290913074291927
60521230283402661260530407579476508771022608506471932925150276606605087
125096810639956271577258995460310925334459873007487811296626918128699029660887
125096807620442244856387338457605235588261237560127635972082800245094681748695
124983729030857174919185050292219477584973449159807574443195002712761410594007
59596877736282738076270957691708700675044371532833768147881966529225943
156107320792084620695403109517567291631556554393347827207875502887975717998642668759
80770151478817762763988068590975869579901022228050181283508502486376235214039
131429166364031384494827118510631311296117556940386525454418252421003446133975
131429163344517357773955461507925621549918921493026350129874134537399098221783
155870121601907298196357360992468189494482192658602586792735665017383147563853096151
74324693009066963389559242182927491615887531541327901408712868328610214782167
73420067311900430612812593862547117335783859786127584502154605953548393456855
124983707894280585120398292102582933332104066253664245579622618263237425702103
131317851601997066221082756640040606465146960576603164219944458611267119686871
80657045713606452338940867401238903860825514801488541833723644001603832849623
38460301146483951318081321147455831292138228203970195763432442544334039
327380766733797924439597889792456875396324586402299730371130420556452875184053993683363031
323402180842519631302354831807282308675520937195920948631606708741307599207953726679098583
156107320792084620683884577616318849336471770115446373672996351828540658955202405591
142827357661635300863146068487642450560595942114113388664439040433841117943057425623
141167362270329135885553754846557900713611463613946765538369376509503675316539303127
323402059429419214049882017594467403725867285096798147382187128552294633214689121502045399
154210183202020432138064790597936506654203794686684518671773878772155010239181694167
262346975176640137923957152833424098242518708320491962523708075723443983590368027863
154447319068398575540562826748696056826867330889577464144708341996366590895935005911
154210176869640551972335353371398263991583833960982232269555532864318384806432416983
154210126210601510646499855559092322690624148155363941051808765601625381344438199511
