8
154210176756562386994910111945548961068043627779515383994891180687846077041537000663
124093241554340619349136756604021153382544518047030854246734161972145664107735
240905053954757482300067244741709259922092079133153918370593358701947677161247
124079106777822392274500090224015210034417898175855849295069189122535323149527
275393495122804175783356940425609473951859215939893403518143431320139551813893956823
381629494819543140231011459183500386145814535311047983088552659835047626690905318615
275389789775948581665103386154089195938807911300384103020094168677451298593745478871
169150084732354023099195313124678005731801287289720222951635677519854970496585639127
153972984011840514732637016977619264273657483859625382941855893068769780768419947735
181975148376966463265413925725653474214854255061315955990253863242887540057303
131316109335640627767601619784352514529048636770098209222991170239425545839831
80657070294314792269789313843051554843243018478880462455728477235963551622359
396780658112067065150634867807340415507111585705394609826962950773298466496170239191
546203005668068149331973593172693048563312273503872293332425578881748288735179013421081815
275367557694814592336422052902390761855012462904145190246773937807305201890993186007
275364315516315947482950192914810518593592571344574552310980832994952980323363267799
503016657808806029598289386565231327701066905076549189397372179288206541373181600983
396776952765211471032381313535820137494060281065885309328913688130610213276021761239
323402301992483430385326793657436070089220111901979887073677287642841348981638938193634519
546203005664362802476379474919138777043034260452567653823125080832485646046925793272603863
322904857576410078393128047170393450076980825884252027192748620580481712851314668995159255
381603557391553556784076571660281674048967782275299769817183166322213276768004547799
275363852347958998218168498630870483841961158264635889748724675164616948670844708055
260190456974301083969863756755332020396868659474050350236994153356220012162827494615
260187214795802439116391896767751777135448767914479712301201048543867790595197576407
381599852044697962665823017388761396035916477635790469319133903679525023547856069847
275360147001103404099914944359350205828909853625126589250675412521928695450696230103
260186751627445489851610202483811742383817354834541049738944890713531758942679016663
260183046280589895733356648212291464370766050195031749240895628070843505722530538711
138766240516481828800890279035821532705615622754273029162657352462161987897205007575
189199785600226116781457452440185780405513653605855337254999094422591200896215
138540746558900281283645146498884820719708035314637590487736401419129206678743
87881707517574445785832840557583861033902417023419843720473708415667212461271
154213889328052184858790461388938950907711376879787781672146383531647626360998405335
154210647149553540005318601401358707646291485320217143736353278719295404793368487127
260449889024791149306444980146829863101666696250942361242555612046555701238009767127
260449838365752107980609482334523921800707010445324070024808844783862697776015549655
290563185137238141840799430099967810873212359920994145468670702764980414310852928727
381629494807174786158402761253840537635126485141072486025398672114179805899995555031
275389789763580227592494688224429347428119861130408605956940180956583477802835715287
169150084719985669026586615195018157221113237119744725888481689798987149705675875543
260242331817911472171964826249532830074386494816388169931554497647004313835857847511
260216394389922313344189946348890883983027362339823066445209659148186541294818501847
153976689346327754778281873319479693776020738329159186376751167990590213197658662103
260213152211423668490718086361310640721607470780252428509416554335834319727188583639
260212689043066719225936392077370605969976057700313765947160396505498288074670023895
153972983999472160660028319047959415762969433689649885878701905347901959977510184151
131305507828632797454001543233342569397394488756931930854228424024835928696023
80646468787306961956189237292041609711588870465714184086965731021373934478551
131303961837451116367713157848029419343693139708522164687640067619409797653719
80644922796125280869900851906728459657887521417304417920377374615947803436247
260449831128967386531444566402535270945305634430428463909383044687528898056606524631
239857057794487173894940175083985997172803444413176208403303665819851902493911
189198018753161338397127869142685037486997826121958461636040972816389908276439
138538979711835502899315563201384077801192207830740714868778279812927914058967
87879940670509667401503257260083118115386589539522968101515586809465919841495
260449889023024302241666595817246565600923777735114877345679993088434095036717147351
260449838363985260915831098004940624299964091929496586127933225825741091574722929879
153973034656744354921085432530682059563186200979440693199573053652473357238211781847
181962780022893854567484265877142786164684279564252802002532995422096630293719
131303740981568019069671959935841826478878661273035055235270302418634636076247
80644701940242183571859653994540866793073042981817308468007609415172641858775
124068502251300535240028356670299575156565114715329395601762325024341358093527
124066956260118854153739971284986425102863765666919629435173968618915227051223
181961013175829076183154682579642043246168452080355926383574873815895337673943
131301974134503240685342376638341083560362833789138179616312180812433343456471
80642935093177405187530070697040123874557215497920432849049487808971349238999
96150804187460824217472613332132254390620159872783008390048271381459714815775
124066735404235756855698773372798832238049287231432519982804203418140065473751
73407696362909921357886467431497872552243668940214773215541510414678071256279
124064968557170978471369190075298089319533459747535644363846081811938772853975
73405929515845142973556884133997129633727841456317897596583388808476778636503
88913798610128562003499426769089260149790785831180473137582172380965144213279
66168923938512880759583697570954135392898467414715362344117289807982208034007
124192209093003027637613855189957588836450042835414163422865162916080101434583
73533170051677192139801549248656629150644424544196416655602469912618107217111
89041039145960611169744091883748759666707368919058992196601253485106472793887
124192184936890813870640599168312070866860959256532760826512219847245318137047
260449831142881301269086009558801283680246567457025689739153201551986316650371163351
124079103327791717212566654000220623117374535408852523973080304431307699070167
73420064286465881714754348058919663431568917117634777205817611427845704852695
89041063301230326603368890411810933414827089039389234029749803663906768271135
124192209092160529304265397696374244614980679376863002659660770026045613614295
73533170050834693806453091755073284929175061085645255892398077022583619396823
89041039145118112836395634390165415445238005460507831433396860595071984973599
124192184936048315537292141674728726645391595797981600063307826957210830316759
73421831132688161765735473862837062128615381142980492061571340144012509652183
124079103326949218879218196506637278895905171950301363209875911541273211249879
114865729822583229632671613085714841702167250888835906783199685050742559
59158777166345107634091083625907421978811871327746358159387882387219671
275626989759442879165475596285590191573389838000101406431841197042711709216783541463
327380780013761848203297805475402515256476616313743604362283110942806931758776158104659159
155870178595093492189885361096887529422396393968796523679395292119888055838882473175
275626989757896887983794509997204806260239784298752358022075030454355303790652499159
327380780013761846657306623794316226871091303163689903013234701176640343402370731973616855
155870178593547501008204274808502144109246340267447475269629125531531650412751430871
156107378575051075205615564836763489053344114003597635077914888702823862800929596631
156107327916012033879780067024457547752384428197979343860168121440130859338935379159
275627040416715073426532709768312835373606605289892213752712345347283106477485139159
327380780013812505475492066532515997979120416530510894153090431813955236330173418806256855
275626989757676032100697211956006894072646919484273922534965578084590103015490921687
327380780013761846436450740697018185673179115570825088534799214067187973637169956812039383
381866644142231549340769787173112142978693857689319511385677301979493427650656543959
275626939098636990774861714143700952771687233678655631317218810821897099553496704215
275626932766257110609132276917162710109067272952953344915000464914060474120747427031
327380780013704855017529249132083146828995151991178557214221594102074803107541062068544727
155870229252365686450942474579610173222613161258587331000266440424459453099584070871
326883337257683094202931951086109553428209343710080638107707872797199023364710135038026967
155873883940182239243360531038824509934704780092478340280568935804454702857738331351
155870641761683594389888671051244266673284888532907702344775830992102481290108413143
262109883636921203691015049796715422128660099463632919850978164319362777734749693143
275419432550796354966217058058709861045366718049719731223964463685038715613339002071
275393495122807196138442178158067914954007585573154627737619625186220943072299656407
275390252944308551284970318170487671692587694013583989801826520373868721504669738199
381629494819546160586096696915958827147962904944309207308028853701129017949311018199
275389789775951602020188623886547636940956280933645327239570362543532689852151178455
153972984011843535087722254710077705275805853492886607161332086934851172026825647319
131316112355995713005334078225354662898681897994317685416857251630683951539415
155870230142856182480088169067015347591556472676456105240553740303732401169203012823
155870179483817141154252671254709406290596786870837814022806973041039397707208795351
155870122492398219662687736215865222327017140339517236402841859870509768812465300695
74310558233366760988035990895379652283464774435737690697007732574797005661399
74437826374499200649838890761895912465544440410949776911164248548966253798615
74437802218386986882865634740250394495955356832068374314811305480131470501079
74437778062274773115892378718604876526366273253186971718458362411296687203543
131429242276476738864006077943153802365877125541209566699790660294256649381079
156107320792136377028543711723270702508529654563832849149514151907440522417062618327
131429218120364525097032821921508284396288041962328164103437717225421866083543
156107320792112220916329944750014680863011684974749270268111555554497453582279320791
131429193964252311330059565899862766426698958383446761507084774156587082786007
156107320792088064804116177776758659217493715385665691386708959201554384747496023255
182088208849465933060898615819518208142915493095783105677994524091214293705943
131429190944738284609187908897157076680500322936086586182540656272982734873815
156107320792085045290089456905101656511803969187030244026533634657436501143148111063
131429166788626070842214652875511558710911239357205183586187713204147951576279
131429163769112044121342995872805868964712603909845008261643595320543603664087
156107321583683484610006551267630857503145931379716204029769529577905365145612788951
156107264592264563118441616228786673539566284848395626409804416407375736250869294295
155870121601959054529497963198171600371455292829087608734374314036847951982273045719
74324744765400103991764945593804464716058016563269540057732333133028634731735
156107372242698369823628282106680777158587647596250916366113700487655299772823708887
156107321583659328497792784294374835857627961790632625148366933224962296310829491415
156107264592240407006227849255530651894048315259312047528401820054432667416085996759
155870121601934898417284196224915578725937323240004029852971717683904883147489748183
74338855385806117299428355952164890094595552855563142413044362913804192392407
74324720609287890224791689572158946746468932984388137461379390064193851434199
83500209823405579817507693964588457301806175072848494656470337011249467733791
156107372242674213711414515133424755513069678007167337484711104134712230938040411351
156107321583635172385579017321118814212109992201549046266964336872019227476046193879
156107264592216250894014082282274630248530345670228468646999223701489598581302699223
155870121601910742305070429251659557080419353650920450971569121330961814312706450647
124983735494501511955630739491814388462685467696724481632289139998821062354135
275626989757700187370412645580805422134820667603994042865207411233140281815786398935
327380780013761846460606010412451810471707177744573208254919544309021122187348757107516631
381866644142255704610485220797910671040867605809039631715919135128043606450952021207
275626939098661146044577147768499480833860981798375751647460643970447278353792181463
275626932766281265878847710541961238171241021072673465245242298062610652921042904279
327380780013704855041684518847516771627523214164926676934341924343907951657719862364021975
326883337257683094227087220801543178226737405883828757827828203039032171914888935333504215
155873883940206394513075964663623037996878528212198460610810768953004881658033808599
275419432550820510235932491683508389107540466169439851554206296833588894413634479319
275393495122831351408157611782866443016181333692874748067861458334771121872595133655
275389789775975757289904057511346165003130029053365447569812195692082868652446655703
153972984011867690357437688334876233337979601612606727491573920083401350827121124567
131316136511265428438958876753416836646801618114647927250005801809484247016663
275626989757676031258198878607549400489302698014910463983804814880197212981003101399
327380780013761846436449898198684837215685532226603619171340662906424769244279922324219095
381866644142231548498271453824654649395349636219956052834516538775100537616168723671
275626939098636989932363380795243459188343012209292172766058047617504209519008883927
275626932766257109766633943568705216525723051483589886363839701709667584086259606743
327380780013704855017528406633749798371501568646957087850763042941311598714651027580724439
155870229252365685608444141231152679639268939789223872449105677220066563065096250583
326883337257683094202931108587776204970715760365859168744249321636435818971820100550206679
155899821368171397228637077591008962442719691099679985215753011098879585364289856727
155873883940182238400862197690367016351360558623114881729408172600061812823250511063
262109883636921202848516716448257928545315877994269461299817401114969887700261872855
275419432550796354123718724710252367462022496580356272672803700480645825578851181783
275393495122807195295943844809610421370663364103791169186458861981828053037811836119
381629494819546159743598363567501333564618683474945748756868090496736127914823197911
275389789775951601177690290538090143357612059464281868688409599339139799817663358167
153972984011843534245223921361620211692461632023523148610171323730458281992337827031
131330247131671441746622287111777262025339154406941529605317831590259804677335
131316112355153214671985620731771318677212534535766524653652858740649463719127
381866637809827512220328249624860385087211705905170187550895596514320843348636148951
155870229252341529496230374257896657993750970200140293567703080867123494230312953047
262109883636897046736302949475001906899797908405185882418414804762026818865478575319
181989262016885063477461337031432703741555689119277873776227581524887015597271
131330222975559227979649031090131744055750070828060127008964888521425021379799
181975127240366836402824670651426760393429069248102868824562608675276674639063
131316088199041000905012364710125800707623450956885122057299915671814680421591
275626932766229934140393455723792192174515335695870860122261780812606631647128397015
275389897426382388368850235544327244270943676013501711284543558875301479735269860567
155870229252338509982203653386239655288061224001504846207527756323005610625965040855
577534248408215561822068135413286063468321309160006630615216924412667308405184482687657175
275389846767343347043014737732021302969983990207883420066796791612608476273275643095
262109883636894027222276228603344904194108162206550435058239480217908935261130663127
275393495122780019669703356964697397019455648316072142944880941084767100598680626391
381629494819518984117357875722588309213410967687226722515290169599675175475691988183
275389789775924425551449802693177119006404343676562842446831678442078847378532148439
131316085179526974184140707707420110961424815509524946732755797788210332509399
155870121601907345351790368271045429036518389177455572691371881218829195257815049431
124983732097548231894650125363770487498212002818444284392177007379766170952919
81547587965968738635633975986484820272413868597670467782622381754091871741143
90723077180086428228349980378914330827751110686130824977713328701147488040735
131302001310128041356699633607405405678115815133687897643326812382492044633303
74310582388636476421660789423441826031584494556067932530156282753597301138647
83486071602754166014376793815871336586921736644528289725247229700652917438239
277260989938026206276575190033253773943033281857295510418262578882691098610783298775
383496989634765170724229708791144686136988601228450089988671807397599173487794660567
277257284591170612158321635761733495929981977217786209920213316240002845390634820823
171017579547576053592413562732322305722975353207122329851754825082406517293474981079
263977321460721292337583126633057097154106149216453224911656004845303304378489840855
157737616417126733771675053603645906947099525205789344843197513687706976281330001111
155844184173918139344108820856783842277882854416536790340024303274009580785457767639
381599852044700982178409921772762343454720625799688234987449334341213524771773949143
275360147001106423612501848743351153247714001789024354918990843183617196674614109399
262080183870657103791763339614674754471838173787691369910433531788917655662469129431
155840478827062545225855266585263564264831549777027489841975040631321327565309289687
153943341236998356680035479566881221582563574348265634840752567574935678849288578263
132208369698247138750802609203641004907146230793903687572490253294920375280855
81549330656921303252990303262340045221340612502685940805227560291458381063383
75216950776755573815763765019677425260614910216283722459319723666025631786199
74312545935472138337058314611484643845325716896570515005131226491738972038359
182865641892508195864285331847441221674436021601224558720794824692181076878551
132206602851182360366473025906140261988630403310006811953532131688719082661079
125874222971016630929246487663477642027904701023604593607624295063286333383895
75215183929690795431434181722176682342099082732386846840361602059824339166423
124971364120914876536829422640598010666316856752301152320024154294425804678359
181961016195341663087538683527060847394332349846024241814236562317119255553239
131301977154015827589726377585759887708526731554806495046973869313657261335767
74310558232524262654687533401796308061995410977186529933803339684762517841111
189199761444112463197996540363253376837889832345282074764763721971375987565783
138540722402786627700184234421952417152084214054064327997501028967913993348311
155870178580931114583759457644273865476413488025911057926627001339444786373061059799
131305483672519143870540631156410165829770667496358668363993051573620715365591
131303937681337462784252245771097015776069318447948902197404695168194584323287
239857033638373520311479263007053593605179623152602945913068293368636689163479
189197994597047684813666957065752633919374004861385199145805600365174694946007
138538955555721849315854651124451674233568386570167452378542907361712700728535
155870229238203308844816571126996509276630255315701865247498149644016183633762657495
155870178579164267518981073314690567975670569510083574029751382381323180171768440023
181962755866780200984023353800210382597060458303679539512297622970881416963287
131303716825454365486211047858909422911254840012461792745034929967419422745815
181960989019715422599693770502709639678544630819782663893339501364680124343511
131301949978389587101881464561408679992739012528564917126076808361218130126039
80642910937063751604069158620107720306933394237347170358814115357756135908567
73407672206796267774425555354565468984619847679641510725306137963462857925847
124064944401057324887908277998365685751909638486962381873610709360723559523543
73405905359731489390095972057064726066104020195744635106348016357261565306071
74324717159257215162858253348364359829425570217384812139390505372966227354839
131316084749010325843078928486331213790580088189881796735311030980587056342231
124983732043628338560348845774436457324172741471169995547095862417558950454487
74324693002302503062536539833135497638367123179952248779833169414096956237015
62609648899923901871753174671447899967355733953937669007586764069086423
327380660497798229467481349415063709079288995366882735785792058880865424295061694945240279
327380660494556050968836495943203721499045733946991176215154123087760611942840127315322071
327380766733797926206445797069582466970201189322202106940371629290093939203136571956602071
156107320793851468591161703207892725939391672492015614881729992892559741533475644631
327380780014167233593793391024850840742450753249796656891441580138449993709080341876647127
327380795187099438894758374547898432340879446710882367538318529612813971769985197375300823
327380886253409108831402692151229586213606208625007587616659086340783320969376786517927127
327380780013704065236844126243156556802416001618383576952779017882292163373048689358087383
323409845278326500972006359459027126069649939156908991774475236300983290718220133882995927
323402074602757598055722681611399831994023369529552783216390229051344335101079313049003223
154210126212368358553776981150666199293544050531933182260542406665644463922711438551
327380660494556049422845314262117433113660420796937474866105713321594023586434701184279767
327380797083830850474927965469839917241986027777037546333040178778075779992825729489904855
327380766733797924660454615388496178584815876172148405591323219523927350846731145825559767
156107320792305477409480616919507340626241618790666566471963826304203336107344602327
327380886253409107285411510470143297828220895474953886267610676574616732612971360386884823
327380780013704063690852944562070268417030688468329875603730608116125575016643263227045079
323403045937203709374266959661266955368091377582918607937102445191382616196816489522210007
323402074602757596509731499930313543608638056379499081867341819285177746744673886917960919
154210126210822367372095894862280813980393996830584133850776240077288058496580396247
156107328027323351793867148521912693980900076289734688690514007442415529625461007575
156107371451123662852218816690615369739608439781806422202601141197131138794177242327
327380766733797924439598732291198137386903688579283591112887732414474981081530370663982295
156107320792084621526383318878309428438648753976188130984854373934438135332183024855
262346975176640138766455894095414677344695692181233719835566097829341459967348647127
323402074602808255327916942668513314716667169746320073007197549922492639672476573750600919
154210176869640552814834094633388843093760817821723989581413554970215861183413036247
154210126210601511488998596821082901792801132016105698363666787707522857721418818775
73533145902316480759375624164739967538654488490224624902088865903215204967639
327380916603499816038738307338773774776705654068050586494233894471335105692585128213685463
327380795187157220287620639654098882246808740549036225674176378489217327347098955406714071
327380886253466890224264957257430036119535502463161445752516935217186676546490544549340375
327380780013761846629706391349357006708345295456537435088636866758695518950162447389500631
323409845278384282364868624565227575975579232995062849910333085177386646295333891914409175
323402074602815379448584946717600281899952663367706641352248077927747690678193071080416471
154210183993761220818883181600572128587382204390069040109418810021221577680742851799
156107385810262205240654435260204008587888283849219594949156577386349048809623463127
156107335151223163914818937447898067286928598043601303731409810123656045347629245655
327380886253474125242139341643961638524888857121618944820639153767367814758684062665745623
327380780013769081647580775735888609113698650114994934156759085308876657162355965505905879
323409845278391517382743008951759178380932587653520348978455303727567784507527410030814423
323402074602822614466459331104131884305306018026164140420370296477928828890386589196821719
260449896272373653769177786232388672149047285899801042396427482317030099296019096791
156107327928352363100783798111377884249877705340847133303879509322529894463399601367
156107378575023474973170605616600743045636961535673037243496943878371654516345480407
156107327915984433647335107804294801744677275730054746025750176615678651054351262935
327380780013812505447891834087556777816374408823358426228492597396010411877965134222140631
323409845278434941183054067303427347083608346361883841050188815814701539223136578747049175
323402074602866038266770389455800053007981776734527632492103808565062583605995757913056471
154210234652579406261621381371680157700749025381208895840056124914149380367575491799
327380780013761846408850508252058965510433107863672620610201379649243149184961672227923159
323409845278384282144012741467929534777667045402198035431897598067934276530133116752831703
323402074602815379227729063620302240702040475774841826873812590818295320912992295918838999
154447326192298388504013356936672009235072836504185836497462166783504582995083863255
154210183993540364935785883559374216399789339575590604622309357651456376905581274327
260449838378095882175858458776479465305836277780636193473021081546359701540746896599
154210133334501323609950385747068275098829653769972313404562590388763373443587056855
275419432550768754733772098838547115037659565581795133389546518860586507328754885847
275393495122779595905997218937905168946300433105230029903201680361768734787715540183
275390252944280951052525358950324925684880541545659391967408575549416513220085621975
396802890193176474601956479571334544585348251266970148985341430685073746172744115415
381629494819518560353651737695796081140255752476384609473610908876676809664726901975
275389789775924001787743664666384890933249128465720729405152417719080481567567062231
169150084732329443221835591636973700726242504455056849336693926561484153470407222487
154002626786660687801305729662077183372509138141036413311308243251904989503429354711
260216394402266087539438922790846427488156629675135189893421895910683545059549848791
153976689358671528973530849761435237281150005664471309824963404753087216962390009047
153973447180172884120058989773854994019730114104900671889170299940734995394760090839
260212689055410493421185368519326149475105325035625889395372633267995291839401370839
153972984011815934855277295489914959268098701024962009326914142110398963742241531095
154210126111630522795915246410548092061778761067218142977032289587637222559357412567
154210126099262593342466556103465009556578331456425755698902956880785979150309074135
154210126097716602160785469815079624243428277755076707289136790292429573724178031831
154210176756534787603523669586187653356795098746216563019774105185357376411010671831
73420040137105170334328422975003001819578981063662985452304007418442802603223
327380766733863055502091037589399845384454501765473939480316538981008044241949065168364759
156107385923147113831681520586306979251834944324555559791420906997598554026687407319
327380886253474238127047932671046964627859521068279420156603996031697426008189279729689815
327380780013769194532489366762973935216669314061655409492723927573206268411861182569850071
323402074602822727351367922131217210408276681972824615756335138742258440139891806260765911
154210191341664003794296798529080452605987322364473127170233320770683276415923201239
156107371451123662115032775010715062854182245996113395970335473393287360014000399575
327380766733797924439597995105156457486596803153089805419861500148807177237751590487139543
156107320792084620789197277198409121553222560190495104752588706130594356552006182103
262346975176640138029269852415514370459269498395540693603300430025497681187171804375
323402074602808255327916205482471634816360284320126287314171317656824835828697793573758167
154210176869640552077648052953488536208334624036030963349147887166372082403236193495
397039569223605101233710044938662145472993075392482149227572250648017829719226000599
154210126210601510751812555141182594907374938230412672131401119903679078941241976023
73533145901579294717695723857854541344868795463992359234285022124435028124887
323403045937326623154756828649457360459044610164451701311002023291033253525553593027470551
323403045937268728876985235330129904549837766953443582146153099884632482855155837755270359
156107378575023474235984563936700436160210767749980011011231276074527875736168637655
156107327915984432910149066124394494859251081944361719793484508811834872274174420183
327380780013812505447891096901515097916067523397164640535466365130342608034186354045297879
323403045937312151131305112000711784867128212511753372868838202205599649214359580340462807
323402074602866038266769652269758373107674891308333846799077576299394779762216977736213719
154210234652579405524435339691779850815322831595515869607790457110305601587398649047
327380780013761846408849771066017285610126222437478834917175147383575345341182892051080407
323403045937261492092263786165213972561186911552067567250546984458832386521356118346245335
323402074602815379227728326434260560801733590348648041180786358552627517069213515741996247
154447326192298387766827315256771702349646642718492810265196498979660804214907020503
154210183993540364198599841879473909514363145789897578390043689847612598125404431575
260449838378095881438672417096579158420410083994943167240755413742515922760570053847
275419432550768753996586057158646808152233371796102107157280851056742728548578043095
275393495122779595168811177258004862060874239319537003670936012557924956007538697431
275390252944280950315339317270424618799454347759966365735142907745572734439908779223
518219232788927591532455112783964134613441071842097180269057880659575453565374244055
411979527745333032966547039754552944406434447831433300200599389501979125468214404311
396806132371675118718242297879014480961341949040847760688868867693582188960197190871
290563185149581915298862364862023047492915433470613242684617271723633639295407432919
381629494819518559616465696015895774254829558690691583241345241072833030884550059223
275389789775924001050557622986484584047822934680027703172886749915236702787390219479
169150084732329442484649549957073393840816310669363823104428258757640374690230379735
154002626786660687064119687982176876487082944355343387079042575448061210723252511959
153976689358671528236344808081534930395723811878778283592697736949243438182213166295
260213152223767441948781021123365877341310544329871525725363123294487544711743087831
153973447180172883382872948093954687134303920319207645656904632136891216614583248087
290562721981224966034080670578083012741284020390674580122361113893297607642888873175
260212689055410492683999326839425842589679131249932863163106965464151513059224528087
153972984011815934118091253810014652382672507239268983094648474306555184962064688343
154210126097716601423599428135179317358002083969383681056871122488585794944001189079
154210191228558238582986373481879262869021603288965700608593870985824791643520836823
154210176756534786866337627906287346471368904960523536787508437381513597630833829079
73420040136367984292648522668117575625793288037430719784500163639662625760471
73533118301333894222228234067497846008521893327965756658373944594614035490007
156107371451127112040395545275594099950851135355805730654765699981622939987313501399
156107320792088070714560047463288158649891449550187439437018932718929936525319283927
260453536601055113361336952706993100224101756240278187382339100292299240231863395543
154210126210604960677175325406061632004043827590105006815831346492014658914555077847
73533149351504657487960602894951210234228487798676789460873357704408341226711
156107314459731916144396036148226716543892287568841412273053185719269572304077137111
74437798774266755690618728015888205313076515813115358966339796340681669682391
156107314459707760032182269174970694898374317979757833391650589366326503469293839575
74437774618154541923645471994242687343487432234233956369986853271846886384855
125096789503368163654484521913898129059703966946570300540896603206474097304791
156107320792108776796098752503107956500822502095908251315096207082988314132478502103
262346975176664294036171327720213205406869440300953840165807930977891638767644124375
154210126210625666758714030445881429854974880135825818693908620856073036521714296023
73533170057586196193000422692802141286774208610554866735237416082015500444887
327380766733797924439597889792864788929410105235062121749429181253711776688640336176162007
156107320792084620683884985529851934855304532506824672433693610730045245297695204567
262346975176640137923957560746957183761351470711870261284405334624948569932860826839
323402074602808255327916100170179966259173586402098603643738998761729435279586539262780631
154447319068398575540563234662229142345700093280955762905405600897871177238427804887
154210176869640551972335761284931349510416596352360531030252791765822971148925215959
154210126210601510646500263472625408209456910546742239812506024503129967686930998487
73646224113619799023120497711204170102198084001073503752204255810063444813015
73533145901473982426027166671156623317185125031673464138884473013180717147351
260449881913210954426030067341086518071905250773940832217308686570476230411301758167
154210176869616395860121994311675327864898626763276952148850195412879902314141918423
124305238998833420753959547630859611818414618713409847923114005744690655732951
124192160786687604156866216590812065033401659744009808309794222947807928067287
73533121745361768659053910649511105347596041452792061542531529944345933849815
275419432550792910003487532463345643099833313701515253719788352009136686129050363095
275393495122803751175712652562703697008474181224950150233443513510318913588011017431
275390252944305106322240792575123453747054289665379512297650408697966692020381099223
275389789775948157057459098291183418995422876585440849735394250867630660367862539479
169150084732353598491551025261772228788416252574776969666935759710034332270702699735
323402074365615397527454252827147796041311406257951395965337625664912928405757932874573015
154002626786684843071021163286875711434682886260756533641550076400455168303724831959
153976689358695684243246283386233765343323753784191430155205237901637395762685486295
153973447180197039389774423398653522081903862224620792219412133089285174195055568087
153972984011840090124992729114713487330272449144682129657155975258949142542537008343
154210126099286748612181989728263537618752079576145876029144790029336157950604551383
154210126097740757430500903439878152305602025874796827619378623440979752524473509079
80657069869707147981926408066108169808528075225595762537918656597737668682967
73420064292374885767953221503065175567698701183993227285452557597243098080471
181989258572764832285214430307070514558676848100324858427756072385437214778583
131330219531438996787402124365769554872871229809107111660493379381975220561111
131317851601985548097095041283264354443260437421828982327786528138566172222679
131316305610803867010806655897951204389559088373419216161198171733140041180375
189210362526514089040221367192606822532863774786855513109599076930120151803095
181975123796246605210577763927064571210550228229149853476091099535826873820375
131316084754920769712765457985763611524744609937932106708828406532364879602903
80657045713594934214953152044462651838938991646714359941565713528902885385431
154210126097495745435189838425424218472491191471234813250866574718271482914528634071
73434174912780899075616631861425600946236237476286829640764587378018655741143
73421806983327450385309548778920400516625445089008700308057736134609607402711
73420260992145769299021163393607250462924096040598934141469379729183476360407
124079079177588507498792271422720617283915235896329571456362307531870309000407
73420040136262672000979965481419657598109617605111824689099614528408314782935
73533142457340795697532932902445445950427306474528264159326338552194507810007
73533118295331093597120474425716518430552678685788736220542645253118309770455
73533118294593907555440574118831092236766985659556470552738801474338132927703
73533142450600809030745272953778692178672398806118978053691195431918605247703
35009416454964681709007166964295432042757899535992844555378479484970199
156107371451127112028877013374345657655766351077904277119886548922187880943873238231
156107320792088070703041515562039716354806665272285985902139781659494877481879020759
260453536601055113349818420805744657929016971962376733847459949232864181188423132375
124192188392818974453871660393957085135756204636359657077076615648826895181015
74437822930367450925690735595238638498387697938461882411633304350473012716759
156107314459731916132877504246978274248807503290939958738174034659834513260636873943
74437798774255237158717479573593120528798614359580479815280361281638229419223
156107314459707760020663737273722252603289533701856379856771438306891444425853576407
74437774618143023391744223551947602559209530780699077218927418212803446121687
125096789503356645122583273471603044275426065493035421389837168147430657041623
156107371451147818110415718414165455506697403623625088997963823286246258551032456407
327380766733797924463753990488099860936989455668247432931554527777157070196650127519196375
156107320792108776784580220601859514205737717818006797780217056023553255089038238935
262346975176664294024652795818964763111784656023052386630928779918456579724203861207
323402074602808255352072200865415038266752936835283914825864345285174728787596330605814999
154210640038021657337812690640878963612481194743481318939032394889667012592786810071
154210126210625666747195498544632987559890095857924365159029469796637977478274032855
73533170057574677661099174250507056502496307157019987584177981022972060181719
327380766733797924439597878274332887680967810150277843847975646374560717253581292735898839
156107320792084620672366453628603492560219748228923218898814459670610186254254941399
262346975176640137912439028845708741466266686433968807749526183565513510889420563671
546202884514392671013527335821423801375735646874526103155613325530713830506142448061326551
323402074602808255327916088651648065010731291317314325742285463882578375844527495822517463
154447319068398575529044702760980700050615309003054309370526449838436118194987541719
154210640037997501225598923667622941966963225154397740057629798536723943758003512535
260686973452954092769117277978085948956662247208099898221238173733339442830153163991
260479474029040822146918238772950380225789187395579070330479465742797262501838398679
260453536601051663319143358872308434134430054919013966844134627243979489960799053015
260450294422553018465671498884728190873010163359443328908341522431627268393169134807
154210126210601510634981731571376965914372126268840786277626873443694908643490735319
73646224113608280491219249268909085317920182547538624601144820751020004549847
73533145901462463894125918228861538532907223578138584987825037954137276884183
260449881913210954414511535439838075776820466496039378682429535511041171367861494999
124305238998821902222058299188564527034136717259874968772054570685647215469783
241018107963611175650532122666211030136797939247772998234258957468176841815839
124192160786676085624964968148516980249123758290474929158734787888764487804119
73533121745350250127152662207216020563318139999257182391472094885302493586647
275419432550792909991969000562097200804748529423613800184909200949701627085610099927
275393495122803751164194120661455254713389396947048696698564362450883854544570754263
275390252944305106310722260673875011451969505387478058762771257638531632976940836055
381629494819542715611848639419346166907344716318203276268973590965791929421582116055
275389789775948157045940566389934976700338092307539396200515099808195601324422276311
169150084732353598480032493360523786493331468296875516132056608650599273227262436567
260242331830279401625410704415038459346604725993518960175129416498616437357444408535
154002626786684843059502631385627269139598101982855080106670925341020109260284568791
260216394402290242797635824514396513255245593516953856688784577999798664816405062871
153976689358695684231727751484985323048238969506289976620326086842202336719245223127
260213152223791597944163964526816269993825701957383218752991473187446443248775144663
153973447180197039378255891497405079786819077946719338684532982029850115151615304919
260212689055434648679382270242876235242194288877444556190735315357110411596256584919
153972984011840090113474197213465045035187664866780676122276824199514083499096745175
80671204646213856524661826003819028372376793643235888338524194388304569378007
154210126099286748600663457827015095323667295298244422494265638969901098907164288215
80657290725578726748066357536000677889064652207547992839228986739469389997271
260449831141335315984890444568040900217523865607559254152957963539141021578193085655
138551347641288948777481068830656296032369338620984289787629891936449500619991
80657069869695629450025159623813085024250173772060883386859221538694228419799
73420064292363367236051973060770090783420799730458348134393122538199657817303
181989258572753313753313181864775429774398946646789979276696637326393774515415
131330219531427478255500875923474470088593328355572232509433944322931780297943
154210176770669563267733878973148097484309441125571522108739142586502276943423546583
181976890643299865063006098782270229344788154259511849943989786082984726176983
131317851601974029565193792840969269658982535968294103176727093079522731959511
154210176758301633814285188666065014979109011514779134830609809879651033534375208151
124094980801159994425857272657932218766279781797866572875925966928638502315223
181975344652118183976717713396957079291086805211102083777401429677558595134679
131316305610792348478905407455656119605281186919884337010138736674096600917207
154210176756755642632604102377679629665958957813430086420843643291294628108244165847
124093434809978313339568887272619068712578432749456806709337610523212371272919
124081066880524864649261804190113868282967640362178677376630759279803322934487
189210362526502570508320118750311737748585873333320633958539641871076711539927
181975123796235086678676515484769486426272326775614974325031664476783433557207
131316084754909251180864209543468526740466708484397227557768971473321439339735
80657045713583415683051903602167567054661090193179480790506278469859445122263
73434174912769380543715383419130516161958336022751950489705152318975215477975
73421806983315931853408300336625315732347543635473821156998301075566167139543
73420260992134250767119914951312165678646194587064054990409944670140036097239
124079079177576988966891022980425532499637334442794692305302872472826868737239
73420040136251153469078717039124572813831716151576945538040179469364874519767
73533118295319575065219225983421433646274777232253857069483210194074869507287
73533142450589290498844024511483607394394497352584098902631760372875164984535
35009404936432780460564871879511154141304364656841785120319436044707031
156107320792088070701601699074383661067921067237548304210279887777065495101448987863
156107372242674219608900036431049757363497029859049950308282032710223341291993375959
156107321583635178283064538618743816062537344053431659090535265447530337829999158487
124983735500398997476928364493664815814537350309548052560864651109175015318743
74437822930366011109203079539951752900352960256770022517750874968092582683863
74437798774253797342229823518306234930763876677888619921397931899257799386327
74437774618141583575256567496660716961174793099007217325044988830423016088791
156107320792084620670926637140947437273334150194185537206954565788180803873824908503
131429163344492881301578841653567399145719759203025429192774339623274280461527
74324717165154700684155878350214787181277452830208383067966016483320180319447
155870121601907298171880888615848335136259788459440296791814727917588233439035335895
131317851601972589748706136785682384060947798286602243282844663697142301926615
131316305610790908662417751400369234007246449238192477116256307291716170884311
189210362526501130691832462695024852150551135651628774064657212488696281507031
181975123796233646862188859429482600828237589093923114431149235094403003524311
131316084754907811364376553488181641142431970802705367663886542090941009306839
73420040136249713652591060983837687215796978469885085644157750086984444486871
154213831557488155027668552562590570017101799040242321625826342526699368634577921239
154213831557463998915454785589334548371583829451158742744423746173756299799794623703
154213831557460979401428064717677545665894083252523295384248421629638416195446711511
156107429234093565719422504898894074557846009725918651225354003317552915671350322391
156107378575054524393587007086588133256886323920300360007607236054859912209356104919
156107327916015483067751509274282191955926638114682068789860468792166908747361887447
327380780013812505478941254503958247803764620072720810855815361506302588366222827232765143
323409845278434941214103487719828817070998557611246225677511579924993715711394271757673687
323402074602866038297819809872201522995371987983890017119426572675354760094253450923680983
154447376851368479250265256218965340747281884694431450479319226222685844150088705239
327380780013761846439899928668460435497823319113035005237524143759535325673219365238547671
323409845278384282175062161884331004765057256651560420059220362178226453018390809763456215
154447326192329437924429758406659399446322198888813159261572458959992840688094487767
260449889037165972922110358058772796818045325970881807454878140985540962695751738583
260449838378126931596274860246466855517085640165263516237131373722847959233757521111
381659137594394362720096573337945695455915551977086336222115302194671093118925350103
275419432550799804154188500308534505248908927966422456153656811037074765021765510359
381633200166405203892321693437303749364556419500521232735770463695853320577886004439
275393495122810645326413620407892559157549795489857352667311972538256992480726164695
381629957987906559038849833449723506103136527940950594799977358883501099010256086231
275390252944312000472941760420312315896129903930286714731518867725904770913096246487
381629494819549609774068139165783471351505114861011932237721201053165067357737526487
275389789775955051208160066136372281144498490850348052169262709895568739260577686743
260216394402297136959855324260833817699405992059762512657532188087171802752560473303
153976689358702578393947251231422627492399368049098632589073696929575474655400633559
260212689055441542841601769989313539686354687420253212159482925444483549532411995351
153972984011846984275693696959902349479348063409589332091024434286887221435252155607
260449831142888201328791030602863589974834317851716958531471740214870564940479538391
124093245004369649308247382686521154215895846548819847463408161529208148403415
240905057404786512259177870824209260755443407634942911587267358259010161456927
124079110227851422233610716306515210867769226677644842511743188679597807445207
73420071186525586735798410365214251181963608386427095744480495676135813227735
66184832456258102906154807099671999859650061828721436110972518281842535245015
74437826374498995363503736675888211979887143827427304699731792797181544047831
74437802218386781596530480654242694010298060248545902103378849728346760750295
74437778062274567829557224632597176040708976669664499507025906659511977452759
156107371451151262241960156227166536156270885123070977963386111384734705259563787479
156107320792112220916124658414860594855311199317452686745639344122041701797569570007
154213831557484704996993490629154346222514881996879554622501020537814677406953841879
154210126210629110878739936357634068209463577357370254124451757895126424186805363927
73533173501706222098912175331156629983995753045985409872276469469680591512791
156107371451127106129746389253910514510752915533987399081983515031791636424780489943
156107320792088064803910891441604573209793229728369107864236747769098632962786272471
154213831557460548884779723655898324576996912407795975741098424184871608572170544343
154210126210604954766526169384378046563945607768286675243049161542183355352022066391
73533149345594008331938919309511112014406669467104007275923526400845808215255
124192164230807630062777969229166553730623204179440351446833276335473019135191
156107371451124086615719668382253511805063169335351951721808190487673752820432577751
156107320792085045289884170569947570504103483529733660504061423224980749358438360279
154213831557457529370753002784241321871307166209160528380923099640753724967822632151
154210126210601935252499448512721043858255861569651227882873836998065471747674154199
73533146326079981611067262306805422268208034019743831951379408517241460303063
124192161211293603341906312226460863984424568732080176122289158451868671222999
131429163769111838835007841786798168479055307326322536050211139568758893913303
327380780013761846460606010207165475317621170044087550958336021836809689731596972397765847
323409845278384282195768243423036044584855107582612965780032240255500817076768416922674391
323402074602815379279484565575408750509228537955256757221947233005861861459627596088681687
154447326192350144005968463446479197297253251434533971139649733324051218295253705943
154210183993592120437740990069181404461969754505938739264496924192003012205751117015
260449838378147637677813565286286653368016692710984328115208648086906336840916739287
154210133334553079111905492256875463161010068700320448046750156929310008743756899543
275393495122831351407952325447712357008480848035578164545389246902315370087885382871
169153790079236792842044252418301166801474224024914284476930755744719041990725543127
323409845044889647326932281168002246645875988943279054660737442909547918707608473731409111
323402074369320744410648603320374952570249419315922846102652435659908963090467652897416407
154006332133568037421514390443404649447740857710893848451545072435139878023747675351
153980394705578878593739510542762703356381725234328744965200233936322105482708329687
275390252944332706554480465460132113747060956476007526609596142089963148520255464663
153977152527080233740267650555182460094961833674758107029407129123969883915078411479
275389789775975757289698771176192078995429543396068864047339984259627116867736904919
169150084732381198723790698146780888788422919385404983978881493102030788770577065175
323402074365615397555054485066820681049971406264618206593351937610646320402214432748938455
154002626786712443303260836171884371434689553071384547953495809792451624803599197399
153976689358723284475485956271242425343330420594819444467150971293633852262559851735
153973447180224639622014096283662182081910529035248806531357866481281630694929933527
153972984011867690357232401999722147330279115955310143969101708650945599042411373783
171321947325024436894409723296452415581209053086356404478327867809159783380463499039
171318241978168842776156169024932137568157748446847103980278605166471530160315021087
154210126099314348844421662613272197618758746386773890341090523421332614450478916823
154210126097768357662740576324886812305608692685424841931324356832976209024347874519
73420091892607125440838230163065182234509329198305173018844554053742972445911
327380780013761846436449897993398502061599524526117961874757140434213336788528137614468311
323409845278384282171612131209269071328833462064643376696453358852904464133699582139376855
323402074602815379255328453361641777253206892437287168138368351603265508516558761305384151
154447326192325987893754696473223175651735281845450392258247136971108149460470408407
154210183993567964325527223095925382816451784916855160383094327839059943370967819479
260449838378123481565599798313030631722498723121900749233806051733963268006133441751
154210133334528922999691725283619441515492099111236869165347560576366939908973602007
275393495122807195295738558474456335362962878446494585663986650549372301253102085335
275390252944308550442266698486876092101542986886923947728193545737020079685472167127
396802890193204073991697819107885711002010696608234704746126400872677312638130660567
381629494819546159743393077232347247556918197817649165234395879064280376130113447127
275389789775951601177485004202936057349911573806985285165937387906684048032953607383
169150084732357042611576931173524867142904949796321405097478896749087719935793767639
154002626786688287191047069198628349789171583482300969072093213439508555968815899863
260216394402293686929180262327397593904819075016399745654206866098287111524936393943
153976689358699128363272189297986403697812451005735865585748374940690783427776554199
153973447180200483509800329310406160436392559446165227649955270128338561860146635991
260212689055438092810926708055877315891767770376890445156157603455598858304787915991
153972984011843534245018635026466125684761146366226565087699112298002530207628076247
154210126111658122185656585947099258478441206408482698737817259775240789024743957719
154210126099290192732207895640016175973240776797690311459687927068389545615695619287
154210126097744201550526809351630790660090723096341263049921760480033140189564576983
154210176756562386993265009122738819773457544087481118780559075372960942876397216983
73434202513013138748501640521425607613046865490598775374156583834518530106583
73420067736494911673864974141419664264920245619423770422491610984908189148375
154210176756538230881051242149482798127939574498397539899156479020017874041613919447
124093217398226760479340690441081049329263400202935119545066333769145741026519
73434178356900924981528384499780089643457781911717372777803640765683746809047
240905029798643623430271178578769155868810961289058183668925530498947754080031
124079082621708533404704024061075105981136780331760114593401360919535400068311
73420043580382697906891718119774146295331162040542367826138667916073405850839
189210362951120088225261462828255621483886683774925880922094012434180894958807
131316085179526768897805553621412410475767518926002474521323342036425622758615
189199761444112257911661386277245676352232535761759602553331266219591277814999
138540722402786422413849080335944716666426917470541855786068573216129283597527
154213889328028028744931591592872787967607323598669937576411681863819423361075324119
154210183981172434626678037321352509954556018959160637078362419221131170140926846167
275390252931913020743417512712303219239647220929229424423461637119091306455431193815
396802890180808544292848633333312838140114930650540181441394492254748539408089687255
381629494807150630044543891457774374695022431859954641929663970446351602900072473815
275389789763556071478635818428363184488015807849290761861205479288755274802912634071
260212689043042563112077522281304443029872004419195921851425694837670085074746942679
131305483672518938584205477070402465344113370912836196152560595821836005614807
189198215452930576825373000891932526298531186713349836386742909814165146772695
138539176411604741327560694950631566612725568422132089619480216810703152555223
154210183979626443444996951032967124641405965257811588668596252632774764714795803863
131303937681337257497917091685089315290412021864426429985972239416409874572503
131302391690155576411628706299776165236710672816016663819383883010983743530199
247092272368640798854787712186588144441835873126786133335143815011145257395415
196433233327314963356975406245287184756030254835568386567881122007683263177943
154210241873683359155218980447678419297024108562498002104893201033679961694906426583
239857033638373315025144108921045893119522326569080473701635837616851979412695
189197994597047479527331802979744933433716708277862726934373144613389985195223
138538955555721644029519497038443973747911089986644980167110451609927990977751
87879916514395808531707191097143014062105471695427233399847758606465996760279
154210234638444628887735150804075153754772786248951444399233567525702567401628443863
154210183979405587561899652991769212453813100443333153181486800263009563939634226391
260212689041275716047299137951721145529129085903368437954550075879548478873454322903
181962755866779995697688199714202682111403161720157067300865167219096707212503
131303716825454160199875893772901722425597543428939320533602474215634712995031
80644677784128324702063587831600762739791925137721573766339781212172718777559
124068478095186676370232290507359471103283996871233660900094496821341435012311
73409439053860840872419984566058511417478378580015914132831803817879440794839
181961209875598314611399814328889532057701812671747301134276810813670576170199
131302170834272479113587508387588572371896194380529554367014117810208581952727
80643131792946643615775202446287612686090576089311807599751424806746587735255
124066932104004995283943905122046321049582647822823894733506140415915303970007
73407893062679159786131599180745361363777029531606147966243447412453309752535
73406347071497478699843213795432211310075680483196381799655091007027178710231
138537188708656865645189913740943230829395262502748104548152330003726698357975
181960989019715217313358616416701939192887334236260191681907045612895414592727
131301949978389381815546310475400979507081715945042444914644352609433420375255
80642910937063546317734004534100019821276097653824698147381659605971426157783
124066711248121897985902707209858728184768169387336785281136375215140142392535
73407672206796062488090401268557768498962551096119038513873682211678148175063
124065165256940216899614321824545578131066820338927019114548018809714011350231
73406126215614381401802015883244618445261202047709272347285325806252017132759
124064944401057119601573123912357985266252341903439909662178253608938849772759
73405905359731284103760817971057025580446723612222162894915560605476855555287
66170666629463800274117214705514774258133177054516503261407583211183577572567
66168899782399021889787631408014031339617349570619627642449461604982284952791
73533145895563333270005483085716525097363306700100681953934641709618184135895
73533121739451119503032227064071007127774223121219279357581698640783400838359
73533118719937092782160570061365317381575587673859104033037580757179052926167
73420040130352022844958281895979559378287799273539042504149783224845781771479
73533118289420444441098790840276420210730860354215954035592813949555776758999
73533145894826147228325582778831098903577613673868416286130797930838007293143
124192160780039768959164632698486540619794148386204760457040547865465218213079
124079079170940672301090687530395092870307724538524523603608632449527599146199
73533118288683258399418890533390994016945167327983688367788970170775599916247
73533173500863723765563717837573285762526389587434249109072076579646103692503
81805803864879658965862657207123164956275787404591165016562882757841191286559
73533149344751509998590461815927767792937306008552846512719133510811320394967
73533170050833048703630281613778698845483026820430923787083191888418479613143
73533145894720834936657025592133180875893943241549521190730248819583696315607
124192160779934456667496075511788622592110477953885865361639998754210907235543
124192157760420429946624418509082932845911842506525690037095880870606559323351
73420285141504835576624278336229325991221997829356393789668098604421238826199
73420064285621738278583080424041733126407519393869284337298333403646077248727
81692694649637673478882019793591612320156917211026200244789139581841164842783
124080846017900138393751713641197917761139881590102504127166204944474580788439
