8
169150135391368490443722419325508716439177547566258596629068549056912816116668638423
275360197660118296063602058182757682541773734460848072713132939073003118452640654551
153973034670854982077164123178449974981033744136163756619288764605827626388502947031
171347935412000887442116324375822189323322813743775120614859762262859583267594417951
275419432550768760629823428714776189449634922887378589464174374093322166513022084311
581458437702959727906550489453973536032282768357849203181459981635449319389340527579702487
154032269561505446643385493710468481888894932562694273370330199626146674448884376791
323402195756483733622212983854533323299843329850855546022289961944372122454983601132479703
396776952765187321670232929546921672905964476095988501573624447418991632815971968215
275389789775924007683794994542613965345224485771304185479780272951816140751834260695
154002626786660693697357059538306257784484495446619869385936098484640648687696553175
275360147001079254737766560370451741240814048655229781495386171810310114990646437079
153972984011815940751328625366144033680074058330545465401541997343134622926508729559
155899763585177397222460666903371320133924975784668938586881278302546719224623604951
262317332302824403023395439388946717921238241421855216539165353800685458228366615767
140930169313561089036957504384639010360498251097170900445321179333509966164228908247
275597289100893842678404511291084874034494108697485915145504319287548373807762318551
154210126111630528691966576286777166473754118372801599051660144820372881743624611031
277257283700652522635280645278852143548651092106939752471296689973406238255186781399
263977320570203202814542136150175744772775264105606767462739378578706697243041801431
155870120711389208648842710274544435987911101782255436377452515506230746191049073879
142590157580939888828104201145868037212035273780922451368895204111531205178904093911
153972983121325020103022923256162093305643126353493581376230042449845097475028362455
275597339747564954550791318796307732830253364892311819085121753843390133860708197591
154210176758301640564353383792000025269513374567627502991277579376214641796570490071
154210126099262599238517885979694083968553688762009211773530812113521638334576272599
140693019978507770828835723820402612024566868741368209089543398348294313053835044055
154210183979405594313610138798936910805821348754554189521932261219219186479507514583
155870178579164274270486272786704180319978332164008026847724631905077050926931977431
275389840420828272491403417718253526640240823450302605522522088549536294603487519959
140930219958465353844565927560278571655514588776169320488062994931230120015882167511
154002619549655116365094845565119694741490254617245827783400846018541648193125950679
153972976774810363419066411392957470637079817501171423799006744877035622431938127063
131301949985141092301353478173752987755392936981382890375600562231973293663447
73420040143001221664204652049414977176884564519737613307536743077627069801687
81705038436470605554810674501470056800244754724172658547734400499231205734175
154239827658875666986918009608790329952394847699470917786621353350972851851973174487
156107321583604181938403660345028508155821454035106484778137770372562949355325695191
132206575304868371737991169368795150817221779305663185366590809871584571499735
154210183979405216874356798689979785467610130479724758601910345651204451028964025559
327380766733740934790543818094364736809639259998108794294487586002818114776820224413476055
140930163081922058245628189330673422551923775749274890828662932617048235457766827223
327380766733740933244552636413278448424253946848055092945439176236651526420414798282433751
140930163080376067063947103042288037238773722047925842418896766028691830031635784919
156107314459707760873243598960454807810284346469160538159313865372704822446634116311
140930213739194252506685302813396066352140543039065698149534080921619632718468424919
140930155844916480913365975357486859508929534919900849226127680150949234963196224727
140930155843370489731684889069101474195779481218551800816361513562592829537065182423
67200769041663341039457769544111603131147460897399084393527132590329656059095
140930220073337960223166403497860603809813676081960021088452721243459980748162409687
686567229717317784776570394168245610085839204377640227189280454684395414975254550218049067754711
327380780013704065236844124806152993829035330184190596992025234384804965358477632210543831
550181483685583437327896806067855700782849478734778363741473027574449262423764487289513175
323402180842462641650281246082469298431832905101983813919516514012348294682836353061299415
323402074602757598055722680174396269020642698095359803255636445553857137086508255901459671
154210126212368358552339977587692818622109857551972428477044919467629892865563894999
140930220071791969041485317209475218496663622380610972678686554655103575322031367383
686567229717317784776568848177063928999550818992327077135579105635985648808666193812622936712407
327380780013704063690852943125066705443650017034136895642976824618638377002072206079501527
550181483685583435781905624386769412397464165584724662392424617808282674067359061158470871
323402180842462640104290064401383010046447591951930112570468104246181706326430926930257111
323402074602757596509731498493309980635257384945306101906588035787690548730102829770417367
154210126210822367370658891299307433308959803850623380067278752879273487439432852695
323402074602756693650881396738917563570234505313944514062316732346402948589333969241711831
277519900146923229364155406521634372012064127412851720782992793471175600247583352023
323402196015393942546404946170038184579853405781654235373073750279258084246566921900205271
295552094776445890585703540273816217534227861337002763196407767573241152413865052870354135
154210125307963517268904498882242410429328442262779108763837465279132718578904147159
140930162177514197448165989753566011653452614261446123755280153884433177566759167191
323402074602821822946527374444776621884794703183410132295287874302984857471925242630317271
140933932653665437544125403083400849864373384519188395395285998436004022060296250583
323402059429426449288613126140034746346331258090911341709748362572463049074988734613103831
295551958190478397327911720243812779300705713646259869533082379866446117242286865583252695
154210190437259163246610357940556970627197907881012079905794047188015309852292752599
140930227306809843425871848811880571851322079879679094897236735793315768840147772631
327380766733797924439598730854194574413523017145090611152133948916987783066959313516438743
323402180842519631302355672869020007692719367938711829412610237101842507090859046512174295
156107320792084621524946315315336047767214560996227377201356886736423564275035481303
323402074602814587707797106960946978281529160932087818748730168643351349494530949352334551
142827357661635301704207806186659648991338732994894392192799575341724023262890501335
323402059429419214049882858656205102743065715839589028163190656912829541097594441335121111
154210183202020432979126528296953705084946585567465522200134413680037915559014769879
262346975176640138765018890532441296673261499201272966052068610631326888910201103575
154210176869640552813397091070415462422326624841763235797916067772201290126265492695
154210126210601511487561593258109521121366939036144944580169300509508286664271275223
154210118987730710673526453921589338084316046333390774152638999708382135780041630935
154210118975362781220077763614506255579115616722598386874509667001530892370993292503
154210118973816790038396677326120870265965563021249338464743500413174486944862250199
73533145902315043755812650784068533345674527736441127414890851332158057424087
156107320792057445898705827470423023416006845208508350959778965839362611835904271575
577534248408158572196745569724081609354850452941586212038282617724346072045177360255362263
277283222020926618904891766024769896782982240578559040263281680789945864646715581655
549684147169210518690052982146773353923839595346881038512568225252162551856070065094468823
277282758851023678458428985452444476718200773797271329291259356371253427568065979607
140693020881614646542439568684376116359589260645865732263546716784511004887241794775
140930228098356951007334688356240726845938356695562449777492113463780611568697943255
140930220863118220739850858712637461303687034382015892071832479955803217275419960535
275389789775951177412547148948324534613022651273479001863232851418126862949550728407
262109826645501857591808639819648135837146823272146016854675540023427321937405748439
275389783443571297246817711721786291950402690547776715461014505510290237516801451223
277283221116300921738358989278121576402607960474887285062964774231683489584894256343
140693019978534940557587878226113181292365034243543025472995976814605035251551511767
140930219958492523573318081965989140923312754278344136871515573397540842213598635223
67087687432564244381383824376020155381661037049718847540095217174392036992215
262347033862440861827587290559454636865570814547237590974327792719519060559240176855
262346975968163090234267963103545430022359806428072742050921391948848662803967976663
169150135391371504060260806757963264061457743479349834131118531170280469479601808599
155870172260922184239522297629286865285581915478016849122561219775580928467456828631
67087663276452030614410568354374637412071953470837444943742274105557253694679
140930285089748696872659135550171886458310287439164001155879305737249288024310228183
275626996992887162134299078816474032935756896349935128622709779570100717967037244631
550181589925353497333192021468660782505322334238013731609333163459524913809399860597171415
686567229717317784841586804904895102817891515660288723800637658664462841559748339525325215573207
327380780013769081647580774298885046140317978680801954196005301811389459147784908358362327
550181483685648453738633455560587753094132127231389720945453095001033756213071763437331671
323402074602822614466459329667128321331925346591971160459616512980441630875815532049278167
154239834003623848147861143812166325375016906025250812528865605102925225902899537111
549691917844843648015956909705379444335979132004625489740326829439174919154080859657151703
577534248408222797060374637753974117305978106821920753358907804895552895369641907853010135
549684147169274745099673231857752150260352562377269281182241822189535963536940038823158999
295062420803032887232401198654207174204545582796383458410809273269877256683663771384227031
322904751366412036276818926702801847174544557613678722029390248726255232899224819580085463
295054650127463984316117520806579880128919013169027249852724266020238301066522950550234327
262113596218987927842870470928702839004821380968803426436771628447561645906444494039
275389854002581653545355425785858959767645904330627110947279677199572933698440996055
262109890872132333724616916657182560991770076329294125938722365804873392686296016087
140696790454879860910404101752232907339670953528044706358533352838880128081118962903
327380766733855707378452177641481312704837624133298170637040207559557727000478497678894295
156107378575023474971733602053627362374202768555712283459999456680357083459197936855
327380766733805048339410851805983500398896323173612365018748989812790464307475035684676823
140930227195470925279339808094262679615099279319999152232472904966578890269038027991
262346982300539950885970679458426669979290020955139581092964413312567404632369341655
169387335373092914626742673955765518487458635831342982066338422167219999038593639639
686567229717317784834351566174627618988247912394746472478324112106757181926240362131031937590487
327380780013761846408850506815055402537052436429479640649447596151755951170390615080379607
550181483685641218499903188076758109490866584980067407398895389341400248235677470159348951
323402180842520422822287628091371707139850011347272857576938875779299280494749335931135191
323402074602815379227729062183298677728659804340648846913058807320808122898421238771295447
154447326192298388502576353373698628563638643524225082713964679585490011937936319703
154210183993540364934348879996400835728355146595629850838811870453441805848433730775
275626939098609390540979751360564826092545888230770279699303378799430320211765044439
550181589925295603055420428149333326596115491027005612444484240053124143139002105324971223
327380780013755514028970341085618175998809773809518914947161193933410043333765182331102423
550181483685634886120023022347320882952623922360106681696608987123054340399052037410071767
323402074602809046847848896453861451190417141720688121210772405102462215061795806022018263
154210177661160484768619442769862593065735185869927564436593524545605180415684453591
275626932766229510375250314134026583429925927505067993297085032891593694779015767255
550181589925289270675540262419896100057872828407044886742197837834778235302376672575694039
685540340784422012298534587131580667930559613640874580073134038221612091011071799696972027864279
685524044496611336409844439566073392905271201893725252583128949098017255960673693003322560685271
326884414831834250634425742843173211462726192778778726955996949246463027946401493070456023
326883443497388137769890283112219799703272871575359200886236323340258158494258890466206935
322904857606109844632647225127045232982469222368980419146712611525112882518158623461942487
326891107933251997091615395051774064367709234196091398780441262131405956515071614140359895
549685118503713622725478424104875918416540341329366493705444742436107325011688348149425367
326883337257683094175331717204146770292082664568735190222356254881767000897930793306367191
155870641761655994156006708268108139994143543085022350726860398969635701948376753367
277283279010551517705437828889117758894611252806333107744793254105292934901035246807
155870178593299044891225013984168105242512130005083688164604241139299670295858193623
142590215462849725070486504855491706466636302003750703156046929744600129283713213655
153973041003234856345405226965785762560244154576321833163381768082914021579837482199
326891214172906381647132635124349281472958140243029603826030112843129851418396249305982167
549684253408921894416460204446497723762335926172885172681272967241626350462870380710798551
322912628281628088509889577139174714752154491036650822086506401027984575442295982301717719
262139475752699315077326023373435578252969505326203680999710066175709020692211639511
262109832977854562131297589201273354148559068210129277015315965034202994931023815895
153972990344195815019569729153479821259284468770703541945635000820221018117843264727
577596413812760452772033627321725599769482458969487382574743755014685124492748748497691863
577542019083778132358047882388334541240096471577993922668148704267212435172763002659742935
354741209172193716672436635218558804875092116020782145254820842619076980511148050420933847
577535219742655342306299664271660658923923223154057240179824322923778349007764784429999319
577534248408209229441764204540707247164469901950637714110063697017573479555622181825750231
354733438496624813756152957370931510799465546393425936696735835369438024894007229586941143
322912522041967371574492171337162271108662922369751891338631148097914772702345914386818263
322904751366398468658208493489534977033036352742395682780546140848275817085205093552825559
323402074369371403397934425763762692095621986661000741412055227721622487222264757574247639
169150598559725433811015780170246296107399410360653049333199364456498617527772456151
290563235808620957360446900791255915007867120081963806351132219592155850480430949591
169150135391368484546234085886306261355767997280714386770943206626162585875253896407
153973497839211925444457484023187554649255606930558209323419580005413427799606764759
153973034670854976179675789739247519897624193850619546761163422175077396147088205015
171321997984011722716853111035977788148554130981665807270389581333291580485140330271
275419432550768754732335095275573734366225372601834379606049031662571936271607342295
275389789775924001786306661103411510261814935485759975621654930521065910510419518679
154002626786660687799868726099103802701074945161075659527810756053890418446281811159
153972984011815934853840291926941578596664508045001255543416654912384392685093987543
275597289100893836780916177851882418951084558411941705287378976856798143566347576535
154210126111630522794478242847574711390344568087257389193534802389622651502209869015
155870120711389202751354376835341980904501551496711226519327173075480515949634331863
140930169301193153686020480638353472771888271200834303309066504195908492513765827799
154210126099262593341029552540491628885144138476465001915405469682771408093161530583
277283221116273746112118501433208552051400244687168258821386853334622537145763046615
153972983108957084752085899509876555717033146457156984239975367312243623824565282007
140693019978507764931347390381200156941157318455823999231418055917544082812420302039
290799914726164675401173380832480545231565283732139841751098709943850428809848890583
154210176756755643485183964064412184872953770580734244723386070357108006129024705751
154210126097716602159348466252106243571994084775115953505639303094415002667030488279
154210183991773517869570495666817538227612228079802366941936251495320199647141110999
140930219958465347947077594121076116572105038490625110629937652500479889774467425495
140696725323596511984822560323137137453465704579505815832591699602110729831276160215
153976682121665951639831632225275293566721571855136514438930665088973645410671862999
153972976774810357521578077953755015553670267215627213940881402446285392190523385047
73420040137103733330765449594331567626599020309879487965105992847385655059671
132218943228424332094859049996216941696547027483083189356866910884752205096151
154239826867328506328060169111608079207092618313689674183237893803755936950690325719
327380766733797924411998485453699106923732660449754264249997922314411871989429492523803863
156107320792057021279545819847846257410519224649325241174754310825346034454042846423
262346975176612538519618395064951506316566162854370830025466034720249359089208468695
154210176869612952567996595602925672065631288494861099771313491861123760305272857815
154210126210573911242161097790619730764671602689242808553566724598430756843278640343
73533118302069643260345160993711838009327625600414524838979773802337064789207
140722721538120785499840846496676762257722075108932026379505857708993454398499267799
154002626786660263180708718476527036695587324601892549742786101039873841064420386007
140693020881366190413941775175688413815301059484485160749834688503668274291087582423
67087659832318843885916334585663460045314134913692244964184139644571044357335
140930220974208676123210730802464889026785889709078027132493272267103356228783908055
67200765590895479935844433013431590020318405104163493403734404120321855136983
327380766733797924411991850779323987820970691614010193012761831923401637395420470932219095
156107320792057014644871444728743495441683480578088005084363300590752025432451261655
277519958040952538194302565349753114342151190299398762102296155726409258385109755095
262346975176612531884944019945848744347730418783133593935075024485655350067616883927
290799914839021977849311637251891270455407057575029460708635121213272173964505457879
154210176869612945933322220483822910096795544423623863680922481626529751283681273047
154210126210573904607486722671516968795835858618005572463175714363836747821687055575
154210184104630820317708752086228263451454001922691985899472662764741944801797678295
73533118295434968885226058231743002265256388364324133828745179793315473204439
323402074602815379227297808348915936049131830017284216492712931905142874287834835318285527
277519958832499645775765404894113269336767467115282116982551533396874101113659925719
323402196015452628122821357780036557058750730484993937803469949837998009945067787976778967
295552094776504576162119951883814590013125186040342465626803967131981078112365918946927831
154210183993539933680514497254721307754031781965209504963396205204831219444980720855
140930220863090613859775988126044908978155953963876519954838893810131678432835740887
323402074602809046847417642619478709510889167397323490790426529686796966451209402569008343
277519952500119765610035967667575026674147506389579830580333187489037475680910648535
323402196015446295742941192050599330520508067865033212101183547619652102108442355227501783
154210177661160053514785060028183065091411821239507218561177859296994594012231443671
398699564614883282627723186001123943870227256005412241765394593464498205775645713623
275389789775923570532472278361731982287491570855339629746239265272455324106966508759
262109826645474250711733769233055583511615742854006644737681953877755783094821528791
154002626786660256546034343357424274726751580530655313652395090805279832042828801239
140693020881366183779267400056585651846465315413247924659443678269074265269495997655
154210126099262162087195169798812100910820773846044656039989804434160821689708520663
154210241887596849390736526669432602409649925269895918399693153605736416425091343575
140930278757147529569998017540756203633774097268562933391135842211036875412946363607
154210191228557808064901028857126661108690239464277627181946386343043412963097126103
140930221765728608078433082501912019670194450737242355771170729040507246518202868951
275389847669980486242694307776443276943109714160026043182536213673360521087077131479
295552092646393413642960418812717472343132792382589510370730167116661354598785892364133591
262109884539531166421955798647766878167233886158693058173978902278660980074932151511
155870179495936607856047725618355687960227262148029178105520411121064651977772311767
140722721550267852435517863643459170606493895834008742080134727811485488010794443991
140696784122278693607742983742817224515134763357443638593789889312667715469755098327
154210184005687007250865889520606478071639346761523456754416085541917262078867481815
154210183993319077797417199213523395566438917150731069476286752835066018669819143383
140930219958464916693243211379396588597781673860204764754521987251869303371014415575
153972976774809926267743695212075487579346902585206868065465737197674805787070375127
132218722318726653754185129681393236685376958132640686154816549833024133997783
73420039705849898948023770066357244261968599964004072299857382260982202049751
67087659825684169510797231823694624301242897677601853953949545635549452772567
295055619564701043704716778107323768861990738748731634809249375661570824688726342147581143
140693476812969468400321819260008625164895322256122687907697848737083616018502853847
67088132594255801747731099237492010000649686255377496671423083155915673248983
295116813634806168084364741612790186073255824078901018108368405256966660787350119803069655
140722656433371186082023960624596520367189085533162628927340281108867249940759913687
67115960428891386925802933411159875223202731890662896659778904444564440425687
154032320220572081474634820202604264879796182960307032205393437164774087455968666839
140959862747472476814235265048937017455809938610858063264778518013643404932501021911
154002619563817486388735748881615916437375167335860166575722267959448907348556981463
73448337289543089642157814651116805437729798729704939681142623186392841790679
156107314459731916142959032585253335872458094588880658489555698521255001246929593559
74437798774265318687055754635216771120096555059331861479141781769624522138839
156107314459707760030745265611997314226940124999797079608153102168311932412146296023
142827351329258440210006756483320915451064296998464094599595790773612391400001316055
154210176869643571484925478593614971544672149571035224606930629111926283696125584599
140930213739194251664186969464938572768796321569702239598373317717226742683980604631
154210126210604530159089980781309030243712463765416933389183861849233280234131367127
140930156747775330172622034426094388805216675038381661978408204546697113789237109975
67313847252966659303202643090575805694691056408247963243642522497177895904471
154210119086677164972644363901453507248265007949001861186688222702917076622288430295
140930155956227845151905854772777108472389179947668876178130911308217535610143450327
154210118987733729345054841444788847206661571062662762961653561048107129349901722839
154210118975365799891606151137705764701461141451870375683524228341255885940853384407
140930155844916480070867642009029365925585313450537390674966916946556344928708404439
73533148920986572143335850293190878870403799725250141976230576325727917515991
67200769040820842706109312050528258909678097438847923630322739700295168238807
125096789503366726650921548533226694866724006192786803053698588635416949761239
156107320792108776794661748940134575829388309115947497531598719884973743075330958551
80770175634917021403410635875173701334623621898373904500505500511452923503831
327380766733797924439597888355861225956029433800869141788675397756224578674069279028618455
323402180842519631302354830370686659235225784594490360049151685941079302697969012024354007
156107320792084620682447981966878554183870339526863918650196123532030674240547661015
323402074602814587707796264462613629824035577587866349385271617482588145101640914864514263
142827357661635300861709472838202155407994511525530933641638812137331133228402681047
141167362270329135884117159197117605561010033025364310515569148212993690601884558551
323402059429419214049882016157871754285572132495367558799732105752066336704704406847300823
154210183202020432136628194948496211501602364098102063648973650475645025524526949591
262346975176640137922520557183983803089917277731909507500907847426933998875713283287
154447319068398575539126231099255761674265900300995009121908113699856606181280261335
154210176869640551970898757721957968838982403372399777246755304567808400091777672407
154210126210601510645063259909652027538022717566781486029008537305115396629783454935
73646224113618362019557524330532735909218123247290006265006241239006297269463
154210118987730709831028120573131844500971824864027315601478236503989245745553810647
154210118975362780377579430266048761995771395253234928323348903797138002336505472215
73533145901472545422464193290485189124205164277889966651686458442123569603799
131429166364018429367276429773183625081251073031828846075062307377245351126231
262347025835655023136142288023033722745358993948444219837252018336683933502924203223
156107320792081601168421261095221551478180593328228471290020798987912790636199748823
323402074602814587704776750435892758167032871898120150749824257307263600983757310516602071
154210183202017412622601474076839208795912617899466616288798325931527141920179037399
262346975176637118408493836312326800384227531533274060140732522882816115271365371095
154210126210598491131036539037995024832332971368146038668833212760997513025435542743
73533142881958518701592536287779499378006528830529791327142340558519221691607
131429163344504402646404772770477935335052437584468670750518189493641003214039
262347025835652003622115567151376720039669247749808772477076693792566049898576291031
131429160324990375925533115767772245588853802137108495425974071610036655301847
326883337257676761822626335216864040209370769812268782875637543080578785729367765200479447
155870172260946339509237731254085393347755663597736969452803052924131107267752305879
153973034670882150963417944235703050665487688168975114451580579867745458551731594455
262113531992357450867563860742710920266853906442291858801564039461722685123066406103
155870121601907298183402233441779452046795977792118678235056285661438103805758088407
323402074365615397530473765416865104724933440513504614640031202342750274509070480074941655
154002626786687862583610880595559333468938439479431227218227913746558480850925200599
153976689358698703755836000694917387377579307002866123731883075247740708309885854935
140693020881393789816843937294720710588652174362023838225276501210352914077592397015
275389783443571296404319378373328798367058469078413256909853742305897347482313630935
155870115269527418017672796215241209384176017066416391832837939753601478373008811223
154210126111657697578220397344030242158208062405612956883951960082290713906853258455
154210176758328809450607204849253100953967318600438860823569394638132473959799137495
154210126099289768124771707036947159653007632794820569605822627375439470497804920023
155870114366668567915918403798176186504544655478572120529396652153460709512480105687
153973439944961328634880311063733878573908093129748928090430336927411092448977954007
74324693009054008262008553445479805401021047632770222029356923284852119774423
67992313128888278824782015202817185440295345346368003683449086659419370497239
73420067311887475485261905125099431120917375877569905122798660909790298449111
67087687431721746048035366882436811160191673591167686776890824284357549171927
262109877304516741962932037310240561909244318019317270639858947728784366530128848087
124997842670785857067484269745141190465364202216281571151931646069089671652567
124983707894267629992847603365135247117237582345106566200266673219479330694359
73420043155775261718288649103453913151328292298688502526445717840955515151575
275419432550792910002050528900372262428399120721554499936290864811122115071902819543
275393495122803751174275648999730316337039988244989396449946026312304342530863473879
275389789775948157056022094728210038323988683605480095951896763669616089310714995927
169150084732353598490114021698798848116982059594816215883438272512019761213555156183
153972984011840090123555725551740106658838256164721375873658488060934571485389464791
275597289100917992050631611476680947013258306531661825617620810005348322366643053783
155870120711413358021069810460140508966675299616431346849569006224030694749929809111
153972983121349169475250023441758166284407324187669491848346533167645046033909097687
155870120699045428567621120153057426461474870005638959571439673517179451340881470679
153972983108981240021801333134675083779206894576877104570217200460793802624860759255
80657069869705710978363434685436735615548114471812265050720642026680521139415
73420064292373448764390248122393741374718740430209729798254543026185950536919
131330219531437559783839150985098120679891269055323614173295364810918073017559
131316084754919332709202484605092177331764649184148609221630391961307732059351
154210176756534786759588332674756779102016684296892350685115854782949915319375307991
154210126097495745433752834862450837801056998491274059467369087520256911857381090519
73434174912779462072053658480754166753256276722503332153566572806961508197591
73420040136261234997416992100748223405129656851328327201901599957351167239383
131316081735405305988330827602386487585566013736788433897086274077703384147159
125082651282715312847790648384509574151839567764466598122475481324820399465687
131415028143367015564145529624466504366366634603508641143839200066648800830679
154210176855478175207271187617801798476343718898877770045147776991758020660444079319
73533118301227144926996703500128493787858262141863364075775380912302576968919
131415025123852988843273872621760814620167999156148465819295082183044452918487
74324665408808607766541063655123110064674145496743619453445845755031127139543
73420039711642074989794415334742735784570473741543302546887583379969305814231
80657042269460310482895944895080040279201212335785662474809564496859528504535
131301946534267918906071584456375056616880210755828404290407284650711181763799
73420036692128048268922758332037046038371838294183127222343465496364957902039
73533142451441870360530757066690602207161801510886641329697573750895945524439
73533118295329656593557501045045084237572717932005238733344630682061162226903
132218943174504438760557770406882911522507766135808900511785765922544984597719
73420039705744586656355212879659326234284929531685177204456833149727891072215
67087659825578857219128674636996706273559227245282958858548996524295141795031
138551320035156141476912651646839841737034832974850943533149484664373385962711
73420257542113657233524753789141229352900772519812111332282480466898704737495
73420036686230559935483555876953636488086294084325001879912715266123543160023
67200765589947669310827418333150327771165371213293437545129462119033056339159
73533142450599372027182299573107257985692438052335480566493180860861457704151
73420036685388061602135098383370292266616930625773841116708322376089055339735
35009415017961118735626495530102452082004116038505646540807422337426647
131429214682971325036109353322846330007906246404466058222343901576147380020439
156107320792108783523129883826546082201057296592953712406005674460681804307793257687
262317383074969209549022830347205406664078862025079480783672419788801887419322934487
260449888259749773949231477500985288086221323712392029766844047873922264464490046679
140930220085705895562584895342897699103338871700395164689828245321626395355185226967
275626982647883402150060336421505786881745166416784583374405486417170828759906460887
327380780013754736643820790060142651172071924669072021045460053507096306217895701227578583
140930220073337966109136205035814616598138442089602777411698912614775151946136888535
327380886253459767870449902519525373500179626475266420916952843836254756962980389339079895
550181589925339139961502583781228080453993775025854187666400637025899054028267244418049239
686567229717317784827229433215457415385189464331729511641093715731936407933888558392709036451031
546202884514392672780381139149471355645601142937023393930011848194951225756297868108965079
260449881915001964330053349967363962918400933375897356086496369259234395622692431063
277519950805962276575960705871894326101348579226112768323985752105183774907552048343
546203005927029017271063405145113271204811850623317826047449152920352172916356534107710679
295552094776496549624750752079115567794181950621454576457455308566199786422039712839050455
260449881010597123046617871261913554725619518086704036373288915070737221336032683223
140930212836553244659971289103825965742737066074707171296273112518441352226727863511
156107429333033510876622251814422126194509591317860886387626913434250893281228039383
140959920728325714130256892027219667539816539198222159144494462861978725852255954135
260449946127524839570875040013145032418288554094144620237116164272768569200372950231
140930277953480961184228457855057443435406102082147755160100361720472700091068130519
275627040515658467771703898933665531213812396798537173844677602816017133495789364439
327380780013812604418886411703705163331816256736302402798050523779212705064200437110482135
156107371451123668736751614665596001856499012809488424742349845370431738935004177623
262347025835679185976824189882701250762545951014534013593061569265335063570169799895
327380766733797924439604616823996112367535805469856618794890272163179154382130511490917591
299530559255144828884344645019701115910720054018581135954344220998671064953100545301226711
295551973363866535747101587034526549189916404812202354214820509183525788977000278296962263
142827357661635307590177607724613661779663499002537148516045766713039194460864980183
140959862846415871990386254878393543201805960689849697499217394798159571506032092375
262317383060834433030795755710539026658135513898459609608667468123829037808981976279
260449881913235117265274965637780665417658014860069872189620750301112789421399811287
260686973452954099507666941202772516951981825983046812847026792170467992048908182743
260479474029040828885467901997636948221108766170525984956268084179925811720593417431
381836994243459389925877402829782431677438319379135897065718157505595278023543301335
260449831254196075939439467825474724116698329054451580971873983038419785959405593815
139033025490088009006973098649004792451547901613692860893635707429738268134080062679
260449824018957345671955638181871458574447006740905023266214349530442391666127611095
124192184949526849055162910738157817797487788783982120373524859506818026120407
131429187507345084548264440298495122292118527378224480301446840623708248810711
156107320792081607896889395981633057849849580805234686164427753563620851868662047959
156107321585422738169371107700489534696416491924664551183136671089268253237636048087
156107321583655891104592723370906237195673573408837067286261052131146647036343428311
156107264592236969613027788332062053232093926877516489666295938960617018141599933655
155870121601931461024084135301446980063982934858208471990865836590089233873003685079
74324717171894690163868220973496992358087137426526031580285574414919365371095
277257335264344436742370875781470987286107989526047371596059133631987510174693270743
275389840449125001142579522935250868708250451213359920579230761717107887219860382935
155870172275081122755932940777163279725367999201363055502214959164812018110555563223
262317383854148387677036979584482479153494709230170448385798464752415486738824766679
260449889038928952077245626738262360575637170917482997368970092837535863783991878871
140930220864885073690599044580174771592754718905486132291954290285239994674687059159
581450775134641344637324982641610203141785841420191149238053880993829494688653817716221143
577534354647914274830351347437453989025994749232662035963210227175795863649680117383898327
326883443497381807184038694371456285615364849230798786373216382821643477155363296115238103
262080234531462998922363889327329163322763756485160144308150016474051077037479240919
260212739716243563322572536481109044744906218172472693291321644559171454082646353111
140693071542199684935925954323021455762023766160475828214305842006875584973341533399
275389898316900066764223085447410613040317681595112511049502878115954191955743286487
155870230142856188377576503289323024057435229583115645972487075563658322846438466775
262317383852381540612258595254899181652751790714342964488922845794293880537532146903
260449889037162105012467242408679063074894252401655513472094473879414257582699259095
140930220863118226625820660250591474092011800389658648395078671327118388473394439383
262317326860962619120693660216054997689172144183022386868957732623764251642788652247
260449832045743183520902307369834879111314605870334935852129360708884628687955764439
140930163871699305134255725211747290128432153858338070775113558156588759578650944727
277257335250209660224143801144804607280164641399427500421054181967014660564352312535
275389840434990224624352448298584488702307103086740049404225810052135037609519424727
155870172260946346237705866140496899719424651074743184327210007499839168500214605015
277257278258790738732578866105960423316584994868106922801089068796485031669608817879
275389783443571303132787513259740304738727456555419471784260696881605408714775930071
155870115269527424746140931101652715755845004543422606707244894329309539605471110359
260449889023027328494240167772012683068950904275035642297089522214441407972358300887
140930220848983450107593585613925094086068452263038777220073719662145538863053481175
275389840420855448106125373661918108696363754960120178229220858387162187999178466519
155870172246811569719478791503830519713481302948123313152205055834866318889873646807
140930219958492529459287883503943153711637520285986893194761764768856013411573114071
260449831141117486354369530623186558730940325766663180651812454150622253626134439127
140693013644388219213049858207945653917326921009656011497148203319961974815484093655
124969597280590084820070604513146490726177052267687370799530351499936235332823
67978178359098519885031760329182911079645731690067405686359821871041491838167
124079106359941779117960622572772059794200000383662058844637061974484754965719
67087687438450214182921778388808480147668679806042093731466532345590011471063
76263176652567903775637782781237990703005921894502450926557479292645627770655
66197196517801908480811796448434049215691627922016781776573242820138531103959
275626989759439440929777202013664099328091228148942390018574552744503169907809658071
327380780013761848199859569777008243330384371015133753203266697676162633550236849130775767
155870178595090053954186966824961437177097784117637507266128647821679516529908589783
155899879250077801975307653816366488118775881226256888998924198068883090436027655383
156107378575047636969917170564837396808045504152438618664648244404615323491955713239
156107327916008595644081672752531455507085818346820327446901477141922320029961495767
275626989757672593864998817684080801827348309633114906121698933786381563706517038295
327380780013761846433012504998623913747086870272215237375782800800543675428630647838155991
275626932766253672373433882645236617863768663101794328501733820615851934811773543639
327380780013704855014091013433688874902902906692568706055205180835430504899001753094661335
549746312573818733215374385338509370472134010987532232826699379175801824754912344974894295
326883337257683094199493715387715281502117098411470786948691459530554725156170826064143575
262139526411762518401345089696951553987771926728548307422105621162660264186963633367
155899821368167959835437016667540363780765302717884427353647130005063936089803793623
155873883940178801007662136766898417689406170241319323867302291506246163548764447959
277257341582586520875846517499685847237094855926494339463097203330733402392753677527
381659137594387475296426736816194959007074732209224594879156310544426504401524958423
275419432550792916730518663786783768800068108198560714810697819386830176304365118679
275393495122803757902743783886141822708708975721995611324352980888012403763325773015
396776952765211477770928164618929252256397661407170626920147892712499642607315002583
275389789775948163784490229614621544695657671082486310826303718245324150543177295063
260242331830279408363960367639725027341924304768465874800918034935744986576199427287
153972984011840096852023860438151613030507243641727590748065442636642632717851763927
131316108917760014611062152133109364288830738977904418772559043091374977656023
132206599460969066973063176948145584002532961431009708811884317881375914534103
140930220073337960211647871596612161514728891804058567553573570184024921704722146519
327380886253459767870444005031191934297724543065716135372742985710912326212750147924337879
550181589925339139961496686292894641251538691616303902122190778900556623278037003003307223
686567229717317784827229433209559927051750261876646102090808171522078282591457808162467621709015
546202884514392672780375241661137916443146059527473108385801990069608795006067626694223063
260449881915001958432565016528161507834991383090353146228371026828484165381277689047
140930220071791969029966785308226776201578838102709519143807403595668516278591104215
550181589925339138415505504611808352866153378466250200773142369134390034921631576872264919
686567229717317784827227887218378245965461876491332952037106822473668516424869451757041490666711
546202884514392671234384059980051628057760746377419407036753580303442206649662200563180759
260449881913455967250883930239776122521841329389004097818604860240127759955146646743
546202990754161941265738501839591298718488271622147448089333487277227672987812710582920407
140933983312704478858442368994458348870248286046905233078153614639261966478850204887
546202869341061524013265687626776393768834619523024646839913907088214706994548105405867223
295551958190529056366953034560778690358204719521161397249920062734062320500231284137206999
260449946139892763126835396881025659840079433419392797657120154548869582368006546647
140930277965848884740188814722938070857196981407395932580104351996573713258701726935
156107371451123662839263281226393546773089462523944214884224502939681508693589435607
262347025835679180079335856443498795679136400728989803734936226834584833328755057879
327380766733797924439598719335662673165080722060306333250680414037836723631900270076175575
299530559255144828884338747531367676708264970609030850410134362873328634202870303886484695
295551973363866535747095689546193109987461321402652068670610651058183358226770036882220247
142827357661635301692689274285411206696253948716992938657920424282288964219450238167
140959862846415866092897921439191088118396410404305487641092052367409341264617350359
260449881913235111367786632198578210334248464574525662331495407870362559179985069271
260479474029040822987979568558434493137699215884981775098142741749175581479178675415
260449831254196070041951134386272269033288778768907371113748640607669555717990851799
139033025490088003109484765209802337368138351328148651035510364998988037892665320663
260449824018957339774467304742669003491037456455360813408089007099692161424712869079
124192184943629360721723708283074408247202244574123995031094109276576611378391
262347025835676160565309135571841792973446654530354356374760902290466949724407145687
156107379477933656800423717387612988955475031242457706351542110471066814550200886487
156107372242694926532939887744009723413223708928911148645882476963089420256922903767
381629494819569892079150457049743304170462460595325007278214787869231200838053602519
262109826645526013692503874891655715187580008583328142201198985316935331728748782807
67087711588664939616455831955370588566972219175065370985388725184183380026583
577534354647914274830345449949120549823539665823111750419000369050453432899449875969156311
277283272679965660219208731935827395788857142106275877946149296993203809065269535959
326883443497381805638041615202036558027524452671194799479958114930134458048727628569453783
277282809510062719772745951363501975724075675324988166974126972574511371986619933911
140693071540653687856756534595433615365464162173582569946414332987768949305795749079
140930278757395992321651654267298225851813258223279287460359729667038555987251897559
140930220863118220728332326811389019008602250104114438536953328896368158231979697367
140930163871699299236767391772544835045022603572793860916988215725838529337236202711
275389840434990218726864114859382033618897552801195839546100467621384807368104682711
155870172260946340340217532701294444636015100789198974469084665069088938258799862999
275389783443571297235299179820537849655317906269875261926135354450855178473361188055
140693014549013910482094301515391519214291650827783556839339767447474119635890676951
140930220861351373663553942481805721507859331588286954640077709938246552030687077591
140930219958492523561799550064740698628227970000442683336636422338105783170158372055
140693013644388213315561524768743198833917370724111801639022860889211744574069351639
67087687432552725849482575933725070597383135596183968389035782115348596729047
140930285089772852973354370622179465808743472750346126502402751030757297815653262551
275627047651950359560829811700787553587149767466735545186979992126301731220374496471
550181589925404156396389447999393666818842985630884848409749727729737470010413113934423255
686567229717317784892245868102321633550775829180940116671754459081027111772304540538578552825047
327380780013819740710778200829617930453838630073673070996421866081602015348798161695614167
326891214173014934988101654974409621695685634846908839791295600519743178289807257915434199
577534354647978499718130630192780031030688965221415880823204437624256609166983258350101719
326883443497446032071817977126782327620059065219552631233210593270104222672666437081441495
155873941834456566703493130783605169449207628074939962932583349846166331062621906135
275389904661644850971886158670172480419038775447427527511549889755773946951778247895
155870236487600972585239576512084891436156323435430662434534087203478077842473428183
140696841113943058336934834636546427991063824644845122922803565395081141334456214743
327380766733855707402608278336716384712416974566483481819165554083003020508488289021928663
140930277854534122705870540978576200266492150436799568796743117522779903522375279831
262347032959603148312501412342740190630682892071939997657234625868768417885706593495
327380766733805048363566952501218572406475673606797676200874336336235757815484827027711191
275627040416711629293345982057184288044898445153188987481320358618324336927096513751
327380780013812505472047933345788286850573087822350757449864160421968507371403868417631447
327380886253466890027565173418363503955821993869288962495453011133692402274728503583253719
550181589925346262118617854680066210909636142419876729244900804323336699340015358662223063
686567229717317784834351590330728314223319919974096905663635294232103705371533870140823280624855
546202884514399794937496410048309486101243510331045935508512015492388871068045982353138903
260687031235917103169179661475117398121078452846071088128946616036594349826439193815
260449889037159079600952188097819605285794955917475856253793806904546143736936604887
381866644142228105207583059461983595649985697552616285114285315250534658100267918551
275626983425292707801781047018340104081318798621868409861355245447794708032353019095
327380780013755514053126441780853248006389124242704226129286540456855336841774973674136791
327380886253409898608643681853428465111638030289642431174875391168579231745099608839759063
550181589925289270699696363115131172065452178840230197924323184358223528810386463918728407
686567229717317784777360171409236749288281075790133326017103973654483740258363340511928537130199
546202884514342803518574918483374447257059546751399404187934395527275700538417087609644247
260449832045740158109387253058975421322215309386155278633828693734016514842193110231
326883337257733753238529143734879654605603315961606307022772819151979557098944046643619031
155870229252362242317755746868481625893905001121884104728874453695500683549195445463
175112624808727583282499300912073958814051609042182919741273823267412263383119804191
685524044496611336409844463722174088140343209473075685768440131223363779405967201013113903719639
326945608901939361124315806588473224315864779027394180533041727860815096939395248481182935
326884414831834250658581843538408283470305543211964038138122295769908321454411284413490391
549746312573818733215368487850175931269678927577981947282489521050459394004682103560152279
549685118503713622749634524800110990424119691762551804887570088959552618519698139492459735
549684147169267509885099065069157578664666370559132278817809463053347749067555536888210647
299033236018735042238786412003159875254036470557269029227815618699195362573238715619550423
545705561277989216747856007083983011943862721352753497078285751238202473091455269883946199
295054650127456749101543354017985308533232821350890247488291906884050086597138448615285975
262139526411762512503856756257749098904362376443004097563980278731910033945548891351
262110346805274708822610016369526909551583352406868356141842335420740039836879627479
277283279010575673806133063961125338245044438117515233091316699398800944692378281175
262109883636917759557828322085586874799951939326929693579586177590404008184361067735
142590215462873881171181739927499285817069487314932828502570375038108139075056248023
260212746046853571012008535067204532117683963898167838578363704534018359468340356311
577596413812760452796189728016960671777061809402672693756869101538130418000758539840726231
577542019083778132382203983083569613247675822011179233850274050790657728680772794002777303
577535219742655342330455764966895730931502573587242551361949669447223642515774575773033687
577534248408209229465920305235942319172049252383823025292189043541018773063631973168784599
322904751366398468682364594184770049040615703175580993962671487371721110593214884895859927
275389840434987199212837393987725030913207806602560392185925143077266923763756770519
396802890193200630701214711080368743264347243598191520548367388780567184906939606231
381629494819542716452909969204830279819254744807605981036636866972170248398922392791
546202884277199813213066329539721416641986378640407384879916720097173330010632819013395671
260242331830279402466472034200522572258514754482921664942792692504994756334784685271
260213152223791598785225294312300382905735730446785923520654749193824762226115421399
260212689055434649520443600028360348154104317366847260958398591363488730573596861655
138795883291326582587977230851890416488953889926088540880160315754807212748271330519
381836994144512551447519485953301188508524367733787710702360913307902481454850450647
260449831155249237461081550948993480947784377409103394608516738840726989390712743127
277283271775336943538649234317522072702793115803968675385657065890823550399100298455
397039569110744348741941191121593373488045407248367555948333879132261763236357547223
260449831141335316825951774353525013129433894096961958920621239545519340555533362391
140930219958489504047772829193083695922538223801807235976461097793987899565810459863
124079103334530264063649763114982960497715820726443758177662193860638992311511
132218967384525027329931057575567374881858209608429712802160418894543548130519
140930220861347976710273881501191593463958367114822076359880469826113932975795676375
67200765597518635779062287333105340980111740886719005262909563070300006458583
140930220974208676111692198901216446731701105431176573597614121207668297185343644887
67200765590883961403943184571136505236040503650628614252674969061278414873815
262347025835675729311474752830162264999123289899934010499345237041856363320954135767
327380766733797924436147951474559059828550042047195504194887178446846930903430262275253463
277519958040976694294997800421760693692584375610580887448819601019917268176452789463
397039569223601651190079447541004098711887181091257174905870290401683508391014114519
260449831254192619274090030772935738353275667939851577878157650814941085710189929687
260449889148249534984312060187647033008893811244537991314454599215846282690300552407
124192181492861499618110371752394395136373188780888404041301380806568810456279
277519958832523801876460639966120848687200652426464242329074978690382110905002960087
546203005927037043832588705645047365431334436475391026398923158009578758114692531558622423
295552094776504576186276052579049662020704536473527776808929313655426371620375710289962199
260449889037158648347117805356140077311471591287055510378378141655935557333483594967
140930220863114769960471223198052488328589139275058645301362339103639688224178775255
277519901841104880384895704927276664723621005895143664709109865519852482010259465431
546203005926980052413667214080112326587150472895744495078345538044465587585063636815127767
295552094776447584767354561014114623176520572893881245488351693690313201090746815546467543
260449832045739726855552870317295893347891944755734932758413028485405928438740100311
140930163871695848468906288159208304365009492743738067681397225933110059329435280599
292459910230351921488345845856026274314613503111548778261206314863102890931823125719
275389840434986767959003011246045502938884441972140046310509477828656337360303760599
155870172260942889572356429087957913956001989960143181233493675276360468250998940887
260449946931215564057339834770851371967089734591741923814675090056840754313594217687
260449896272176522731504336958545430666130048786123632596928322794147750851600000215
140930228098132644344857754800457841683247596774126767519912520241851881742295180503
140930221765752764179128317573919599020627636048424481117694174334015256309545903319
275389847670004642343389542848450856293542899471208168529059658966868530878420165847
295552092646393413667116519507952544350712142815774821552855513640106648106795683707167959
262109884539555322522651033719774457517667071469875183520502347572168989866275185879
155870179495960763956742960690363267310660447459211303452043856414572661769115346135
546202884277257707269550785927368089673753059935186059145984280978456482305243395671008471
140930219958489072793938446451404167948214859171386890101045432545377313162357449943
260449831141114029689020093570647572967517664652063177558096121927143553376918774999
132218746474827348989257137260743669870688140257987209600110057842815477032151
75227327553335784054218293076780090224156819680367244486939528213920733537495
124079102903276429680908083587008637133085400380568342512413583274235539301591
67087683981784864745869239403045057486554079802948377399243053645340795806935
140693476812993624501017054332016204515328507567304813254221294030591625809845888215
67088156750356496982803106816842443185960868380724020116716591165707016283351
140722656433395342182719195696604099717622270844344754273863726402375259732102948055
67115984584992082160874940990510308408513914016009420105072412454355783460055
74437822930366013922127762214567204305407737184678384924435289779415865173207
156107314459731916131440500684004893577373310310979204954676547461819942203489330391
260449881913262286151528786695033741102111958892881230021912565563030621584628458711
142827300670243554984866493743022553500537796504027928728372468804427397729350132951
260449831254223244825693288882727799801152273087262938804165798300337618122634241239
140930163080179366439046706724640210818269821075266073727149995748041749013329421527
140930156747799486273317269498101968155649860349563787324931649840205123580580144343
67313871409067354538274650669926238880002238533594486688936030506969238938839
260449824130295879639247672002872276805704817270847866601670159154021414510791304407
140930155956252001252601089844784687822822365258851001524654356601725545401486484695
260449824018984514558209459239124534258900950773716381098506164792360223829356258519
140930155844940636171562877081036945276018498761719516021490362240064354720051438807
124192212118413102876220163813842271741520600141814412188786777338981254767831
67200793196921537941181319629878692094989279564194447075616247710086511273175
76376282411039227533897324022308202650326521652654804270707194657142127572767
125096813659467421885993556112577128052035188318133326498992096645208292795607
156107314459707760019226733710748871931855340721895626073273951108876873368706032855
140930163080155210326832939751384189172751851486182494845747399395098680178546123991
67214903817327551248844729988239117473526815856488049430928277490862068933847
131429214676231338369321693374179576236151338736056772116708758455871477458135
156107320792108776783143217038886133534303524838046043996719568825538684031890695383
156107371451123661996764947877936053189745241054580756333063739735288618659101615319
262347025835679179236837523095041302095792179259626345183775463630191943294267237591
327380766733797924439597876837329324707587138716084863887221862877073519239010235588355287
299530559255144828884337905033034328250771387264809381046675811712565429809980269398664407
295551973363866535747094847047859761529967738058430599307152099897420153833880002394399959
142827357661635300850190940936953713112909727247629480106759661077896074184962417879
141167362270329135872598627295869163265925248747462856980689997153558631558444295383
140959862846415865250399588090733594535052188934942029089931289163016451230129530071
260449881913235110525288298850120716750904243105162203780334644665969669145497248983
260686973452954092767680274415112568285228054228139144437740686535324871773005620439
260479474029040822145481235209976999554354994415618316546981978544782691444690855127
260449831254196069199452801037814775449944557299543912562587877403276665683503031511
139033025490088002266986431861344843784794129858785192484349601794595147858177500375
124305263154932678985468581829538610810745840084972873881209499183424851223767
260449824018957338931968971394211509907693234985997354856928243895299271390225048791
124192184942786862388375250789491064025732881115572834267889716386542123558103
182088205405332746333187487272189499982778789869511713691265565321663905080535
262347025835655023124623756121785280450274209670542766302372867277248874459483940055
131429187500605097881476780349828368520363619709815194195811697503432346248407
156107320792081601156902729193973109183095809050327017755141647928477731592759485655
156107371451096486370524460033023028838537525266861730091485818838227666219970405591
262347025835652003610597035250128277744584463471907318942197542733130990855136027863
327380766733797924412422250596841479794562787508369076168195621299152622178057796457145559
546202990754104046960790439781442649438763493859202071841999771132142800863572481691690199
546202884514399003366231873873369620027573286852578061178119702673651643267244384531850455
142827357661608125223950453092040688761702011459910453865181740180835121745831208151
140959862846388689624159100245820570183844473147223002848353368265955498790998320343
546202869341003629708317625568627744489109841760079270592580190943129834870307876514637015
260449888245587815064777248231745935062316488043145463940975069676745342139115316439
260449881913207934899047811005207692399696527317443177538756723768908716706366039255
260479474029013646519240747365063975203147278627899290305404057647721739005559645399
260449831254168893573212313192901751098736841511824886321009956506215713244371821783
260449824018930163305728483549298485556485519198278328615350322998238318951093839063
124192157767160621900530337765139856309945162089331256346992655434102992348375
131429160324978857393631867325477160804575900683573616274914636550993215038679
156107320792054425530662241349060084831888093262607991513563727031416779153628275927
155870121601931454284097468513787031397229163103300803581579730954946113597101122775
74324717165154703497080561024830238586332229758116745474650431294643462808791
83500206379272393089796565417259749141669471846577102669741378241699079108383
124079130509314006218146218645750823992034176294134175335354861923043635700951
549684147169261177508237570868107875325932830284696282387511869849563180955923673999025367
326883337257676761822626323698332138960928474727484504974184008201427726294308721760216279
155899815035791092443747633524999175157081316435909919902318003006202073985499866327
155873877607801933615972753624357229065722183959344816415973164507384301444460520663
