8
546265049919008912521381326890424570027045159213466386129926200847583232338876547597935831
546210655190026592107395581957033511497659171821972926223331150100110543018890801759986903
291643323552767054654109293686879593971238179632580563358493651927924525485600280159003863
546203855848903802055647363840359629181485923398036243735006768756676456853892583530243287
291582129482661944188375330636814653125678943817150420963574219837017750000616316091311319
800824610880699547058383937312951193477839581775502540436678691770130294255026248364926167
546202884514457689191111904109406217422032602194616717665246142850471587401749980925994199
619817408065274022286518548895732070206255551042555724131001251005136217940322253072275740370135
292070710709056715049711575306380768130699509137172034053169050658067084428345426028602583
291635552877198151737825615839252299895611610005224354800408644678285569868459459325011159
291581158148215831323839870905861241366225622613730894893813593930812880548473713487062231
291574358807093041272091652789187359050052374189794212405489212587378794383475495257318615
546195113838888786274828226261778923346406032567260509107161135600832631784609160092001495
291573387472646928407556193058233947290599052986374686335728586681173924931332892653069527
327956800582760225721490686770314422813573272500622613655173244812141118044247583240337183
327949029907191322805207008922687128737946702873266405097088237562502162427106762406344479
295551971496430406325363651252055667791284124335215155387801281667947286027810204824446167
295497576767448085911377906318664609261898136943721695481206230920474596707824458986497239
550173697836734836203476856680720743205145012556968501594130344242767494063313931224032471
550180497174615447756580221325534637941074999561013624511816789793096767876090581823857879
295551971467250799837559970005315779569094771556191119252059859530003974857816096155182295
295552092879888048733083519436436400578713672023900840562816877462859110515049048813675735
260683383783315124544987203934917909199890718988718521758255436110239800604863571159
139270283366062651730774389029968255547791596187469102178066423144246535999686517975
156619246679219398267951710326698523798721533318515362687292582302460720337738643231
260446241584557100976759730557620116364607222060123289883102626978191594515360982231
139033141167304628162546915652670462712508099258873870302913614012198329910183929047
156382104480461374699724236949400730963438036389920130812139773170412514248236054303
327380886253474125242139341643962422970669784773173939033895920745007855915429040161891543
550181589925353497333192022905665129924483933323761705783343713934652152980715895240860887
686567229717317784841586804904896539822238934821887809548611832675013316686987510841359859262679
550181483685648453738633456997592100513293726317137695119463645476160995384387798081021143
678223307557428538284685116434103818589707078878300701626227455081587565436307522536868279821527
323464346247078881391287319793224050767289709703192813762187189911171672580586230524749015
323403152176973770925553356743159109921730473887762671367267757820264897095602266457056471
546265049918958253482340001054926757721103858253780580511634983100815969645873085603718359
546210655189975933068354256121535699191717870862287120605039932353343280325887339765769431
546203855848853143016606038004861816875544622438350438116715551009909194160889121536025815
546202884514407030152070578273908405116091301234930912046954925103704324708746518931776727
291581158148165172284798545070363429060284321654045089275522376184045617855470251492844759
291573387472596269368514867222736134984657752026688880717437368934406662238329430658852055
260449896272373653769177787016834453076698840894014299163405122358186844273515242711
139036795855121180954964972111884799424599718092764879583216109392193579668338189527
295497819360154285547487572489260621222226322502633386860750593952547630325193726149338327
503046358477904398879437435112621000576268743030521435242233225297185470222820779223
327381007433130566664817519437241342287285619192648634782311921334835186232537164141896919
550181711105009938755870200698944049241099767743236401531759714524479483297824019220866263
686567229717438964498028227583074333101158251437722229023307581091013906514317827949483839268055
1153797874736517457548833392630909413369475088951735137747440430350667988342980179958405089797335
619817412044100612838768113654028659744087370109721272750685117518707891948218149146314035242199
295614379467750401302583912428790131714678775553844038666922216352293465764533497619883223
295553185397645290836849949378725190869119539738413896272002784261386690279549533552190679
550173940429441035839586522851316755165473198115880192973674707274840527680683198386873559
550181604865304895161311634790871019829909560736612390867879646065988325701495922061026519
686567229717332724792984633024508425028128840247515222399296917210945448023160231621386679428311
1153797874736411217843789798072343505296445677761528131123429766470599529851822583630307929957591
295614273228045357708025346520717102303488568547220028003042147893802308168205400460043479
295553079157940247242291383470652161457929332731789885608122715802895532683221436392350935
550173834189735992245027956943243725754282991109256182309794638816349370084355101227033815
1153814421675119764301817142630683107810308823739801584648683112603030161743212485099766520816855
1439835838936132427100930113598738998302957285557085665578566243850345764663279047734163475177075713239
2419689520599182926959412267089136432557818477983272865135198896940927841678421956574376693567056323799
619948032997377650812582896612353279361939987127833012081963423636233910701237201143221736514775
619819699730868578189147984533983488537793744619032058098173346787924584679352110930732182480087
1153798125387309088413126995065175832785020411992652257158678023479435326692814378406117053637847
1145600841967627965869515123302363429067245892546640527822868604317388942190180217183613793936599
1679450934357559403470059221755185982490326317411459772899583204160590358181757394446509111059671
1299851850939368238681648615394292130833704052655799475787711750024848619164150412677647661067233993943
1146497137797215139747473239405263555458108538639853539773148506115104869962076085334334488782039
1145584545679817289980824975736856154041957480799491200332863515193794107139782110489964326757591
1145470471665142558759993942778305228864938598569445907902827891328630261786995363634418056504535
611604082987400445270759696759975400416569761957477335336108202361834010745020079677873272202455
1145454175377331882871303795212797953839650186822296580412822802205035426736597256940768589325527
546265171098614694905018178848205677037719692673255276260050983690643299962981209583723735
1153797870819977451153589541778887562631102885571660067766315158641937154506796845115595452654807
292132997293213720763617850045180227746386599615810592647973891498238796989576654686332119
546210776369632374491032433914814618508333705281761816353455932943170610642995463745774807
291643444732372837037746145644660700981912713092369453488618434770984593109704942144791767
546203977028509584439284215798140736192160456857825133865131551599736524477997245516031191
1153812130010617722451082955164743378213289400291179913889927216705650544269119703488574668743895
1153797870758783381048479076044924512566162040012424252336172763722505063600021360131631384962263
292071803223108610297883886995115286900827363800380450253054459407332021504592690618639575
291636645391250046985997927527986818665739464668432771000294053427550506944706723915048151
291582250662267726572012182594595760136353477276939311093699002680077817624720978077099223
800824732060305329442020789270732300488514115235291430566803474613190361879130910350714071
546692558254904355300620460467706851197181022177846746954726382420785858905726355453322455
546257400423045791988734501000578382962093123045899067701965976441004344345840388749731031
546203005694063471574748756067187324432707135654405607795370925693531655025854642911782103
291581279327821613707476722863642348376900156073519785023938376773872948172578375472850135
546196206352940681523000537950513442116533887230468925307046544350097568860856424682038487
546195235018494568658465078219560030357080566027049399237285918443892699408713822077789399
291573508652252710791193045016015054301273586446163576465853369524233992555437554638857431
800397223724352103696375143412335327156913955863769447708639872797581326303074028658173143
1153798124952030076890998333135852126760753004765923258280486607230826261444823185208414527104215
619817662259613232180933054158971373135365285923909393283731294398866165050061154396323472549079
545829892087092566243088855142181409630492963674377084843802374625395308769783507057190103
800342828995369783282389398478944268627527968472275987802044822050108636983088282820224215
545775497358110245829103110208790351101106976282883624937207323877922619449797761219241175
545768698016987455777354892092116468784933727858946942448882942534488533284799542989497559
1054956784686042738233377753834861950607708378425805602015392363720128388219223729425163479
619817916819174193871567591161581795661988736718331955319885601151357087597123070546024239539415
1145470725789424508928499817851591945367294642137139471060790781832512119086066086586416296961239
611473966809196988329744391309203916716618511547976278574030379876957187640905949080675775227095
800389453048783200780091465564708033081287386236413239150554865547942370685933207824180439
545822121411523663326805177294554115554866394047020876285717367375756353152642686223197399
800335058319800880366105720631316974551901398844919779243959814800469681365947461986231511
545767726682541342912819432361163057025480406655527416379122316628283663832656940385248471
291200395045281805459533144091009139499059414466135053514284818456097646299366418784265431
291146000316299485045547399157618080969673427074641593607689767708624956979380672946316503
545760927341418552861071214244489174709307158231590733890797935284849577667658722155504855
800327287644231977449822042783689680476274829217563570685874807550830725748806641152238807
545759956006972439996535754513535762949853837028171207821037309378644708215516119551255767
545705561277990119582550009580144704420467849636677747914442258631172018895530373713306839
291138229640730582129263721309990786894046857447285385049604760458986001362239852112323799
545697790602421216666266331732517410344841280009321539356357251381533063278389552879314135
291068293560610455882710620681345140213407730801079508026839695212235400807972464606389463
381659195488641084892999500108313293015528752705837119148389050830009978158683071703
295614258080587412039269925990855127406971214813853713982606122508118998589041433482175703
295553064010482301573535962940790186561411978998423571587686690417212223104057469414483159
550173819042278046576272536413381750857765637375889868289358613430666060505191134249166039
295497697947053868295014758276445716272572670403510585611331013763534664331929120972285143
546210654982469385227718447476879614200626144541771491669139839098996143467503399608067287
546203855641346595175970229360205731884452896117834809180815457755562057302505181378323671
800824610673142340178706802832797296180806554495301105882487380769015894703638846213006551
546692436867741366037306474029771846889473461437856422270410288576611391730234291315614935
546257279035882802725420514562643378654385562305908743017649882596829877170348324612023511
546202884306900482311434769629252320124999574914415283111054831849357187850362578774074583
546196084965777692259686551512578437808826326490478600622730450505923101685364360544330967
546195113631331579395151091781625026049373005287059074552969824599718232233221757940081879
546140718902349258981165346848233967519987017895565614646374773852245542913236012102132951
260272032499377770906561565104005585454788762381152803054544876362834486094545364183
381633258060651926065224620207671346924169620229272015662044212331192205617643726039
295553063984544873584377135165910285919465887639291095022583204072373724286284928375137495
550173819016340618587113708638501850215819546016757391724255127085827561687418593209820375
260246095071388612078786685203363639363429629904587699568200037864016713553506018519
550173697629177629323799722200566845908111985276767067039939033241653094511926529072112855
138858932082125298092348750199055931802689639579903383474355863396841221489368310999
260220157643399453251011805302721693272070497428022596081855199365198941012466672855
138832994654136139264573870298413985711330507103338279988011024898023448948328965335
381630015882153281211752760220091103662749728669701377726251107518839984050013807831
295553063981302695085732281694050298339222626219399535451945268279268911934063360745219287
550180618354221230140217073283315744951749533020802514641941572636156835500195243809645783
550173819013098440088468855166641862635576284596865832153617191292722749335197025579902167
550180512114516186545658507375242715540559326014178503978061504177665677903867146649806039
1153798125386216337624418379412048417156716122642417534724791133661293438370166580777341642417367
546264078347825986289365051432577372748369457950821389370232841802320652165352434172503255
546209683618843665875379306499186314218983470559327929463637791054847962845366688334554327
800824610643962733690903121586057407958617201716277069746745958631072583533644737543742679
546692436838561759549502792783031958667284108658832386134668866438668080560240182646351063
546257279006703196237616833315903490432196209526884706881908460458886566000354215942759639
546202884277720875823631088382512431902810222135391246975313409711413876680368470104810711
546196084936598085771882870265838549586636973711454564486989028367979790515370251875067095
800823639309516620826367661855103996199163880512857543676985332724867714081502134939493591
546195113602151972907347410534885137827183652508035038417228402461774921063227649270818007
260242852892889967225314825215783396102009738345017061632406933051664491985876100311
550173697625935450825154868728706858327868723856875507469301097448548282159704961442194647
260216915464900808397539945315141450010650605868451958146062094552846719444836754647
550173697599998022835996040953826957685922632497743030904197611103709783341932420402848983
138829752475637494411102010310833742449910615543767642052217920085671227380699047127
138803815047648335583327130410191796358551483067202538565873081586853454839659701463
260213673286402163544068085327561206749230714308881320210268989740494497877206836439
138800572869149690729855270422611553097131591507631900630079976774501233272029783255
503042653131048804761183880841100722563217438391012134744183962654497217002672301271
546203005690358124719154637813633052912429122603100968286070427644269012337601422763304151
291581279324116266851882604610088076856622143022215145514637878724610305484325155324372183
291573508648547363935598926762460782780995573394858936956552871474971349867184334490379479
381655490141785490774745945836793015002477448066327818650339788187321724938534593751
260268327152522176788308010832485307441737457741643502556495613720146232874396886231
381629552713796331946971065936151068911118315589762715163994949688503952397495248087
260242389724533017960533130931843361350378325265078399070150775221328460333357540567
260216452296543859132758251031201415259019192788513295583805936722510687792318194903
138829289307280545146320316026893707698279202463828979489961762255335195728180487383
138803351879291386318545436126251761606920069987263876003616923756517423187141141719
381626310535297687093499205948570825649698424030192077228201844876151730829865329879
260239147546034373107061270944263118088958433705507761134357670408976238765727622359
260213210118045214279286391043621171997599301228942657648012831910158466224688276695
138800109700792741465073576138671518345500178427693238067823818944165201619511223511
260209967939546569425814531056040928736179409669372019712219727097806244657058358487
381625847366940737828717511664630790898067010950253414665945687045815699177346770135
260238684377677423842279576660323083337327020625569098572101512578640207113209062615
260212746949688265014504696759681137245967888149003995085756674079822434572169716951
138825583960424951028066761755373429685227897824319678991912499612646942508032009431
138799646532435792200291881854731483593868765347754575505567661113829169966992663767
156148609845592538737469203151461751844798702478800836014793820272043354305044789023
260209504771189620161032836772100893984547996589433357149963569267470213004539798743
138796404353937147346820021867151240332448873788183937569774556301476948399362745559
260209041602832670896251142488160859232916583509494694587707411437134181352021238999
138795941185580198082038327583211205580817460708245275007518398471140916746844185815
156144904498736944619215648879941473831747397839291535516744557629355101084896311071
138792235838724603963784773311690927567766156068735974509469135828452663526695707863
140930277866877896060061000561070865020345142710583841278824132175294453174724273367
158279241180034642597238321857801133271275079841630101788050291333508637512776398623
262317390197102168720663437753072631280125447229649866154921539379776941776867763415
140904289779849695906450622848122977628026324428400446574732526413783677171690710231
550119424520795051132121786089507440799288339254019334564493228407239706917438444339274967
295497698154553193264849752885962464743481359673133511793060679487581000064162176900342999
550119303133632061868807799651572436491580778514029009880177134563065239741946380201567447
550180497174557565846738081454897489114950661550435116139355144516028704056936235599996119
139244288056163650763128871980500185118421885202531537046444516581609609112423310551
260420246274658100009114213508152045935237511075185724751480720415554667628097774807
139033083285394786022676278503844338374497520750501408657636545948379175563960067287
139007145857405627194901398603202392283138388273936305171291707449561403022920721623
262317382974231367906628298416552448243074554526895695727391238578650790892638119127
140904282556978895092415483511602794590975431725646276147202225612657526287461065943
262343378271762439420825125158937436167243835901040873580883812434436474370852988119
140930277854509966606612310253987782515144713099791454000694799468443209765675934935
158279241167666713143789631550718050766074650230837714509920958626657394103728060191
262343327612723398094989627346631494866284150095422582363137045171743470908858770647
550173819249777359178178077574208192245591821445083183678701001025379689386180781128885463
295552092879830154455311926117108944669506828812892721397967954056458339844651293541475543
260683325889037352951667876479008702356679710869553672834849035339569402849591370967
520621347837941021549043354208340485076524396674503540629300411297721910308495013663
260446183690279329383440403101710909521396213940958440959696226207521196760088782039
262343320389852597280954488010111311829233257392668411935606744370617320024629126359
140930219972600124466741673105161658177134134591418992355417731404624055419452073175
381833288797632801230007700957192492744125625757270295408263332610877534478002627799
260446125808369487243569765952884785183385635432585979314419158143702042413864920279
260420188380380328415794886052242839092026502956020875828074319644884269872825574615
262317325079953596313308970960643241399863546407730846803984837807980393137365918935
522518426643236517853238111660831680541150432007048662681804528690147635817763157791
262343262495574825687635160554202104986022249273503563012200343599946922269356926167
158279299060177637672330574677043960108542739834175079536451740439206185657707640607
277798910242802594567412221796287365127845545314851366993502429820972425872268965663
262343378269995592356046740829354138666500917385213389684008193476314868169560368343
140930277852743119541833925924404485014401794583963970103819180510321603564383315159
260449889035368076436915573043647890033704600064640257560869869892087843778944640215
139062726046104762450477638039340182472964609739955941467025695424912351714806932695
139033546439616958769230898151117993120185585703820200044887752113742357606137668823
260446183688512482318662018772127612020653295425130957062820607249399590558796162263
248138498238568801303806349182967171351850712642754562949681882534386632341279
124077312331366227448595591399730870141862985127750834240649735560681000346839
327380888146956237515833584318385891176623539264829421396435180488027543414564354563581143
686567229717319678323699078599139214245707140775642301204094195214273059706675009976674260952279
619817412043981326664438964670093540888636259447641344931471731641967045140575331173504456926423
295614260181576072153599977309934680604016695626024825281045475505485822946560688041567447
295559865452593751739614232376543622074630708234531365374450424758013133626574942203618519
295552094777024848823330554528916327999004138607175156816365417508374178009434121369625815
327380766733855820263360770105570986226969887165706620147015600299014577421299749386527959
295551973363924431570857740316101423049350486508052355566945837319361212016169516192572631
140930277967394875197639395580090753179091373575127418842959129079692714982739879127
140930690476712783136585592051724846629763100849447790187468519647335743173264221399
327380886253467002888317665187218105470374906468512100823303057349703959187539963947853015
686567229717317784834464451083220083077921434527009504886773622082149921383090782952283645224151
619817412043979433175204337154174409720850553199008548614151158509843906816991104149113841198295
299530678774813907333057693382923109013559155017236617982757006185195869758509997758162135
296049416119945400837970017645895363132855961961655183960673758346943753279422264129430743
295553064217981727060350095128701954052208827014277362312993920276255463234552333358146775
295552092883535614195814635397748542292755505810857836243233294370050593782409730753897687
546700207750809694440404284065310908455896879081066421553802525685293587477869976093271255
546265049918951131128518324598182440220808979949118742301042119705512072917984009389679831
546210655189968810714532579664791381691422992557625282394447068958039383597998263551730903
546203855848846020662784361548117499375249744133688599906122687614605297433000045321987287
800824610880641765665520935020709063671603402511154896607794610628059134834133710156670167
546202884514399907798248901817164087615796422930269073836362061708400427980857442717738199
292070710708998933656848573014138638324463329872824390224284969515995925007452887820346583
291635552877140370344962613547010170089375430740876710971524563536214410447566921116755159
291581158148158049930976868613619111559989443349383251064929512788741721127581175278806231
291574358807035259879228650496945229243816194925446568576605131445307634962582957049062615
546195113838831004881965223969536793540169853302912865278277054458761472363716621883745495
291573387472589147014693190765991817484362873722027042506844505539102765510440354444813527
139507367783427812296709620277459812203810745472235449972077161116873849550980850903
550174669171123167675149314119432025158362154496040383835006889006901204094563995620025559
550173697836677054810613854388478613398908833292620857765246263100696334642421393015776471
295551971470435196943341821184933637343101853711735034993813714181037627789145125576844503
550180497174557666363717219033292508134838820296665980682932708651025608455198043615601879
295551971467193018444696967713073649762858592291843475423175778387932815436923557946926295
139270688753026737993263841184102054120158661623578880659180509815161675113996821719
139034009722625663689818062090744296036506577774922311346283858513449500677012792535
295552092879830267340220517144194270772477492759553196733932796320787951094156510605419735
139270225584669788728482146900162019368527248543640218096924351984825643461478261975
139033546554268714425036367806804261284875164694983648784027700683113469024494232791
139033083385911765160254673522864226533243751615044986221771542852777437371975673047
140693541154027394381912501794571530799032148104437486109820071368971333471918695639
155870634750613537562025181061774749261728495718117253917104216673740319588241450199
550174671064554508024893639931272354955403944081349585243290088738824017651190630963553495
156107371451123662115032775795160843781833800990326652737313113434444104991496545495
327380766733797924439597995105157241932377730804644799633118267126447218394496567983285463
295551973363866535747094965315687678754758330146990535053048504146793852989366334789330135
142827357661635300968458768854178503704998287183375376511009034777051560517357348055
140930220071571112422638981835796161022730311754613521509786561720665911801336636631
260686973452954092885948102332337358877316614163885040841990060234480358105400550615
260453536601051663435974183226559844055084421874799109464886513745120405236046439639
381866173849947186985405303847569462955552131596109866482819368880777638188704933079
260449831254196069317720628955039566042033117235289808966837251102432152015897961687
139270167688846025953481733155867427212166186723126320763751784625798840280075019479
139036730836943596503507814050089912389933994434040389386648238136438887410720908503
260449368085839120052938934671099531290401704155351146404581093272096120363379401943
139033025490088002385254259778569634376882689794531088888598975493750634190572430551
262343262594545813643532469284836607831618426436698092166569173915988778651241489623
140930162177293340829319654379886954179519303635448672586380160949995514046064436439
140930220071350256539541683794598248835137446940135086022677109350900711026175059159
66296140324247032504506983075739198659033634679156801621860079868917953668311
295552944698428327374246646834341573100118414699679441121612721868136025401831302959277271
158276056884991830328132143627532092775589626706087947675034753369488196937324541727
295552944698377668335205320998843760794177113739993635503321504121368762708827840965059799
158276006225952789002296645815226151474629940900469656457287986106795193475330324255
140930697600612595257537380977710219935791622603314405228364322328576258895432459479
611477786756867943870225966598554240908978575217877830373955107608884678660929986810246676948183
619819445102343107561314978984992390257329376939611836361054432985904961143054326664403289187543
291575451557881751433735224699860271824481036636088014951329531976200226693730916622738647
327951093992426145831386040564313453271828686522979733712689182857528464189504786376013599
619819449080077180819490796926123819200654845635661301880762528976132092781200794269609364104407
331928828065684321649327171993256778740524735988499441808679409989166610657109992450930463
619819449079955767719073544453309606385749895982009202757961279556551903768234801005004187051223
331928706652583904396854357780441873790871083889376640559259829800153644663845387273877279
295552957978334466404644976007915662932333226995860911134020110460334249571743420360762583
546203855848903803601637808335404237666564351121896159391028946257175241366519229484442839
292071682043502829460237479532378788375231258064451475778951854064770738393114674587051223
291636524211644266148351520065250320140143358932503796526191448084989223833228707883459799
291582129482661945734365775131859261610757371541010336619596397337516534513242962045510871
291575330141539155682617557015185379294584123117073654131272015994082448348244743815767255
546196085173334900685354130487776943590937781494539950832943939007536285749378408650450135
291574358807093042818082097284231967535130801913654128061511390087877578896102141211518167
327950001241637437215732913148685148982478451800545846822871040969205816391876010964793119
295552943038375944649160177677092893171384604135554409634411975833358930534759781697660119
295551971467250801383550414500360388054173199280051034908082037030502759370442742109381847
156616004502266743858974894947603358965025501674600746928999976274621125416062924575
156378862303508720290747421570305566129742004746005515053847167142572919326560335647
619819449080077180768831757884797983702842539694360342194956910684914346013938101266147369886935
295553185631089268212635030293305784987235785141921917429028541361071110468332660703438039
295553064217988850960162216080490880037582133042799116179608961172058144475068055526384855
323403152176973772471543801238203718406808901611622587023289935320763681608228912411256023
546203855848853144562596482499906425360623050162210353772737728510407978673515767490225367
546196085173284241646312804652279131284996480534854145214652721260769023056374946656232663
291574358807042383779040771448734155229189500953968322443220172341110316203098679217300695
578023785792426921723162707026120390173265646470074522904904342352099740663876404438967511
139033553678168526545988156732789634590903686448850263824923503364353984746662470871
295560106151868499687061426203258586620024867985333295665768923294332526950439002913187031
295559999912163456092502860295185557208834660978709285001888854835841369354110905753347287
800832624148974651156767725826219107998872764685630356030330239552341068002162982315959511
686567480368352008462740628480599460376217009210719171417262079661538934375902532288446934361303
1153814421675241177402235941093941815669822258471881407631400018044787851254962990991017652069591
1439835838936132427222343214017537461561665145070520397658389226567251206420968559484669366428206965975
1299855597276927398183587337614423808693766437560785249514886375924878147801095047164344251499948877015
1299851325302855556363422547571011469589537232151740536209346481841662503361643485883244205575775003863
628161362054079711812836068091278599966812942423173890027245247369788465613633480633804325987543
619833958982824332692170662117061062044434539629867542634644705212827754860200960178926597514455
619819699730989991289566782997242196397307179351111881080890252229682274191102616821983313732823
1146513434085147228736582185434029538342910385119082690245870500680457394524224697919235087213783
1145486767953074647749102888807071211749740445048675058375549885893982786349143976219318654936279
1145472508701240306346499009687252346102613084769919396821795432910837305680045632862375371154647
2419719416075772845821107842074889862856661208150846888391790328635757660561726822375224777645123773655
612518712140896042623913027337329919070395305998313163695360734865351817460364323750200748877015
611492046008823461636433730710371592477225365927905531825040120078877209285283602050284316599511
611477786756989120233829851590552726830098005649149870271285667095731728616185258693341032817879
1145470471665263971860412741241563936724452033301525730885544796770387951298745869525669187757271
612516675104919708137826758891641509692234254529919497759110098724902463079064560413494565479639
611490008972847127150347462264683183099064314459511865888789483938427854903983838713578133202135
611475749721012785747743583144864317451936954180756204335035030955282374234885495356634849420503
611473712685036451261657314699175908073775902712362538398784394814833019853585732019928666023127
687761001003902431547565786936634035830604972836350946118857945520361650155622657857454923953951
546700450343573677015367397023193658707539671628185672418253147359936565028758427418567895
546210897782732793289495692622674131943065785104744533258897690632682361148886714877027543
619819445109263625047708915725208992852331123544132300195067480797133354532395763545715874800855
1153797870765704135271687926256401337099557790917752499255572157488644096545858031021100745958615
292078723977331819148095363819648682651732692047299849646820598440277858175482159979635927
546204098441610003237747474506000249626892536680807850770573309289248274983888496647283927
619819445102464283924918863976990876178448807370883876258384992472752011098309598547497645057239
1153812130010739135551501753628002086072802835023259736872644122147408233780870209379825799996631
292071924636209029096347145702974800335559443623363167158496217096843772010483941749892311
291582372075368145370475441302455273571085557099922027999140760369589568130612229208351959
291575572734245355318727223185781391254912308675985345510816379026155481965614010978608343
546203127107163890373212014775046837867439215477388324700812683383043405531745894043034839
291574601399799242454191763454827979495458987472565819441055753119950612513471408374359255
327951215168789749716378039050234572702259958562877064272176029907483719461387880731883295
291573630065353129589656303723874567736005666269146293371295127213745743061328805770110167
295559984764705510423747439765323582312317307245342970981452829450158059774946938775479511
503046358479450389323932479721106079003992602946177457419733724081698096868774978775
327381007433130568210807963932285950772364046916508550438334098835333970745163810096096471
550181711105009940301860645193988657726178195467096317187781892024978267810450665175065815
686567229717438964498029773573518828145766736516149952883223237113191407013102340576129793467607
619819449080076947324855928090161564166856906656542662546851409681334746828302425109666172839127
619817412044100612838769659644473154788695855188148996610600773540885392447002661772959989441751
299530799954477472655547992127990954315548295465233067597788047670825881316133843906405591
295559984738768082434588611990443681670371215886210494416349343105319560957174397736133847
295553185397645292382840393873769799354197967462273811928024961761885474792176179506390231
550173940429441037385576967346361363650551625839740108629696884775339312193309844341073111
550181604865304896707302079285915628314987988460472306523901823566487110214122568015226071
686567229717332724792986179014952920072737325325942946259212573233122948521944744248032633627863
295559878499063038840030046082370652259181008879586483752469274646828403360846300576294103
295553079157940248788281827965696769943007760455649801264144893303394317195848082346550487
550173834189735993791018401438288334239361418833116097965816816316848154596981747181233367
1153814421675119764301818688621127602854917308818229308508598768625207662241996997726412475016407
1439835838936132427100930113600284988747452330165570744006290103766001786840779546518676101823029912791
628161362053958298712418815618464387151907992769521790904443997950208276600667487369199148934359
619833958982702919591753409644246849229529589976215443511843455793247565847234966914321420461271
619819699730868578189149530524427983582402229697459781958089002810102085178136623557378136679639
1153798125387309088413128541055620327829628897071079981018593679501612827191598891032763007837399
1145600841967627965869516669292807924111854377625068251682784260339566442688964729810259748136151
1145486767952953234648685636334256998934835495395022959252748636474402597336177982954713477883095
1145472508701118893246081757214438133287708135116267297698994183491257116667079639597770194101463
1679450934357559403470060767745630477534934802489887496759498860182767858680541907073155065259223
1145470471665142558759995488768749723909547083647873631762743547350807762285779876261064010704087
1145456212413308217357391609648930858262419723369117970208989094367662281616681532904120726922455
611475749720891372647326330672050104637032004527104105212233781535702185221919502092029672367319
1145454175377331882871305341203242448884258671900724304272738458227212927235381769567414543525079
611473712684915038161240062226361695258870953058710439275983145395252830840619738755323488969943
546265171098614696451008623343250285522798120397115191916073161191142084475607855537923287
546210776369632376037022878409859226993412133005621732009478110443669395155622109699974359
1153797870765582722171270673783587124284652841264100400132770908069063907532892037756495568905431
292078602564231401895622549606833777702079039948177048397401018251264892182217554802582743
546203977028509585985274660293185344677238884581685049521153729100235308990623891470230743
1153812130010617722451084501155187873257897885369607637749842872727828044767904216115220622943447
1153797870758783381048480622035369007610770525090851976196088419744682564098805872758277339161815
292071803223108611843874331490159895385905791524240365909076636907830806017219336572839127
291636645391250048531988372023031427150817892392292686656316230928049291457333369869247703
291582250662267728118002627089640368621431905000799226749721180180576602137347624031298775
291575451321144938066254408972966486305258656576862544261396798837142515972349405801555159
800824732060305330988011233765776908973592542959151346222825652113689146391757556304913623
546692558254904356846610904962751459682259449901706662610748559921284643418353001407522007
546257400423045793534724945495622991447171550769758983357988153941503128858467034703930583
546203005694063473120739200562231932917785563378265523451393103194030439538481288865981655
546196206352940683068990982445558050601612314954328840963068721850596353373483070636238039
291574479986698825201718949242013074545805335373443018191636172930937646520206803197306071
291573508652252712337183489511059662786352014170023492121875547024732777068064200593056983
546265064858909652856450057435177256111607913390491181252193092732650926879279758378083543
546210670129927332442464312501786197582221925998997721345598041985178237559294012540134615
546203870788804542390716094385112315266048677575061038857273660641744151394295794310390999
800824625820600287393452667857703879562402335952527335558945583655197988795429459145073879
546202899454358429526180634654158903506595356371641512787513034735539281942153191706141911
800397223724352105242365587907379935641992383587629363364662050298080110815700674612372695
545829892087092567789079299637226018115571391398237000499824552125894093282410153011389655
800342828995369784828379842973988877112606396196135903458066999550607421495714928774423767
545775497358110247375093554703834959586185404006743540593229501378421403962424407173440727
545721102629127926961107809770443901056799416615250080686634450630948714642438661335491799
800336029654246994776631624857314994796433147772199220969742618207173335330716710544680151
1153812384142670348188493292512152437387548004563870828264014321316717151705930556208039697392855
619817662198419162075824134415452818115032925443101301713504555501611574642070182039005359056087
1679450933861086321842821640082343721445726549703922682451165049014726702525775228891488471033047
1679448896825109987356735371636655312067565498235529016514914412874277348144475465554782287635671
545768698016987457323345336587161077270012155582806858104905120034987317797426188943697111
545714303288005136909359591653770018740626168191313398198310069287514628477440443105748183
545707503946882346857611373537096136424452919767376715709985687944080542312442224876004567
1054956784686042739779368198329906559092786806149665517671414541220627172731850375379363031
619817916819174193871569137152026290706597221796759679179801257173534588095907583172670193738967
800389453048783202326081910059752641566365813960273154806577043048441155198559853778379991
800335058319800881912096165126361583036979826568779694899981992300968465878574107940431063
545767726682541344458809876856207665510558834379387332035144494128782448345283586339448023
545713331953559024044824131922816606981172846987893872128549443381309759025297840501499095
800328258978678091860347947009687700720806578144843012411657610957534379713575889710687447
545760927341418554407061658739533783194385585955450649546820112785348362180285368109704407
545706532612436233993075913806142724664999598563957189640225062037875672860299622271755479
291139200975176696539789625535988807138578606374564826775387563865689655327009100670772439
291084806246194376125803880602597748609192618983071366868792513118216966007023354832823511
545699733271313443941327695689468842348826350140020507151900680694441586695301404042011863
291078006905071586074055662485923866293019370559134684380468131774782879842025136603079895
800327287644231978995812487278734288961353256941423486341896985051329510261433287106438359
545759956006972441542526199008580371434932264752031123477059486879143492728142765505455319
545705561277990121128540454075189312905546277360537663570464436131670803408157019667506391
291138229640730583675254165805035395379125285171145300705626937959484785874866498066523351
291083834911748263261268420871644336849739297779651840799031887212012096554880752228574423
545698761936867331076792235958515430589373028936600981082140054788236717243158801437762775
291077035570625473209520202754970454533566049355715158310707505868578010389882533998830807
545697790602421218212256776227562018829919707733181455012379428882031847791016198833513687
291076064236179360344984743024017042774112728152295632240946879962373140937739931394581719
291069264895056570293236524907343160457939479728358949752622498618939054772741713164838103
381659195490187075337494544716798371443252612621493141325889549614522604804637271255
295559863351605093171274625552508677362663655146220169732033249261145093781682333598426327
295553064010482303119526407435834795046490406722283487243708867917711007616684115368682711
550173819042278048122262980908426359342844065099749783945380790931164845017817780203365591
260272032500923761351056609712490663882512622296808825232045375147347112740499563735
381633258062197916509719664816156425351893480144928037839544711115704832263597925591
295559863325667665182115797777628776720717563787087693166929762916306594963909792559080663
295553063984544875130367579660954894404544315363151010678605381572872508798911574329337047
550173819016340620133104153133546458700897973740617307380277304586326346200045239164019927
550173712776635576538545587225473429289707766733993296716397236127835188603717142004180183
800825581981651026600073879283915415783392212063448071043166697830881049850635553732109527
546203855615409168732801846080370439727585232482562248271734148911222342997359286293177559
800824610647204913735538419552962004023938890860028544973406071924676180398492951127860439
546692436841803939594138090749936554732605797802583861361328979732271677425088396230468823
546257279009945376282252131282808086497517898670636182108568573752490162865202429526877399
546202884280963055868266386349417027968131911279142722201973523005017473545216683688928471
546196084939840265816518168232743145651958662855206039713649141661583387380218465459184855
260246095072934602523281729811848717791153489820243721745700536648529340199460218071
260220157644945443695506849911206771699794357343678618259355698149711567658420872407
381630015883699271656247804828576182090473588585357399903751606303352610695968007383
295553063981302696631722726189094906824301053943259451107967445779767696446690006699418839
550180618354221231686207517778360353436827960744662430297963750136655620012821889763845335
550173819013098441634459299661686471120654712320725747809639368793221533847823671534101719
550180512114516188091648951870287324025637753738038419634083681678164462416493792604005591
550173712773393398039900733753613441709464505314101737145759300334730376251495574374261975
1153798125386216337624419925402492912201324607720845258584706789683470938868951093403987596616919
546264078347825987835355495927621981233447885674681305026255019302819436677979080126702807
546209683618843667421369750994230922704061898283187845119659968555346747357993334288753879
800824610643962735236893566081102016443695629440136985402768136131571368046271383497942231
546257279006703197783607277810948098917274637250744622537930637959385350512980861896959191
546202884277720877369621532877557040387888649859251162631335587211912661192995116059010263
546196084936598087317873314760883158071715401435314480143011205868478575027996897829266647
291574358570356229450601281557338182015908421854428657371578656948819868174720630390334679
800823639309516622372358106350148604684242308236717459333007510225366498594128780893693143
546201912943274764505086073146603628628435328655831636561574961305707791740852513454761175
291573387235910116586065821826384770256455100651009131301818031042614998722578027786085591
260242852894435957669809869824268474529733598260673083809907431836177118631830299863
550173697625935452371145313223751466812947151580735423125323274949047066672331607396394199
138855689905172643683371934819960766968993607935988767716063257369001626567692592343
260216915466446798842034989923626528438374465784107980323562593337359346090790954199
550173697599998024381986485448871566171001060221602946560219788604208567854559066357048535
138829752477183484855597054919318820877634475459423664229718418870183854026653246679
138803815049194326027822175018676874786275342982858560743373580371366081485613901015
260213673287948153988563129936046285176954574224537342387769488525007124523161035991
550180496937878635935089850093685460906931047225648069477906234154537841667335716956873943
550173697596755845883341631977011578590757798801711386989581852811103755502337498727130327
138826510298684840002125194931738577616214583899853026293925314057831632459023328471
138800572870695681174350315031096631524855451423287922807580475559013859917983982807
138797330692197036320878455043516388263435559863717284871787370746661638350354064599
503042653132594795205678925449585800990941298306668156921684461439009843648626500823
546203005690358126265145082308677661397507550326960883942092605144767796850228068717503703
291574479982993478346124830988458803025527322322138378682335674881675003831953583048828119
291573508648547365481589371257505391266074001118718852612575048975470134379810980444579031
381655490143331481219240990445278093430201307981983840827840286971834351584488793303
381629552715342322391466110544636147338842175505418737341495448473016579043449447639
260242389726079008405028175540328439778102185180734421247651274005841086979311740119
260216452298089849577253295639686493686743052704169317761306435507023314438272394455
381626310536843677537994250557055904077422283945848099405702343660664357475819529431
260239147547580363551556315552748196516682293621163783311858169193488865411681821911
260213210119591204723781435652106250425323161144598679825513330694671092870642476247
138826047130327890737343500647798542864583170819914363731669156227495600806504768727
138800109702338731909568620747156596773224038343349260245324317728677828265465423063
260209967941092559870309575664526007163903269585028041889720225882318871303012558039
138796867523840087056096760759576353511804146783778622309531212916325606697835504855
381625847368486728273212556273115869325790870865909436843446185830328325823300969687
260212746951234255458999741368166215673691748064660017263257172864335061218123916503
138825583961970941472561806363858508112951757739975701169412998397159569153986208983
138799646533981782644786926463216562021592625263410597683068159898341796612946863319
260209504772735610605527881380585972412271856505089379327464068051982839650493998295
138796404355483137791315066475636318760172733703839959747275055085989575045316945111
138793162176984492937843206488056075498752842144269321811481950273637353477687026903
156142125490141239475020527784786343749682779275315582320708109431851537815739152159
260209041604378661340746187096645937660640443425150716765207910221646807997975438551
138795941187126188526533372191696284008541320623901297185018897255653543392798385367
156141662321784290210238833500846308998051366195376919758451951601515506163220592415
295552944698370445464404506963704424273994076689100932749151076591067961582676956735415511
158275999003081988188261506478705968437579048197715486029757685305669042591100679967
550173697833434777340980307833268215283855840850358349307052940673093402404564663324452055
295552944698370433096475053515014117190911571488671321956763798461735254731433547687077079
158275998990714058734812816171622885932378618586923098751628352598817799182052341535
619819449080077180761596519154530499873198936428818090872643364127208686380430123871854091904215
800825582215087767191138248219621757813164487491773862997612571770433177549397741651174615
546203855848845909323866215016076781757357507910888040226180022850774470696121474212242647
546196085173277006407582537168449487681730938283531831668095015601135515078980653378249943
291574358807035148540310503964904511625923958702646008896662466681476808225704385939317975
550173697833434764973050854384577908200773335649928738514665662543760695553321254276113623
139029841096074202160250772817666091035601059495794405621214607213688337233236010199
327380886253524784281179930293418555376304200306665958959160906226107314764653721979266263
686567229717317784892245843945485189278371340456303343040631757939998797786446360066041676637399
619819449079955767719071998462127925299461510596696052704259930508142137601646444599578056008919
619817412043979433232985730016439515921300459128302386768009294367692783220346681262871872611543
299530678774871688725919958489123558919488448855390476118614855061599225335623755789575383
550180618590958043507697151824167850570665027653834199638848073509546742377797974453986519
295552092883593395588676900503948992198684799649011694379091143246453949359523488785310935
331928706652583902850863176099355585405485770739322939210211420033987056307439961142834975
295552957978334464858653794326829374546947913845807209784971700694167661215337994229720279
546700207750867475833266549171511358361826172919220279689660374561696943054983734124684503
546210655190026592107394844770991831597352286395779140530304917834442739175112021583144151
546203855848903802055646626654317949281179037971842458041980536491008653010113803353400535
292071682043502827914246297851292499989845944914397774429903444298604150036709248456008919
291582129482661944188374593450772973225372058390956635270547987571349946156837535914468567
291575330141539154136626375334099090909198809967019952782223606227915859991839317684724951
800831410221822337110131418243583395893705944773245437231976840847896576576245686417827031
546202884514457689191111166923364537521725716768422931972219910584803783557971200749151447
619817408065274022286518548894994884164575650735670297937215557978903952272518409293495563527383
292070710709056715049710838120339088230392623710978248360142818392399280584566645851759831
291581158148215831323839133719819561465918737187537109200787361665145076704694933310219479
291574358807093041272090915603145679149745488763600426712462980321710990539696715080475863
546201913180011576326575707192411125762272395565003405902459284678598914105828598144902359
291573387472646928407555455872192267390292167560180900642702354415506121087554112476226775
327950001241637435669741731467598860597093138650492145473822631203039228035470584833750815
327949029907191322805206271736645448837639817447072619404062005296834358583327982229501727
550173697836734836203476119494679063304838127130774715901104111977099690219535151047189719
295551971470492978336204086291134087249031147549888893129671563057440983366258883608257751
550180497174615447756579484139492958040768114134819838818790557527428964032311801647015127
295551971467250799837559232819274099668787886129997333559033627264336171014037315978339543
295552092883130227231727635722254708258650048017598614440428580990296119023491836266751191
260449483763055745093045548865300052740600919834000901586630063986700037302814057687
139033141167304627425360873972770155827081905473180844070647946208354551130007086295
156378862301962729109066335281920180816591951044656466644081000554216513900429293343
156107429234062515561820062533452158388822008549811558995955683378377624175659001047
327380766733855707378451441892443980223692337792852359118024525769017162328015752145741015
295552944698370431550483871833927828805526258338617620607715388695568666375028121556034775
295551973363924318685948412102974417046072937135198094537954762789363796922885518951785687
262346620450261083537110943466617372543237533674918485284411249442944917158306063575
140930277854509965869426268574087475629718519314098427768429131664599430985499092183
158275998989168067553131729883237500619228564885574050341862186010461393755921299231
327380766733805048339410116056946167917751036833166553499733308022249899635012290151523543
295551973363873659646907086267476604740131636175512288919663545042596534229882056957568215
262346569791222042211275445654311431242277847869300194066664482180251913696311846103
140930227195470924543590770761781534328758833508480136550682364401906427523504874711
262346982300539950150221642125945524692949575143620565411173872747894941886836188375
686567229717317784834351566173891869950915431249460132032512593091075391385675689668286404437207
619817412043979433175091452244846196593844549921459175759890129518769376819576010865116600411351
299530678774813794448148365169796103010281605644382356953765931655198454665226000517375191
550180618590900149229925558504840394661458184442826080473999150103145971707400219181786327
295552092883535501310905307184621536289477956438003575214242219840053178689125733513110743
546265049918951018243608996385055434217531430576264481272051045175514657824700012148892887
546210655189968697829623251451664375688145443184771021365455994428041968504714266310943959
546203855848845907777875033334990493371972194760834338877131613084607882339716048081200343
1687792592702913387497471572732441668688434298944931681895887541537672125535239596019468288468183
800831410221764442832359824924255939984499101562237318067127917441495805905847931145626839
800824610880641652780611606807582057668325853138300635578803536098061719740849712915883223
546202884514399794913339573604037081612518873557414812807370987178403012887573445476951255
292070710708998820771939244801011632321185780499970129195293894985998509914168890579559639
291635552877140257460053285333883164086097881368022449942533489006216995354282923875968215
291581158148157937046067540400492105556711893976528990035938438258744306034297178038019287
546196085173277004861591355487363199296345625133478130319046605834968926722575227247207639
291574358807035146994319322283818223240538645552592307547614056915310219869298959808275671
546201913179953682048804113873083669853065552353995286737610361272198143435430842872702167
546195113838830891997055895756409787536892303930058604249285979928764057270432624642958551
291573387472589034129783862552864811481085324349172781477853431009105350417156357204026583
804802223544041589844724777495570465767611511924589101996012118833791712567411881443665111
550173697836676941925704526175351607395631283919766596736255188570698919549137395774989527
550180497174557553478807890820165502131561270923811719653941634121028193361914046374814935
295551971467192905559787639499946643759581042918989214394184703857935400343639560706139351
295552092883072332953956042402927252349443204806590495275579657583895348353094080994550999
260686568067535997067953694786688638732673408643431284538376472348077845637044446423
295552092879830154455311188931067264769199943386698935704941721790790536000872513364632791
139270225471784879400269019894158741819154394282611227022394354569732359464237475031
260449425868777973499726221409390845897389911714836052663223663216029639547541857495
139033083273026855832041546516860948983870897354015995147241545437684153374734886103
156378804407684957515747007826010973973380942925491617720674599783546116145157093151
381866180973846999106357092773554836261580653349976481523715171562018153910873171159
260449838378095881438672417881024939348061638989156424007733053783672667738066199767
381659137594363312562494130972503779286891550800979243992716982255495801623234028759
295552092675978294431228172704467638992444929157802140660050908838938779137738331361191127
260271974605099998576056195968196071726151560476294927898872807788320309559096321239
381633200166374153734719251071861833195532418324414140506372143756678029082194683095
804802344723647372228361629453351572778286045384377992126136901676851780191516543429453015
295552092650040866442069344929587738350498837798669664094947422494100280319965790321845463
260246037177110839748281316067554125634792427999729824412527969289502537018056975575
260220099749121680920506436166912179543433295523164720926183130790684764477017629911
381629957987875508881247391084281589934112526764843502570579038944325807514564764887
804802344720405193729716775981491585198042783964486432555498965883746967839294975799534807
295552092646798687943424491457727750770255576378778104524309486700995467967744222691927255
804802238480700150135158210073418555786852576957862421891618897425255810242966878639695063
1055453136351269487332151042400907130521083701083897670148627733222096802037742687763375319
801320962545868513190750713597881681229750608026452986536550641029692299064338132865983703
800885804714009949878864754130753212994662708894505307283790235049910784504452166162392279
800831409985027629464879009197362154465276721503011847377195184302438095184466420324443351
800824610643904839413130791080688272149103473079075164888870802959004009019468202094699735
260242794998612194894809456079973882373372536440159186476734864477150315450427057367
804802223333242204466402789543556580890335223224496107871182872039572500663802911661827287
260216857570623036067034576179331936282013403963594082990390025978332542909387711703
804802223307304776477243961768676680248389131865363631306079385694734001846030370622481623
260213615392124391213562716191751693020593512404023445054596921165980321341757793495
804802223304062597978599108296816692668145870445472071735441449901629189493808802992563415
291581400740400968325227941789393833577005327904027601476820239034659509315634792682300631
291574601399278178273479723672719951260832079480090918988495857691225423150636574452557015
327950243833822572671130539537173132708179729366982637749855508572553660646410444205831967
503045837415269677284150371692871452096000128045724897524304998892335262034853176535
295552214062678115337592894360708359360117738266379385405704440426955415977198742980338903
381658674426006363297712436688563744535260137721040581430460824425159769970715469015
381632736998017204469937556787921798443901005244475477944115985926341997429676123351
503042595236771032430678511705291208834580236486154259588511894079983040467223258327
295552214059435936838948040888848371779874476846487825835066504633850603624977175350420695
381655432247507718444240576700983501273840246161469943494667719612807548403085550807
381629494819518559616465696800341555182481113684904840008322881113989775862046205143
295552092646335519586475226676033466830220824747365024585646924444837637631712570173367511
546195113601630910272625815247821718077635172239420053620690684533548516213019461303215319
260242331830255245630027761796033847621741123360220523914478706646814283797908497623
138855168840991931643589826791726140061001133035536207820634532179638791733770790103
260216394402266086802252881895391901530381990883655420428133868147996511256869151959
138829231413002772815814946891084193969642000558971104334289693680821019192731444439
138803293985013613988040066990442247878282868082406000847944855182003246651692098775
381626252641019914762993836812761311921061222125334202072529776301637554294416286935
260239089651756600776555901808453604360321231800649885978685601834462062230278579415
260213152223767441948781021907811658268962099324084782492340763335644289689239233751
138825989234504127962343086903503950708222108999400466398496588868468797625101526231
138800051806514969134568207002862004616862976522835362912151750369651025084062180567
260209910045268797095309161920231415007542207764514144556547658523292068121609315543
138796809628016324281096347015281761355443084963264724976358645557298803516432262359
503042132068414083165896817421351174082948823406215597026255736249647008814704698583
381629031651161610351684002516401520430849700604966177446066723283653744209527645399
260241868661898296365246067512093812870109710280281861352222548816478252145389937879
260215931233909137537471187611451866778750577803716757865877710317660479604350592215
381625789472662965498212142528821277169429809045395539510273618471301522641897727191
260238626483399651511774207524513569608689818720711223416429444004126030577760019671
260212689055410492683999327623871623517330686244146119930084605505308258036720674007
138825526066147178697561392619563915956590695919461803836240431038132765972582966487
138799588638158019869786512718921969865231563442896700349895592539314993431543620823
260209446876911847830527467636291380255910794684575481994291500692956036469090755799
138796346459659375016314652731341726603811671883326062414102487726962771863913702615
381625326304306016233430448244881242417798395965456876948017460640965490989379167447
260212225887053543419217633339931588765699273164207457367828447674972226384202114263
260208983708554898565745773352351345504279381604636819432035342862620004816572196055
138795883291302425751532958447401691852180258803387399851846329896626740211395142871
138792641112803780898061098459821448590760367243816761916053225084274518643765224663
138792177944446831633279404175881413839128954163878099353797067253938486991246664919
262346562568351241397240306317791248205226955166546023639134181379125762812082201815
140930219972600123729555631425261351291707940805725966123152063600780276639275230423
804802223540741529436237784153073329361243912494119034052912537763618836396035967589885143
381836530976131445346293519264872429120119323531147907111790769619385977265455703255
260446125808369486506383724272984478297959441646892953082153490339858263633688077527
260420188380380327678608844372342532206600309170327849595808651841040491092648731863
262346562555983311943791616010708165700026525555753636361004848672274519403033863383
140930219960232194276106941118178268786507511194933578845022730893929033230226891991
383759612314196743432168933103351878051165962551384764723447094375574780546216699095
262343269718445625764484258210821981137646948190564707207464976597229294373409727703
804802223540741517068308330704383022278161407293689423260525259634286129544792558541546711
382099610590510698288847182235729085541561523325515855195159084543400712486949299415
260683267994759580621162507343199188628042508964695797679176966765055226314142328023
381862468391752674720619708858431292706278026396920623320006275411352506397446710487
260449367974500201906406893953481639054178903595671203739817262445359241792269657303
520621289943663249218537985072530971347887194769645665473628342723207733773045970719
260446125796001557052935033965901395792759012036100565804024157633007020224639739095
383759605091325942618133793766831695014115069848630594295916793574448629661987054807
262343262495574824950449118874301798100596055487810536779934675796103143489180083415
383759605078958013164685103459748612508914640237838207017787460867597386252938716375
262343262483206895497000428567218715595395625877018149501805343089251900080131744983
262346562554437320762110529722322780386876471854404587951238682083918113976902821079
140930219958686203094425854829792883473357457493584530435256564305572627804095849687
262346511895398279436275031910016839085916786048786296733491914821225110514908603607
1095814162358219460755271894055596067787730541662706154490678438262179527319576308666447647
295552092883014437130193267402513508054851048445528674761682324411327989326290899591308503
260686510171712234292953281042394046576312346822917387205203904989051042455641203927
139270167575961116625268606149864149662793332462097329689221787210705556282834232535
520627774299114547743800618759306072557576924187437892935448385759555771482174764831
260449367972954210724725807665096253741028849894322155330051095857002836366138614999
139033025377203093057041132772566356827509835533502097814068978078657350193331643607
262346504672527478622239892573496656048865893346032126305961614020098959630678959319
262346504660159549168791202266413573543665463735239739027832281313247716221630620887
522524910984773895006184927072238007047063484327006428223463404627444245911535728415
262346504658613557987110115978028188230515410033890690618066114724891310795499578583
156379325471644813672431817813047688693780553011465742128993872603143750203917317919
