8
550181483685641317470891869439102425200601246199366854750010753178949731469621691532518615
678353677859913945387070029216574460302339060163015203775427798617453948628228461319957468751063
1145470471665127618801459846917105785169373380451338377281302437339805833239558728088284687836375
678223307557428538277548848692516260100031766185820583855387085628695268225043607770761731318999
323464346247071745123545732234734375454597229585421973392734297613960408665820123976246487
323409951518089424709559987301343316925211242193928513486139246866487719345834378138297559
323403152176966634657811769184669434609037993769991830997814865523053633180836159908553943
546202990754104937478887556623491759214589028123784082341382101264984218390308509543113943
291573493712294176695331845572319489083155478915542051011864545095686555919891421270189271
546265049918951117214598413496437082408411378136009740142182090803604705731106979055215831
1153683796805181540269180818400571285685489374033300238090743416907880422115415866385818653893847
291697718281691579761312125226283164881990385946617377277344592631418688197816457454232791
546202884514399893884328990715418729803398821117160071677502032806493060793980412383274199
291635552877140356431042702445264812276977828927767708812664534634307043260689890782291159
291573387472589133100773279664246459671965271908918040347984476637195398323563324110349527
260479531910950665127647731513683984700991507169719250255502012235778103928154563799
295614136900923834348850160639086532777662900276608177864737229621080404357167202953667799
550119303133632148471867026128222097699071335447150872264894669796154776953331157882709207
291635537729682410762287281915402837380460475194401394792228509248623733681525923804423383
139092368921687351141209796509376277140251516845034934161657837768602611864016856279
578023785795661962408075528444446093955738000048335326450067208347494504588705219566183639
546202869341004520226414742410676854264935376024661281091962521075971252397043904366060759
291635537703744982773128454140522936738514383835268918227125022903785234863753382765077719
291573372299193759442859031359504584133501826816419249762444964906673589926626816093136087
578030585133542573961178893089259988691667987052380449367753653897823778401481870166009047
291573372295951580944214177887644596553258565396527690191807029113568777574405248463217879
260449889136105912181619297341521760596581070053644846271107911094272078166966740183
139062726146842598195181362337214053035841079728960530177263736627096586102829032663
139033083371997845249152928165051828931430642612886126192869635485590560341641209047
275626983524239540382448156262042259392104912758037399878669349637520642462383154391
327380780013755612999959022447962491708544435028818362298276557770959526567709403704272087
323464240007360369149107000597224119505164359958837237026567826937123343232866594067129559
154239820534976226396010221257734551831364922433353083784825175170345150398245446871
156107371451123662839060807032816913998371175300309228396306705362464876796341462231
327380766733797924439598719133188479588447947342019109615693926120039146415268372828202199
295614138768417759077365112124737269015841103703214513500304221137497425947264706306188503
295551973363866535747095689343718916410828546684364845035624163140385781010138139634246871
142827357661635301692486800091834573921535661493357952170002626705072332322202264791
295551960083903405297775868605209787734429770808536843702639154583074386310597127489266903
295551958190471162089181441038977040872365101591866054450084651409863972613201631617033431
295551958187228983590536587567117053292121840171974494879446715616759160260980063987115223
262317383060834427133104948077759938800007676389280413262624328115862175670319260887
140930220071571113146667013073452231239267686064596097168780153648686683606181553367
262346975176640138753297884437616221603458427699736526029271661994675197969512867031
140959812187376824766859949433308514042718437375052209935427487527499705905375159511
323464240007359478658186352291522009523223985527905259974683801625168449943341142586762455
577977176915636695697486895628284868520258990325804162932926249049881778156645918349796567
577970377574513905645738677511610986204085741901867480444601867706447691991647700120052951
546202884514392671013528176680279393283215784066267368923331605276192259667829528153629911
323402074602808255327916929510503656918211428509055591510003743628056805006214575914820823
546140719109841447683258753899261040678203227047417700458651547279080614730702961481688279
275597339858903866788114019979898094913263543664911111868963293602725091249714963671
154210176869640552801676084975590387352523553340226795775119119135549599185577256151
260420239138390358421555723832839353455119740234816271859183509151639901521549272279
139033076149127044435117788828531645894379749910131955765339334684464409457411564759
260479474029040822987777094364857860362980928661346788610224944171958949581930702039
577977161768128090989690149262925081317800335632752043294199005917431205884478489377711319
577970362427005300937941931146251199001627087208815360805874624573997119719480271147967703
139092311039777509001339159360550152802240938336662472516380769704783457517792994519
291573493686298866796330877926802439615085049545831066074299413473779993282964534006981847
381836994243459384028186595197003343819310481869956700719675017497628415884880585943
260449831254196070041748660192695636258570491545272384625830843030452923820742878423
139062668264932756055310725188387928697830501220588068531986668563277431756605170903
260420188479351317095720226020533412154160054429197980641436741888946898059555054807
139033025490088003109282291016225704593420064104513664547592567421771405995417347287
154239762653066384256139584108908427493354343924980622139548107106525996052021585111
139033018366160637922836674136370181597972608288098592345096928275455202383574410455
550119411214835806895939575876428813880369316510670233626776598149156393502829871131862231
550119411211593628397294722404568826300126055090778674056138662356051581150608303501944023
262317325178924584993234310928933814461997097880907951617347260052043021324095399127
140930162189661271006796375924626106901257107556223635523503085584867529259957691607
275597281976994024648243382831071970575252965156538650223686225538905936903491101911
154210118987730710661805447826764263014512974831854334129842051071730444839353394391
139033018267217202295247151679705521556369171401759494120062266620645255111187702999
275623277274525096162440209573456958499422246530683828077178799394691620381705970903
139033076136759114981669098521448563389179320299339568487210001977613166048363226327
140930162177293341553347685617543024396056677945431248245373752878016285850909353175
397010382381878568009007507428938541722151658346995682525745905798047958099619816663
275623219392615254022569572424630834161411668022311366431901731330872466035482109143
295552092879765136277728198687982120530690010684543372656053416482179012110730840769111255
139033481423206222106580155656562473802800154870905769404189091744130043354657924311
260420181244112586828236396376930146611908732115651422935777108380969503766277072087
139033018254849272841798461372622439051168741790967106841932933913794011702139364567
275626519451477749834230983272651816447692084388905417603205737618687436523204846807
139033076135213123799988012233063178076029266597990520077443835389256760622232184023
140930162175747350371666599329157639082906624244082199835607586289659880424778310871
275626461569567907694360346123825692109681505880532955957928669554868282176980985047
139270160452061305228344848461534846573302185018213290307319576457485812365510911191
275622756222712313576106791852305414096630201241023655459879406912180028956832507095
260420181242566595646555310088544761298758678414302374526010941792613098340146029783
139033018253303281660117375084237053738018688089618058432166767325437606276008322263
140930220069804266081888628743868933738524767548768613271904534690565077404888933591
140930220057436336628439938436785851233324337937976225993775201983713833995840595159
154210176855505776283449010338924007346580205213606924600114167470576749575236297943
139033018253082425777020077043039141550425823275139622945057314955672405500846744791
124178050167110931172893465270293746611851989716461072281851919795069022446807
66296140324971060535744639145955736033343617254815795213788100640722798585047
74581138618440444426350661598010815656703807459250840453985758062326934517535
277494541675622687578955850809070884395672741739904654835635188793499879549409240279
550181591792898180068717466125432775102173794153859121578859376384934137208561442969167063
686567229717319652386269540430339759589884112511748639646027628190675766968971738686907587568855
327380781881313764383106218955657038737169438596647344165531514736798682546946490730357975
327380766733855818714350798425795063840652084863281030145095489351115372967782523752490199
156107378686359373592517915804763176834932751415220338741791014326324387485271532759
550181589925346361062430921320454582954788747516244666778443461462116344948066184344446167
686567229717317784834450534143794954611691965126702002031572827774760844151179478191648962847959
275623284509760806915897318345403221335983822645594938422663108358551131070636041431
327380766733797924436579205106467607931445241652272910980246565944714602297384768480290007
262346975176637119239271163565959218897768681501101078669096337450557314365164954839
275597339858900847274087299108241092207573797466275664508787969058607207645367051479
154210176869637533287649364103933384646833807141591348414943794591431715581229343959
140930220069801246567861907872211931032835021350133165911729210146447193800541021399
550181591792905303995705213317709546000571451390096663164500658858657715510029604268614871
686567229717319652393393467418086951866655010909405875883569213831958240692550040155068887016663
327380766733862942641338545618071834739049742099518571730736771824838951269250685051938007
262317448079036166959589831432910540594765175851395456108329127920716157982542996695
140930285089772852973151896428602833034025185526711140014484953453540665918405289175
578031693031847023576526453484494286507954333214787409638880239346328739506106040549188823
1153814421675119971859024046463916643720737132557805494000231039922649293378089156549028124107991
1439835838936132427101137670805642831536493195985394483582475595398273084282410682610834924438679004375
686567257567420891335113048239327118651395518292287700574315688211538728363574036231505167590615
1422610772231274250396384743804132637288915695408450544583384574485266327320444565768496738777636086999
1422337365890676373905838181025742934618246549229588893028831353159465083195544643778093799630508205271
678353900660739004487226714522254609684068952103482200960278593253759156945996429930304679519447
678353677859929092902811028911007439908332587099126643748501179925897508810541768315352440710359
1145486767952953442205890994177046039800655319134599144744380907771844228472270141777329126974679
678223307557443685793289848386949239706025293121932023828460466937138828407356914766156703278295
323464361394587486123240165214340368981533341025395046774042741174142721972815518948205783
546210776577189581394865667450725046817151709191113364280775552074805487314444725349065943
323409966665605165709254420280949310452147353633901586867447690426670032652829773110256855
323403167324482375657506202164275428135974105209964904379123309083235946487831554880513239
686567229717317784892245868102321431076582252548165398384530824094539193974727323906681304851671
327380780013819740710778200627143736877205855355385847361435378163804438132166264447640791
550181483685699112801830881888846443831020003905973614110883171353448735197453119526610135
678353677859913945444865360155586910046357690581772910382187159489872123127232189151385462842583
678223307557428538335344179631528709844050396604578290462146446501113442724047335602189725410519
577969512479837854577501610173613959006424422462571427153764155963533784989815506899379415
323402180842578317124215321903460041480003430273179064288926657791347767456524985298396375
359839988681673934852135560548931575532363637178920451514966366669787649889425421723612959
323464240007424496859926178776405364673825780285404722089726647329968254797323454810498263
577977176915701713899226722113168223670860785083303625047969094754681583010628230573532375
546210655190026592131551681012790042509444148451123039596459458230631020138952661211358423
323402074602873273529656755995387012068813223266555053625046589332856609860196888138556631
275597404877105606614598903335048696708021043127026154714668093407579073561938699479
154210241887842292628160968330740989147281052802341838620823918940403581497800991959
171585142628988197993113169528113203489570122409953202616394916597435538376892462879
678353677859913945444852992226133461356050607499267709952576367102593993794525337907976414504151
359839988681673922484206107100241268449281131978490840722579088540454943038182012675274527
546265049919008900177607972497490793955747630642186888710667230848771002607694998000968919
291635552877198139394052261446318523824314081433944857381149674679473340137277909728044247
295551971496430393981590296859121891719986595763935657968542311669135056296628655227479255
156408041896106760173106183073971379526225889369065975328485799439499105239678433055
323464346247078869047513965400290274695992181131913316342928219912359442849404680927782103
139062733270766566428346918236455447987387571071910724099562135661280170659780568279
678353677859913945387861573304641896421011763315304130306045046524974028681354808279081671009495
323464346247072536667633799670853048157749518511952590640641817694013535012779248178504919
546265049918951908758686480932555755111563667062540357390089610883657832078066103257474263
291635552877141147975130769881383484980130117854298326060572054714360169607649014984549591
139062726938386686262617481009917205324767610346208437697343789753443545227031291095
550181711105009926412096846306010273169802239171956904112500744525667253566642469623899351
686567229717438964498015883809719940167382180140193657743810161832043907702088096767934242301143
550181604865304882817538280397937243758612032165332893448620676067176095970314372464059607
686567229717332724792972289251154032094352768949986651119799497951975449210930500439837082461399
578031799063994847923478431463723111539029007740780374956181718674372790699803326508770519
686567257567526923482937395191305097880220549366962226567281005513018056407625229928791127172311
678353677860035125050635375862985419137157618173801169741466497227376836854592962012638400292055
678223307557549717941114195338927218934850324196606549821425784238618156451408108463442662859991
323899625258593873782078102660697662247695914683335691344104626481968287726398771611378903
323464467426735310470192143193569194012608015551388012091344220502186773166512804907787479
323410072697752990056206398260178135483222028159894552184749169754714083846527059069838551
1153814421675119764301804798857328714876532752442273013369185693344060162930982753918216923849943
1439835838936132427100930113586395224948564351781014368049994964352926505693280235504432293627478746327
1422610772231274250396177186584885030700986851204070429050903943439919748731314118662094107966435828951
1422337365890676373905630623806495328030317705025208777496350722114118504606414196671691168819307947223
679266492778136646696655730584074082256015629828312059769518237596480789321184002143863641285847
678353900660738796930007466915666680839864571987949720329233246675170026498890027299493479261399
678225567394229724306572554837296890015718329479148766345443169826860700477004937087003925226711
1146513434085025815636151043197416437549620879089474295983656175979729706200244460846434358994135
1145600841967627965869502779529009036133469821249111956543371185058418943377950486002064196969687
1145472508701118893246067867450639245309323578740311002559581108210109617356065395789574642934999
1145470471665142558759981599004950835931162527271917336623330472069660262974765632452868459537623
611604082987400445270747352986621007482793690659948764056610783102864011932790348496323675235543
611473712684915038161226172462562807280486396682754144136570070114105331529605494947127937803479
546700328930473245873130783922400369201510063233923458093552419671612584791685626690348247
546265171098614682561244824455271900966422164101975778840792013691831070231799659986756823
546203977028509572095510861405206960120862928286545636445872581600924294746815695919064279
578023922148720901412636187708022788052212231106800155734216642966242677486334408514938071
546203005694063459230975401674253548361409607083126110376111955694719425294673093314815191
291635674056803921777689113404099630834988614893733747511274457522533407761382571713832151
678353677859915605382461331984598772554999530584818287289454500362299821052040666143529095472343
678223307557430198272940151460540572352692236607623667369413787373541140648855812594333358040279
323464347907067136426313756546987035925019032668936000094479143486384220870643695602967767
323403153836962025960579793496922095079459796853505857699559711395477445385659731535275223
546265051578946508517366437808689742878833181219523766843926936676028517935930550681937111
546202886174395285187097015027671390273820624200674098379246878678916872998803984009995479
1211307474420258209109656008169543607273576224806577535937389031784659239607797637813077199627479
2541936329726165684471103891726622999967569292806488100051035092706309338764556814304053533346919687383
677441085742516095620421762151213778825207388194608963370669342817862988565822353856532415325399
1211193400405583477888824975210992682096557342576532243507353407919495394255010890957530929374423
1211179141153749136486221096091173816449429982297776581953598954936349913585912547600587645592791
1211177104117772802000134827645485407071268930829382916017348318795900559204612784263881462195415
677310715440030688510900581627155578622900094217414343450628629829104308162637500307336677893335
677180345137545281401379401103097378420592800240219723530587916840345627759452646758140940461271
577596520052472719261549107757698844131802278741902183539933109609124799506605623982236887
354795710140888303575937860587923107766797923184690406126605247960989344844990671743427799
678353677424756113528506713933661713112890210947072170863275080978767771606601768814935873758423
1212089695800012819908219779427933341358951753581846123509954056956805342245392199222284920628439
323029188415213181808262819487544926605381286552509820675095611436938781973315102381253847
577542125323490398847563362824307785602416291350408723633338058861652110186619878144287959
322974793686230861394277074554153868075995299161016360768500560689466092653329356543304919
577535325982367608795815144707633903286243042926472041145013677518218024021621659914544343
322967994345108071342528856437479985759822050737079678280176179346032006488331138313561303
609355271102578938112940471010449731217592345746726560433357738883536406761140372510418135
577534354647921495931279684976680491526789721723052515075253051612013154569479057310295255
322967023010661958477993396706526574000368729533660152210415553439827137036188535709312215
322904857606110735147723973925508221395356172514810483745735495442715492099061969037370583
1212089918600716491787591870480614603061658707395994674097720806404598531889689264509139999597783
1145472508265839881723939205521315539285056171513582003681389691961500552108074202591872116401367
1145470471229863547237852937075627129906895120045188337745139055821051197726774439255165933003991
1145340100927378140128331756551568929704587826067993717825098342832292517323589585705970195571927
678223529861780308193247158728321724548349025224790286100858722518370189940938495568631147603159
832155974774458310203993152272152438171406494297314327182805532073180703826427227589387479
577588643137198772750706864001998520644985502107921964317968033900994686293136705988404439
800335058319800868022332366238383198480603870273640281824700844801657451634765912389264599
678223529860808973747134294192861993594937265771469082681332652757744283736069043426028543354071
545767726682541330569046077968229280954182878084247918959863346629471434101475390788281559
545706532612436220103312114918164340108623642268817776564943914538564658616491426720589015
577526477732647549420437441220980168039972945089072295853287975903883041356010139316462807
545705561277990107238776655187210928349170321065398250495183288632359789164348824116339927
291138229640730569785490366917057010822749328876005887630345790460173771631058302515356887
291076064236179346455220944136038658217736771857156219165665732463062126693931735843415255
323409951310590000792892411822243131175514467419904227500433075910539616671034994932131031
577969512272280635329895022244769754626308889981940381807185566833086678587184695699121367
546203855641346582832196874967271955813155367546555311761556487756749827571323631781356759
578023800761557912149322201270087783744504670366809831049900549122068210310842344377230551
546202884306900469967661415236318544053702046343135785691795861850544958119181029177107671
546140718902349246637391992455300191448689489324286117227115803853433313182054462505166039
578023906975325527754721939403280912513748786014301365148677131235720869089397900497724631
578023800735620484160163373495207883102558579007677354484797062777229711493069803337884887
546202884280963041978502587461438643411755954984003309126692375505706459301408488137762007
323403151940287604253340512458829360637151866216943508876367272429162219336042668033123543
609851622767863581489486090081864046940481397042020533424468264057573395093835866297672919
546202884277720863479857733989578655831512693564111749556054439712601646949186920507843799
396802948075110472840882874035618234827639534882928995705726659267169707355915494615
275415785085847158854444939031310527266899544558244679611882484799994215291777787095
381629552701452558592578132160079771382547036092343456193996137458772770847898281175
260242389712189244606140197155772063821807045767659140100151962991597278783760573655
138855226722925930619702262151464356261067055442974824006307788524421786719622866135
260213210105701440924893457267549874469028021731523398678014019680427284675091309783
138826047116438126938455522263242166908288031406839082584169845213251792610953602263
260212746937344491660111762983609839717396608651584736115757861850091253022572750039
138825583948081177673673827979302132156656618326900420021913687382915760958435042519
138795941173236424727645393807139908052246181210826016037519586241409735197247218903
327380766733855707402608278134242191135784199848196258184179066165205443291856391773955287
262317440843797436692106001789307275052513853537848898402669494412738763689265013975
140930277854534122705668066784999567491773863213164582308825319945563271625127306455
327380766733805048363566952298744378829842898888510452565887848418438180598852929779737815
262317390184758395366270503977001333751554167732230607184922727150045760227270796503
140930227195495081379832568972693626190814177407546291091078552682870268163133088983
262346982300564106986463440336857616555004919042686719951570061028858782526464402647
327380780013812505472047933143314093273940313104063533814877672504170930154771971169658071
323464240007417261621195911292575721070560238034082408543168941670334746819929161532515543
577977176915694478660496454629338580067595242831981311501411389095048075033233937295549655
323402074602866038290926488511557368465547681015232740078488883673223101882802594860573911
275597397641866876347115073691445431165769720813479597009008459899601679268660716759
154210234652603562360677138687137723605029730488795280915164285432426187204523009239
171585135393749467725629339884509937947318800096406644910735283089458144083614480159
686567229717317784834351590330728111749126343341322187376411659245615787573956653508926032651479
550119424520795038788348431696573664727990810682739837145234258408427477186256894742308055
295552092883535501335062143426419747201569818493347474280396760236241459652966373141325015
550181483685641218524059288569518987921813160694965494946034247947047964527055364254409943
678353677859913945386971082383993590718901781374929699374067994640948716726461518753630190642391
1212091733271146986252770416323953628343124375478097317956997606759435641746551712497685420909783
678223307557428538277449901859935390516594487397735079454027281652190036323276665204434453210327
323899504078930209488599110832279406410897043212968292841518198361840156283139763401729239
577969512479779960299730016854286503097217579251563307988915232557133014319417751627179223
323402180842520422846443728584132585570796587062170945124077734384946996786127230026196183
546700207750809581579651792093982113364711191763556059590965991551484453348426618480698583
546203855848845907802031869576788704284064056816178237943286153480796163303556687709414615
800770216151659332390782698115989210051031727802151074738363025746777311384704606706148567
546202884514399794937496409845835292524610735612758711873525527574591293851414085105165527
291635552877140257484210121575681374998189743423366349008688029402405276318123563504182487
291573387472589034153940698794663022393177186404516680544007971405293631380996996832240855
550119303133632049525034445258638660420283249942749512460918164564253010010764830604600535
295551971496372512071748156988484742893862257753357149596080666392066992477474309003617495
295552092879830154479468025172865475681291805442042834771096262186978816964713152992847063
139270225471809036236510818105070833681209738181677381562790542850696200103865689303
260420246262314326654721279732080748406666231577766465781481908185823486078500807895
139033083273051012668283344727773040845926241253082149687637733718647994014363100375
546210761429623082409297327766037803705486211287053125477199385535954144371879541104780503
546202990754054179493013649918410509629859641659696916919114378286315188754738720270787799
381837001367383352261352151096244738770856973212906894641973416531812000441832121559
260449838378120038274914216091937031210116982888222578548129242064636508377694414039
139062675388856724288476281087629323649376992563538262454285067597461016313556706519
323464240007360270202274419727640682226376274454435877222591321705221576290300266789020887
577970377574514697189826744947729658907238030828398097692509387786500818338606824322311383
323402074602809046872004996946622329621363717435586208757911263708109931353173700117079255
275597340650447954855550138652601247202190074282159019389043346729072050373917222103
154210177661184640869112203648293539641450083957474703295199172261896558309779514583
323464346247014654757791659800215899331625180501374082268180172416945471193624901954643159
381836995035003472095622713869706496108237012487204608239755070623975375009082844375
260449832045740158109184778865398788547497022162520292145910896156799882944945136855
139062669056476844122746843861091080986757031837835976052066721689624390880807429335
577596413812760452796189727814486478200429034684385470121882613620332840784126642592752855
1212091732835882914682039582514241807524746873676995731929491275046758707834733240080009714541783
323029082175500915342903439544332560674008042494993107257045115448146823250836120991769815
577542019083778132382203982881095419671043047292892010215287562872860151464140896754803927
832102551379914879783742053034575454881290791058347690591800679701612082832433200126043351
577535219742655342330455764764421537354869798868955327726963181529426065299142678525060311
832101580045468766919206593303622043121837469854928164522040053795407213380290597521794263
577534248408209229465920305033468125595416477665535801657202555623221195847000075920811223
354733438496624813780309057863692389230412122108324024243874693975085741185385123682002135
322966916770949692012634016763314208068995485476143438792365057451035178313709554319828183
322912522041967371598648271829923149539609498084649978885770006703562488993723808481879255
322905722700844581546900053713249267223436249660713296397445625360128402828725590252135639
577472083003658006135650882252449772990403920646686133192522497626109550909873509248869591
322904751366398468682364593982295855463982928457293770327684999453923533376582987647886551
577969406032568368864535642301557388694935645924423668389135070844294719864705714309637335
323402074395308831411249354031403471168514653735031305524297572672108702331415192708654295
609851637915314304287440696576586685316815713724494144690733861912955903546848949045896407
323402074366129224923445672784663582946325300956007269388556150534165391161421084039390423
290537298380655954633164781769044915492222885692945841723393028809629455833486664919
323402195752829045829810394440904303313998110064584514134209682122182028000881495658538199
169150135391392640646726846764737207931482895368261525629548854342453963769348957399
275360197660142446266606485621986174034079082262851001713613244358544266105320973527
153973034670879132280168550617678466473339091938166685619769069891368774041183266007
171347935412025037645120751815050680815628161545778049615340067548400730920274736927
546203855641288700922354735096634806987031029535976803389094842479681763752169285557494999
832591132398759567692766349669604552444801324545623685542276402017186164024978519754351831
800770215944102125511105563635835312753998700521949640184171714745662911833317204554228951
546202884306842588057819275365681395227577708332557277319334216573476894300026682953245911
546203005668068149331974434028736498893339177713415125438546824072812862657746206051607767
291635674030808611878688145758582581366918185524022762573709325900626845124455684450624727
832591238612527183298166087802797681214045440193115219641052984130838822803534075874845911
832652447826848060934010617910864609375878768322020116485770505814324095515460439290488023
546203005664825970833329580556876511313095916293523565867908888279708050305524638421689559
323402180605783609478962912857238800051574207002945474434145001245889286064745719205012695
396802890193200630701012236886792110489628956374556534060449591203350553009691632855
275415727203937316714574301882484402928888966049872217966605416736175060945553925335
323402301992483430385327634513479520419247016111522719179798532833905922904206130824160471
381629494819542716452707495011253647044536457583970994548719069394953616501674419415
323402180605320441122013648075544516111539455371532394495482438989731455728714066686452951
260242331830279402466269560006945939483796467259286678454874894927778124437536711895
260213152223791598785022820118723750131017443223150937032736951616608130328867448023
275386084429092563768545867710322178824478528933797813982211315594669035184366101719
381599852044697963506679060839091422940126020467896590564324968253447590740486595799
260212689055434649520241125834783715379386030143212274470480793786272098676348888279
138825526066171335533803190830476007818646039818527958376636619319096606612211180759
138796346459683531852556450942253818465867015782392216954498676007926612503541916887
260183046280589896574212691662621491274975593027137870486086692644766072915161064663
138795883291326582587774756658313783714235602702453554392242518177590580851023357143
262317382961887594552235364640481150714503275029476436757392426348919609343041152215
140930219972624280565797429636173443153763284704792120663548251881744117278903444695
262317332302848553226399866828175209413543589223858145539645659086226605881046934743
140930169313585239239961931823867501852803598899173829445801484619051113816909227223
275597339759957034207244436542619306827759142305107135363731391835782524922436854999
550119303133574167615192305388001511594158911932171004088456519287184946191610484380738775
260657330579162508083078115960552416903939149997989236011357649254052537821779535063
260420188380404484514850642583254624068655653069394004136204840122004331732276946135
139033025391141170528412707578946916507915662744709688042360665654828839668139238615
262317325079977752412364727491655026376492696521103975112115358285100454996817290455
140930162090714438425926792487347318815752706196419659018271183817924962932679582935
275623284398449064395605765472698353450968737873634021999477198428875204938657506519
262317382949519665098786674333398068209302845418684049479263093642068365933992813783
140930219960256351112348739329090360648562855093999733385418919174892873869855106263
397010389505802536242173063328179936673698149689945876448044304832231542656571352279
275623226516539222255735128323872229112958159365261560354200130365056050592433644759
262317325067609822958916037184571943871292266910311587833986025578249211587768952023
140930277840620202070538290189531099673423379901023146620929820650355622789947925719
262317382947973673917105588045012682896152791717335001069496927053711960507861771479
140930219958710359930667653040704975335412801392650684975652752586536468443724063959
275597339746043113572114659947150839009408658992965699675835892540574876087257474263
154210176756779799585676724942843131448668668668281383581991718073399384023119766743
275622763346636281809272347751546809048176692583973849382177805946363613513784042711
139033025377227249893282930983478448689565179432568252354465166359621190832959857879
262317325066063831777234950896186558558142213208962539424219858989892806161637909719
139036846500049601861629151818536145696245205885136427934088445467033795379442820311
140930227193728234315054184643110328690071258891718807194202933724748661961840469207
154210183991797673970063256545248484803327126167349505800541899211611577541236171991
260423951607403073708196449674017728918974617701448282382655551870390133097356666071
139036788618139759721758514669710021358234627376763966288811377403214641033218958551
140930277840399346187440992148333187485830515086544711133820368280590422014786348247
154210234638468785842450064050471343599086382362175409740159333767453337594182051031
171585135379614691207402265247843557941375451969786773735730331424485294473273521951
260449889023024303082522639267576592505133320567220998590871057662356662229347673303
139062726033760989096084704263268884944393330242536682497026883195181170165209965783
275389840420852422694407845157482018132546171252305534523002393835077442256167838935
154002677431589108707969910153174310571806180927621218429158219367901950192030131415
140930219958489504047570354999507063147819936578172249488543300216771267668562486487
154210176756558943702579426901645219261075803853802948094882265703634183247958189271
139062668151851146956214067114442760606382751734164220851749815131362015818986104023
154002619549679266568099273004348186233795602419248756783881151304082795845806269655
153972976774834513622070838832185962129385165303174352799487050162576770084618446039
124064968558011834514819520102202298862365565868780835428420004379131403379927
66183058715871963877670693977864288283857193407135558360356185224785179518167
74468057009341347768276716429919367907217383611570603600553842646389315450655
277494541675622262959795843186494118390185121180721545050610533779483302167547815127
327380781881313764382681599795649416160403433109026784982421729712143668530369108868932823
156107378686358948973357908182186410829445130856037228956766359312307810103410107607
275623284509760382296737310722826455330496202086411828637638453344534553688774616279
139062726146839154061994633842980284324663712971141973032063757068962125116619695319
262347026726169669473604701618224575304525680851986355396914718902047140479534441687
327380766733798814930088113604507847890860347449586456247232076016328791094207420855559383
295614138768418649567854506596056637318253503810781860131842371033787070626203754333545687
295551973363867426237585083815038284713240946791932191667162313036675425689077187661604055
140959863736906355487166766613916867743785690527302039303070544434871648415396734167
156107314459704310093661489252293202060468164138568304900925926943324661498144957655
140959805854996513347296129465090743405775112018929577657793476371052494069172872407
140930163080151760401267695292928519301364674902855173673399375229546468307985048791
140930220974208676111489724707639813956982818207541587109696323630451665288095671511
125082675433023629566898434062699797527325241125785973523161571583727390762199
67200765590883758929749607938361786948816868664140696455097752429381166900439
550181589925346361061999667486071841275260773192880036358097586046451096337479780891436247
686567229717317784834450533712541120228950285598727678666942407428885428485930867605245509838039
582001535045557690379124993788887669206610076013134555646441647411769479076998493487310039
678353677859913945387070025765806599198725723632335190664598742824218357638435732849949667828951
678223307557428538277548845241748398996418429655140570744558029835459677235250879300753930396887
323464346247071745120094964373630762118066549572311144336941062022970615937350116175324375
609851623004542611890506578946600507575836844581958026490122621560475016210159350372181207
832652326676421983981559260208303214529650993132545793239570414750119313275446205451150551
578084995039162446528272971938149297003230000943153430374732916577933295742155683850167511
546202884514399893880878222854315116466868141104049242621708797215503268065510404582352087
578022829634611223198003549157130944398217443924303761910052858580821650805029117178225879
582001413658394701115811007350952664898902515273144230962125553567595011901506429349602519
397039627105511493329747610496253590275179472375994650063229560888286030839990002903
546203005927037142776401772285435737476487041571758963932465815148358403722743357240845527
275859963540161449965508714697081451445312541863831161860144094411652719104167060695
275652464116248179343309675491945882714439482051310333969385386421110538775852295383
260449889136102461413758193728185229916567959224589053035516921301543608159165818071
139062726146839147427320258723877522355827968899904736941672746834368116095028110551
327380766733797924436147951272084866251917267328908280559900690529049353686798365027280087
836568747163148163297612247106757318663501710889142929462530043256198051024894454303106263
140930220071567662378805909460115700559254575235540303933189163855958213598380631255
262346975176636687985436780824279690923445316870680732793680672201946727961711944919
323464240007359478654735584430418396186693305514794430918890566034178657214871134785840343
864418848402089882878433487273542059170884592713833675936909623743869075020970890583680215
323402074602808255324466161649400043581680748495944762454210508037067012277744568113898711
275597339858900416020252916366561564233250432835855318633372303809996621241914041559
154210176869637102033814981362253856672510442511171002539528129342821129177776334039
836568745295596356659255155750469433599199169451958085454501406462712965615642604726723799
518426732212864965176314908351735173497908884192306504511796667291642368557903848663
323402317402557834444262371682957856593065908743959002830992402067329352417466122915882199
397039569223601651189876973347427465937168893867622188417952492824466876493766141143
275652406234338337203439038343119758376428903542937872324108318357291384429628433623
260449831254192619273887556579359105578557380716216591390239853237724453812941956311
275622763459493584257410604170957534272018466426863468339714217215785358668440610007
139033025490084552341421187402889173913406953275457871312001577629042935987616425175
398907063247273601768952146540330304182198937089596853634503571500866921269505369303
262317325178921134225373207315597283781983987051852158381756270259314551316294477015
398907063135962236687913933776582561635395070592465368131339577139205730588070323415
140930227306585536763192441062521053913913032734608426151739344994170407116497036503
154210184104654976418201512964659210027168900010239124758078310481033322695892739287
140930220182658171576746824182665530918465576918193353949243705847854203504654099671
124178046716343070069280128739613733501022933923225481292059191325061221524695
66296136874203199432131302615275722922514561461580204223995372170714997662935
291574343630397693836355675195135246447770628786806165037481220852596588305196659163866327
295551958187228969704221990013877695958712764008350131513924593554082806331980036904133847
140959805855051719630273162170715592504657307314607627250228875223408672698261906647
75485819090636119853061255239515748767472736918168177094147766029614391867167
140959805855027563518059395197459570859139337725524048368826278870465603863478609111
75485794934523906086087999217870230797883653339286774497794822960779608569631
67214907261460535503145387124175576553060999427145331612909195319951030297815
154239768985498019936984950427734988574843389117305164898610862073990330106058974423
81818195951287822569416136479472678981999803757210220115511484771442793232159
619947778429924833889467780505702559601546863695299636558941979607318293289332120618256111838423
611604051220757539932060266264571850431913003529299517024864171660780041468569660767859886335191
291697718281691579788911528128445283914287159297732254816022068073231394882456243959047383
295614136900923834376449563541248651809959673627723055403414705062893111041806989458482391
291635537729682410789886684817564956412757248545516272330905984690436440366165710309237975
139092368921714950544111958628408573913602631722573611637099650475287251650521670871
156437626888016102963035725653618564151481264214110571648276546990813182768425318175
295614138768417759104964515026899388048137877054329391038981696579310132631904492811003095
158305120812744617914521376389856742354907870549746138639792964012403280271777838879
140959812187404424169762111552340810816069552252590887410869300234184345691879974103
323464240007359478685785755193684128555520758879020137513361277066981156627980929091577047
171585077610814057569530448291994898468163737825376837246131929499266195851173541663
260479474029068422390679256483890157136332043538885466085666756878643589368435516631
295614136900865952466607423670611502983835335617144547030953059785825047222652643234620631
295551971496314729136338000889593150378822778598294878566273001788713402285526076562678999
323402059455299650647719586047305988748049547167118349409953975937418939418686933447550167
291635537729624528880044544946927807586632910534937763958444339413368376547011364085376215
291573372325073305549775122165909454981620353516088095493764281416256731609884797413434583
139299810463718379026440360684718018306465113026721977882581290402010277632612574423
139092311039805108404241321479582449575592053214201149991822582411468097304297809111
139062668264960355458212887307420225471181616098126746007428481269962071543109985495
156407926231261507877136654332630215709060248589663706018605377785488002661013632799
154239762653093983659041746227940724266705458802519299614989919813210635838526399703
140959805063477058983316494672485287820622096436175815208373661087868142080037037271
154239761861546498638325566574623443933877963711806513814712626574731057659432740055
295551958190413280206938704070502011078537536932402423616300481574608615478687071897986263
140930162189688870409698538043658403674608222433762312998944898291552169046462506199
154210118987758310064707609945796559787864089709393011605283863778415084625858208983
139033018267244801698149313798737818329720286279298171595504079327329894897692517591
156407919008390707063101514996110032672009355886909535591075076984361851776783988511
156407918996022777609652824689026950166808926276117148312945744277510608367735650079
74694244429989163185563024934831713556594305106126321880012225498996166997791
74581166217843346588469693894784166771581346136726282266692442702113439332127
295614138768417759080808402813132414792116231536359801955402815176713779688835658027705559
140959862846419309383383842391390730471511268469125599747213471143934280319090894039
140959812187380268057548344579084789170551582663507308529466703881241276857096676567
323464240007359478661629642979917155299499113361050548429782395664384803684912094308279511
154239819644488749038392914293528886584767135744756298353552436630797195898486596823
260479474029044266278465489510634135490814073949801887204264160525700520533652219095
139092311039780952292027554506326427930074083625117571110419986058525028469514511575
139062668264936199345999120334164203825663646509043167126025884917019002708326687959
140959804964509467243513205242564606133500689960753138101936403080115125972867032279
154213824334589748070747397244060816155397424759818733221930530068160269011223389399
139062661042065398531963980997644020788612753806288996698495584115892851824097043671
66310278544779976005527081801089512526758692224584839381806815061284861060311
154239768985470844310744462582821964223635673329586138657032941176929377666927764695
81818168775661582081571223455121471266212084730968642194614423819003662022431
295614138768417759077788888786411543135113525846613603319955455001389235570952053679793367
140959862846416289869357121519733727765821522270490152387038146599816396714742981847
323464240007359478658610128953196283642496407671304349794335035489060259567028489960367319
154239819644485729524366193421871883879077389546120850993377112086679312294138684631
260479474029041246764438768638977132785124327751166439844088835981582636929304306903
139092311039777932778000833634669425224384337426482123750244661514407144865166599383
139062668264933179831972399462507201119973900310407719765850560372901119103978775767
154239762653066808032801258383027699915497743014800273373411998916149683399395189975
140959804964506447729486484370907603427810943762117690741761078535997242368519120087
139062661042062379017937260125987018082923007607653549338320259571774968219749131479
139062661029694449564488569818903935577722577996861162060190926864923724810700793047
66310275525265949284655424798383822780560056777224664057262697177680513148119
73547278083084184777756954358721127275190795371467023985184678294570735838423
678353677424649873823463146974498707201979832053638515354141955776174754928150857126625218733271
323029082175508138241303656481634016226487852897000687549893018420260331061626791726228695
323464239799867277639918993749723279326007021155888554281825533641333855079332430115054807
154032327443467038389162720417555394492561973750608341491529385682191616234293372119
171377585409768190808086487442765384730440606242145301502706282197717547352197019423
323464240007366602609753988359240027796915710425511480463555199365380190811565486043112663
171585084734738025802696004191236293419710229168327031168430328533449780408125077279
154239776109397832057936739353720361880871910871171779939506664755230845828227212503
154239769777017951892207302127182119218251950145469493537288318847394220395477935319
275419432550820510235730018273036977715291385566920195940096492085547953952207217879
169179727507225951669821945243625787508284761556256315871638000927951625855047378135
323464239799809395730076853879086130499882683145310045909363888364265791260178083891193047
323402074395258172399807431098067777894870126126460377444683830367154146323051517219251415
154032269561557196249292083268729270154551395242235879846252317618372461888069510359
154006332133568037421517203368087324063192262765670776359907479119554689347030164695
154002626786712443303263649096567046050140958126161475861858216476866436126881686743
171347884753013595722187416121777036288019590617698435873035112992392367244785334047
154210126111682278297873165845037954739410581052343205527582262812598669182809744599
88942095763408774358342121852778707503753670372251115918192725287164961470239
81705090186076512144368935289735713262924296330648580665726626286670390867743
239871196015136945408172947766023983209050625504190443635896302807606595495127
156107429234090115688750255890140525378710497737332812130391088013083035767008732375
262347083618645632928822831107245774284757435942378400981102811907986360402174354647
327380766733855707406051568822637336912059327681341546639277660204421797033427343495472343
295614138768475542043817961814186126339452484042536950523887955221880076565423676973458647
295551973363924318713548539033167773734439927023687282059207897224768431628297110301517015
142827415444601754542176248949158185301874983930381535904087009355690491292869534935
140959920629382318942384896102938066724017445617694084887258637440810868338036647127
262347032959606591602987333294939832983797750136760109763356044645293356940180137175
327380766733805048367010242987139524606118026721655741020986442457654534340423881501254871
295614138768424883004776635978688314033511183082851144905596737475112813872420214979241175
295551973363873659674507213197669961428498626064001476440916679478001168935293648307299543
140959869970343277616549398290632125423057759812075793669511870178117864876042429655
275627040416715072583831903009383930398013303218009099587441777394849275981570057431
327380780013812505475491223831709239050215440937208822269976266543387283896342922891175127
169387335373120514017923829979972740191006679207345219518983286237252947884410217687
323464240007417261624639201980970866846835365867227696998267535709551100561500113254032599
323402074602866038294369779199952514241822808848378028533587477712439455624373546582090967
154447376851365029219593007210211791568146372705845611384356310918215964245747115223
154239877427451758597393968005076222837273312893324783493597602927673783917432349911
154213939999462599769619088104434276745914180416759680007252764428856011376393004247
550181589925346262122061145165987163109278495534734794065012910444755475864954413135766743
686567229717317784834351593774018800144272119616450020521700114344209826790310395079877754168535
619947782346464840284612660369031326989508532265643684169118363760662492627395569825903687574743
619817412043979433175091479844973126787201238288449064249077650771903812224210716276707950142679
299530678774813794475748492099989459698648595532871544475019066090603089370637591867106519
295614258288086724668774856895833245582857503345342431200175412272569458331663891534783703
550181483685641218527502579257914133698088288528110783401132841986264318268626315975926999
678353677859913945386971085827284279114047557650057532519356449739542755942815260324581912159447
1145470471665127618801360903527815603981081877938380706025231088461894640554145527092909131244759
678223307557428538277449905303226078911740263672862912599315736750784075539630406775386174727383
323899504078930209492042401520674552187172171046113581296616792401056510024710715123246295
323464346247071646180156442053546083952084271914165902043856386421274995464824748419654871
323409951518089325766170697120155025422698284522672442137261335673802306144839002581705943
546202990754104838535498266442303467712076070452528010992504190072298805189313133986522327
291573493712294077751942555391131197580642521244285979662986633903001142718896045713597655
546700207750809581583095082782377259140986319596701348046064585590700807089997570202215639
546265049918951018271209123315248790905898420464753668793304179610919292530111603498624215
1153683796805181540269081875011281104497197871520342566834672068029969229430002665390443097302231
292132876113550044129808794512223341614565327407308985181227087418514789556707048601232599
291697718281691480817922835045094873379477428275361305928466681438733274996821081897641175
546202884514399794940939700534230438300885863445904000328624121613807647592985036826682583
292070710708998820799539371731204989009552770388459316716547029421403144619580481929290967
291635552877140257487653412264076520774464871256511637463786623441621630059694515225699543
291573387472589034157383989483058168169452314237661968999106565444509985122567948553757911
260687031235920546459665582427317040474193310910891200235068034813119288880912737495
295614137108423159318731492656937446410718673478411919036687209187102981698352155711841495
323464225067408080830113077814650284779945442047235389880368183335808518831513012596712663
292070695769040299044054573400382219248604147528152815216938894794427825582596843266188503
260479531812007275837466543222181471743320251098370372344309326822577108552597972183
295614136900923735405460870457898241275149942605352106515859318428394991156171827397076183
550119303133632049528477735947033806196558377775894800916016758603469363752335782326117591
323409830130926336502856710682220021114990723782682117452945241829627838969346938443998423
291635537729682311818897991734214545877947517523145323443350598055938320480530548247831767
139299868246657232473227647423009332913453320586206884141223860345943796816775029975
139092368822743961851028608217873764182580260773686056250465152355401616488460264663
578023785795661863464686238263257802453225042377079255101189297154809091387709844009592023
546202869341004421283025452229488562762422418353405209743084609883285839196048528809469143
291635537703744883829739163959334645236001426164012846878247111711099821662758007208486103
291573372299193660499469741178316292630988869145163178413567053713988176725631440536544471
260449889037162522891438109050019247638909813982295968359915225681071082791410148567
139062726047899208905000174045711540078169823657611652266071051213895590727272441047
139033083273054455958971739873549315973759386541537248281676950072389564966084617431
323464346247020987141115116218048271646142970954480096425565168674507732771821286425437399
546202990754054179496456940606805655406134769492842205374212972325531542496309671992304855
260479481152968234511631045409875530442360565292752081126562559559884105090603754711
139092318163704920525193110405567822881620574968067765032718385092708613026466047191
260449838378123481565602611237713306337950128176677677142168458418378079329415931095
139062675388860167579164676233405598777210137851993361048324283951202587265278223575
323464240007360270205717710416035828002651402287581165677689915744437930031871218510537943
323402074602809046875448287635017475397638845268731497213009857747326285094744651838596311
154239820436032837105829032966232038873693666362004205873632489757144155022688855255
260479474820588354345901608183337287779740604567049794724344213652047479657854477527
139092311831325040359463673179029580219000614242365478630500039184871987593716770007
260449832045743601399873174011175063675330167450975390739950112510541453896666653911
139062669056480287413435239006867356114590177126291074646105938043365961832528946391
577596413812760452799633018502881623976704162517530758576981207659549194525697594314269911
354795603901176037114021771333105887611699806960318981163653346011413739864082642075460823
1212089695799906580195953317511844086541731598483729899138529094004903392669787218314255252661463
1145470471229863547230630069718103783162704376137279119997724756749217706642327054675233424876759
323029082175500915346346730232727706450283170328138395712143709487363176992407072713286871
577542019083778132385647273569490565447318175126037298670386156912076505205711848476320983
800335058319793645154974842891639007736695961055892867525629011310573004250185979881137367
577534248408209229469363595721863271371691605498681090112301149662437549588571027642328279
354733438496624813783752348552087535006687249941469312698973288014302094926956075403519191
678223529860808973739911426835338646850746521863559864933918353685910792651621658846096035226839
545767726682534107701688554621485090210274968866500504660791513138386986716895458280154327
322966916770949692016077307451709353845270613309288727247463651490251532055280506041345239
545713331953551787287702809688094031680888981475007044754196462390914297396909712442205399
545705561277982884371419131840466737605262411847650836196111455141275341779768891608212695
322904751366398468685807884670691001240258056290439058782783593493139887118153939369403607
291138229640723346918132843570312820078841419658258473331273956969089324246478370007229655
291076064236172123587863420789294467473828862639408804866593898971977679309351803335288023
275419483209835395449351749112086897370733101783454908276440662995297888579418137815
169179778166240836883443676082675707163726477772791028207982171837701560482258298071
323464239799860054744962067500816969549802338587026262444076224708436701010112711102112983
323409845070877734330976322567425911020416351195532802537481173960964011690126965264164055
577969406032568368867978932989952534471210773757568956844233664883511073606276666031154391
546202884306893247100303891889574353309794137125388371392724028359460510734601096668980439
291573387265082486316748180838402083178360587917146340063206472190162848264184008396055767
154032320220572081462913814107779189809993111458770592182596488528122396515280430295
275393545781846236621576869211444951279373969306889804790095824496480116038378792151
169153840738251678055668796182033761072367345296225924721637333338883787941218952407
546202884280955819111145064114694452667848045766255894827620542014622011916828555629634775
154006382792582922635138934207137243718633978982205488696251650029304623974241084631
153977203186095118953892194318915054365854954946069747274113706718134629865571820759
381629545478585201069231387969335863473329288678044384360505053011388190915390153943
275389840434990642503323314939924673266322664667380504292046561853791862818230314199
260242382489321887082793452965028155912589298353360068266660878544212698851252446423
154002677445727328516885379935616965705582674342696188198202387386616370754092606679
260216445061332728255018573064386209821230165876794964780316040045394926310213100759
260212739714477134136765018792865931808178861237285664282266777402706673090064622807
153973034670882575570856945763454741601172237226621784213808286245110344992904783063
138825576725213820150327083788558224247438870912601348188422602935531181025926915287
138799639297224661322552203887916278156079738436036244702077764436713408484887569623
381659137594390912689424324329192146276780039988500497127152386890201213214583760087
295614258080529517789097722415679348285824476065140996645984101271455058780276489382864087
550119424313237831912114587904814913207232911235683691046141541446529431376440444311905495
295552092675978294458828299634660995680811919046291328181304043274343413843149922710922455
550119318073532788317556021996741883796042704229059680382261472988038273780112347152065751
323464346039514439300479307573392186655051244633964467489665075420160595913437346267735255
577969512272222753423496173062527751576459679804507161889822515595234968509601301196776663
323402180634963215970209884792373834050038687615114799024985017423048950976310779595793623
546638042138701151373148525521205009238940735297650245027193216592474762601483601378354391
546202884306842588061262566054076541003852836165702565774432810612693248041597634674762967
546140718902291364730993143273058188398840279146852897309752752615581603104471068002821335
577542003936269527677850527204130778244859520432985179031658913779625932933544419504235735
577534233260700624761566849356503484169232950805628970473573906529986977316403598670243031
545767711535025502993891808256125303007816314173448385022064270005936414444728029308069079
577472067856149401431297426575485131564220393786779302008893848532875332379277031998301399
545705546130474279663622385475106950402803757154598716557384212008824769507601462636127447
260271974605127598702986389324884438716040049663816181033308212423025721150446052567
550119302926074842648800601466879908899525350495693366361825447602354964200948380174197975
577969390885059764160182186624592747268752119064516837205506421751060501334109237059069143
295552092650040866469669471859781095038865827687158851616200556929504915025377381671576791
546202990520610203666662304187269669773096951813194099873209392726345906820153190795257047
381629494819546159743395890157029922172369602872426093142758285748695187453395936471
295552092646335519614075353606226823518587814635854212106900058880242272337124161523098839
323402180605320441125456938763939661887814583204677682950581033028947809470285018407970007
545705546100831504818869439446672778240579652744161600482980227614723628001575701448303831
260242331830282845756957955152722214611629612547741777048914111281519695389258228951
138855168841019531770520020148414507050889622223057460955069936814344203325120521431
260212689055438092810929520980559990507219175431667373064520010140013669628070405335
138825526066174778824491585976252282946479185106983056970675835672838177563932697815
138795883291330025878463151804090058842068747990908652986281734531332151802744874199
275419426218416473957786814073242713407153455252134330656475549824768259684674643159
154032263229153159971348879068935005846413464927450014562631375357592767620536935639
275389783443571721011758379901080489302743018136059926672081448683262233923486819543
154002620454308407025320444896772781742003027811375610578237274216086741859349112023
181989286172997074771024121641685972630542253042545166567832483653260371633367
140959862747472476802514258954111942386006867109321623241981569376991713991812785367
262317382961891037842923759786257425842336420317931535351431642702661180294762669271
140959812088433435476678761141806001085047181303703332024234802114298710529818567895
262317332302851996517088261973951484541376734512313244133684875439968176832768451799
154239819545541916457523330856250098499262734384952321848320534863854629571208488151
154213882117552757629748450955608152407903601908387218361975696365036857030169142487
275597339759960477497932831688395581955592287593562233957770608189524095874158372055
550119303133574167618635596076396657370434039765316292543555113326401299933181436102255831
577969391092559089130017181234109495739660808334139763387236087475106837066342292987126999
139299810364747390333357010274183208575442742077834422495946792282124642470551168215
550119303107636739629476768301516756728487948406183815978451626981562801115408895062910167
546202869340946539373183312358851413936298080342826701370622964606217775376894182585607383
546140703936395316042913889577833061331285523323977032905942906609106130439767615913665751
260657330579165951373766511106328692031772295286444334605396865607794108773501052119
260449831155252680751567471901193123300899235473923506714638157617251928445186286807
139062668165989366765129536896885415740159245149239190620793983150076436381048579287
260420188380407927805539037729030899196488798357849102730244056475745902683998463191
139033025391144613819101102724723191635748808033164786636399882008570410619860755671
275393487899936394481706232062618826941363390798517343144818756432660961692154930391
291635674027096042155736504158284119102732263254970708765336994360279755051622531794019543
275389782553080800363452677791098548928312086159008042646769493789972708472006452439
260242324607412044942922815816202031574578719844987606621383810480393544505028584663
154002619563817486377014742786790841367572095834323726552925319322797216407868744919
275363845125091641535677797890456602836952953682442939160424655291154935930967106775
138829224190159572128710000911252377922479597043738187041194797514400279899851531479
275360139778236047417424243618936324823901649042933638662375392648466682710818628823
260212681832567291996894381644039807470168282728913202636989709338887518743840761047
153972976788972733430986308614628617263161658718249322568531218181291190646680921303
