8
1145356397650468060918122328883651882460016299133242878927796044415585925634155574051526830269655
611490008972725947428888082865322054011647462521274306361076355448789674592180290094982045967575
611475749720891606026284203745503188364520102242518644807321902465644193923081946738038762185943
1145340101362657385029432181318144607434727887386093551437790955291991090583757467357877363090647
611473712684915271540197935299814778986359050774124978871071266325194839541782183401332578788567
687775260255615593228710286657091772390315481176869048144899270013868950512917452595802120501023
546700329163852217635968035894106241855601434068657959289763509179624761480139831331333335
546265171331993654324082076426977773620513534936710280037003103199843246920253864627741911
619833704415371515711173829431411662803100161270637793714568711885691402362379878269808909296855
1153683796805302953311717927884234216226180586135457038791283311728892818353957055532704226419927
546210776603011333910096331493586715091127547545216820130408052452370557600268118789792983
619833704360976786728853415445666729412041631884650402221108805290640654889690558284063071347927
619819445109142445326249536325847863764914271605894740667354352307495174220592214927119787566295
1153797870765582955550228546857040208012140938979514939727859028999005916234054482402504658724055
1153683796750908224329397513898489282835122056749469647297823405133842070881267735546958388470999
292078602797610359768696002690561265799794454487772136518330960259966054626863563892401367
291643444965751796456810043223432797564706555355824457265570554280184540066977597188809943
291589050236769476042824298290041739035320567964330997358975503532711850746991851350861015
546203977261888543858348113376912832774954299121280137642083671108936471435269900560049367
1153812130010617955830042374228640956985385983085022177344930993657770053469066660761229712762071
291636645624629006405061825106758915248533306931887774777246172936750453901979378959066327
291582250895646685991076080173367856719147319540394314870651122189277764581993633121117399
800770337564701968447098941916113338541921970107252974437160543374917619516417819556783319
546638163759300994305698613113087889250588877049808290825083451182513116543013264659391703
546203005927442430993812653645959421015500977917860611572323045202731601983127297955800279
546148611198460110579826908712568362486114990526367151665727994455258912663141552117851351
291581279561200573126540620442414444959693998336974788800890496283072895129851030516868311
327964692671313870440475114154494920482668217851222716120335154414040088242765721104135967
546141811857337320528078690595894480169941742102430469177403613111824826498143333888107735
291573508885631670210256942594787150884067428709618580242805489033433939512710209682875607
619833708331790134943428416969447075606468056943152123705369299278328392024096037620554408731863
686567229717439171939559657488144136993354192285473133345834792939647070875765967449597843940567
619833708331911496168989691124605738661571722704621504563217418490935891360064395340077507093719
619817412044100820280299543559098463636283310957472177073212329367341056309666288646428039914711
550173940636882567269491592655208951106320949020202720185523340439201975820183312391546071
295552214270640709402219559451663975050513969439316897414090791519543268966907044952614103
331935627380754006716154053163744450573488188953564824733535449650510462079821735539881759
327380886253409108831408602803198533920425809356980837309844460655022167196545214008861911
686567229717317784776570394174157699058349884577912393355510108623553226701298791957533706233047
619833708331790109006000427810619300726567414997060764572892734174842047185597219848013369386199
619817412043979433117310280245112025701279003249911437082887645051247212135199113154363902207191
299530678774756013276148630998903537463610057905705354469298409490514077767515247819171031
550173819249719578006177606217273946798613388280212395501207246595027508644691248253838551
295552092883477720138905573013728970742806408699326572729774697675368801791414980814906583
331935505993591017452840066725809446265780628213574500049219355806335994904329671402174239
295559757319341579460630684953283235407242771320058770623979636466516599812227704489059543
546700207750751800383495221681291336905947781969535158040343928990611795486875226154280151
546265049918893237071609262214162868670859882837587478787583523010830280926989259450688727
546210655189910916657623517280771810141473895446094018880988472263357591607003513612739799
1153799907801437876935897562829914404575397040794256506541308415719875081602388252474605665068247
1687664259443203655939045540402555823645604825937831413171777468546221978263063773094444265972951
619817408073044697739746015407345241571848270483848975608302466747465630826326458325808427115735
292078481384509942516223188477746360850140802388649335268911380070953088633598958715348183
291643323552651379204337229010617892615052903256701656016150974091171574073712992011756759
291588928823669058790351484077226834085666915865208196109555923343698884753727246173807831
546203855848788126605875299164097927825300647022157336392664090919923505442005295382996183
291582129482546268738603265960552951769493667441271513621231542000264798588729027944064215
800824610880583871608611872636689492121654305399623633094336013933377342843138960217679063
800770216151601551194626127703298433592268318008130173187740963185904653523153214379730135
546202884514342013741339839433144516065847325818737810322903465013718635989862692778747095
619817408065274022170843099123667393944554194857279348252093908662458381187370841184987593123031
292070710708941039599939510630119066774514232761293126710826372821314133016458137881355479
291635552877082476288053551162990598539426333629345447458065966841532618456572171177764055
546148489785359693327354094499753457536461338427244350416308414266245946669876946940798167
291581158148100155874067806229599540010040346237851987551470916094059929136586425339815127
291574358806977365822319588112925657693867097813915305063146534750625842971588207110071511
546195113838773110825056161585517221990220756191381601764818457764079680372721871944754391
546140719109790790411070416652126163460834768799888141858223407016606991052736126106805463
291573387472531252957784128381972245934413776610495778993385908844420973519445604505822423
327956800582644550271718622094052721457387996124743706312830566975388166632360295093090079
327949029907075647355434944246425427381761426497387497754745559725749211015219474259097375
804741029499816126196149908049492860017326819729614433681728650923039059002489705717114071
550119303133574268328877874845947883961519840148728610910296102003380352149213438278182103
295551971496314730875591586575793966435098847959336248045458603831194334615922916677199063
550173697836619160753704792004459041848959736181089594251787666406014542651426643076785367
295551971470377302886432758800914065793152756600203771480355117486355835798150375637853399
550180497174499772306808156649272936584889723185134717169474111956343816464203293676610775
295551971467135124387787905329054078212909495180312211909717181693251023445928808007935191
295552092879772373283311454760174699222528395648021933220474199626106159103161760666428631
295552092853834945294152626985294798580582304288889456655370713281267660285389219627082967
260446125909107328912083468856263931088231343152780947205265874026779707227213735127
139033025491854856097870653951314277436132220351531527625076861060786442622036681943
156381988805011602635047975248044545687062157482577788134303020219000626960088807199
139034009722625670337656071933905641595013189816095266185886125122363702907184424151
327380766733855806349446782813804233919847627321835349178534752005781891127853144378778839
295551973363924417656943753024334670742228226664181084598464989026128525722722911184823511
140930277953480961210347628827783630919247502304158937994665896393399268377732130007
140959870069286672830540565187639913722698253614615050761313230272212290676925736151
327380886253466988974403677895451353163252646624640829854822209056471272894093358940103895
686567229717317784834450537169232791311169127404749661015502653601301628150404489505678637475031
619817412043979433175190423240187117954098246076748704742880190028995613584304810702508833449175
299530678774813893419143706091156356706436895173365347014276157891963183465063392750413015
296049416119945386924056030354128610825733702117783912992192910053711066985975659121681623
295614258288086823612170070887000142590645802985836233739432504073929552426089692418090199
295552092883535600281900648105981789985633245966986565274752446076817907488963125746148567
546700207750809680526490296773544156148774619237195150585321677392060901184423371085522135
546265049918951117214604337306415687913686720105247471332561271412279386624537404381930711
546210655189968796800618592373024629384300732713754011425966220664806697304551658543981783
546202884514399893884334914525397335308674163086397802867881213415167741687410837709989079
619817408065274022228723242118742486197373437684116615912086453640206782636476538733132524365015
292070710708998919742934585722371886017341070028953119255804121222763238714006282812597463
291635552877140356431048626255243417782253170897005440003043715242981724154120316109006039
291581158148158036017062881321852359252867183505511980096448664495509034834134570271057111
291573387472589133100779203474225065177240613878155771538363657245870079216993749437064407
327949029907133527498430019338678246624588263765047490299723308127198316712767619190339359
139507367769513898309417853525152689943966874201266969123783928430580402945973101783
550119303133632148471872949938200703204346677416388603455273850404829457846761583209424087
295551971496372611018586661668046785677925685226996240590436352232643440313471061608441047
139299868345600627687218814320017121213093814388746141233025220440038222617658336471
139092368921687357065019775114881552482220754576225313342266512449496042289343571159
550173697836677040896699867096711861091786573448749586796765414807463648348974788008027351
295551971470435183029427833893166885035979593867863764025332865887804941495698520569095383
139270225570755874741190380147854897108683377272671737248631119298532196856470512855
139062726146842604118991340942719328377810317460150909357872411307990016528155747543
139033083371997851172962906770557104273399880344076505373478310166483990766967923927
140722720746601284075867474930486597891967300869604746683664781993847880975580210391
155899814343187427255980154197689816354663648483284514490948927298616867091902964951
156107371451123668762870785638322189340340413031499607576915380043358307221668177111
327380766733797924439604642943167085093723289311256840806073106728713827308698798154917079
295551973363866535747101613153697521916103888653602576226003343749060461903568564960961751
142827357661635307616296778697339849263504899224548331350611301385965762747528979671
140930220071571119070476991678957506581236923795786476349388828329580114031508268247
260686973452954099533786112175498704435823226205057995681592326843394560335572182231
260479474029040828911587072970363135704950166392537167790833618852852380007257416919
260453536601051670083812193069721189613591033915972064304488780354034607466218071255
381836994243459389951996573802508619161279719601147079900283692178521846310207300823
260449831254196075965558638798200911600539729276462763806439517711346354246069593303
295551971466671954263991575768975464689577242805980616143570722561474234988290954196755671
139270167688846032601319742999028772770672798764299275603354051234713042510246651095
139062668264932761979120703793893204039799738951778447712595343244170862181931885783
139036730836943603151345823893251257948440606475213344226250504745353089640892540119
260420188479351323019530204626038687496129292160388359822045416569840328484881769687
139033025490088009033092269621730979935389301835704043728201242102664836420744062167
156378283456389161452016036646940970173267934327241003739378138618190767538647709471
262317325178924590917044289534439089803966335612098330797955934732936451749422114007
140930162189661276930606354530131382243226345287414014704111760265760959685284406487
262343262594545820291370479127997953390125038477871047006171440524902980881413121239
140930162177293347477157664223048299738025915676621627425982427558909716276236068055
140930220057436342552249917042291126575293575669166605174383876664607264421167310039
66296140330894870514350144421297705271074807633996403888468994071148125299927
295614138768533423926066622592639761638555390671238312548051305665810114593368662019220695
158305236477565720022087116763447159868524779471255208248879463994364744440986056479
295614138768482764887025296757141949332614089711552506929760087919042851900365200025003223
158305185818526678696251618951141218567565093665636917031132696731671740978991839007
140959877193186484951492354113625287028726775368481665802209032953452806399093974231
1300124723429873725240965134823095134273503207507711251718180084715291752727842723588643904762143122647
611734453289886059937475389037625284050630530923867115446228157083232899528702703794512108004567
688019704572775705737297592829395002429298549579461857230051071648312175449439866295332182538015
619947778430046221110239955079656692639775935696035982879679800531375946895717438420143233901783
291697839668912351963485482261483512986287895644052992636946125726837780200258131081110743
328073482103456746361136298125936694433635545530944711398305776608166017696032000834385695
619947782346464840342494542617692105443143831368550312870480387924012936557433597770888733336791
331989900722689000948674333538740062329308059860935511985698413597827733855382746333820703
295614152048439562956464951766213851470770202967419782560458694258008338763280779420706007
546265049919008900153457784093702426205001327093455030817467530054849330558056588544386263
619947778429924833947250691765670254704771627988475242889355116215282102721250262928079096194263
619817408127439426837729511241612054502464334011280622969314403226523422318065409378883358762199
292132876113607926012057455290676976913668234036010347205390437862444827584652033646994647
291697718281749362700171495823548508678580334904062667952630031882663313024766066943403223
291643323552767042286185750890157450149194347512569208046034981135190623704780321105454295
291635552877198139369902073042530156073567777885212999487949973885551668087639500271461591
328073360716293757097822311688001690125927984790954386713989682763991550520539936696678175
328011195311742533767552888906983337520915427772104718249309624766879905583413370024736543
295614137108481041200980153435391081709821580107113281060850559631033019726297140757603543
295551971496430393957440108455333523969240292215203800075342610875213384246990245770896599
331989779335526011685360347100805058021600499120945187301382319753653266679890682196113183
331989779305883236840607401072370885859376394710508071226978335359552125173864921008289567
156645184094840633552929868083518426057960654439768007502844686899497672919724439327
156408041896082609984702394706220633222677157511172775627691877767449466830221850399
173782942637228515349654595903592847564966227118784139623262875424481423709313321319
619947782346464840291835503576366269945331525427249353184674769632795189790170904767426739119319
295614258288093947511982191838789068576019109014357987606047544969732233666605414586328279
295614152048388903917423625930716039164828902007733976942167476511241076070277317426488535
678353677859913945394193929034619222069870550811663201534912855611675453105590595266104963704023
323464346247078869023363776996501906945245877583181458449728519118437770799766271471199447
546265049918958241114416458258204613899060026133769225199176312308082067865053126550168791
619947778429924833896591652724344419206959322047174283203549497924064355953987569924617101976791
678223275790800572904507386276954013416352684227624942810276027233211790160685273713242704258263
611473680918272132829662957959155509835018167903979543749430976988767423730040256525025139041495
291697718281698703661130169988050696372639033944376862334338814135896050331762604949185751
291643323552716383247144425054659637843253046552883402427743763388423361011776859111236823
291635552877147480330860747207032343767626476925527193869658756138784405394636038277244119
328011195311691874728511563071485525214974126812418912631018407020112642890409908030519071
295614136900930958248668205400854064268311548274367662921731451125557766491113350448620759
323409830130933559346064045625175844108152329451697673858817374526790614304288461495542999
139062733270742416239943129868704701683838839214017524398768213989230532250323985623
156437634011888321604895331066076916026127908821628888394339211646262489129415456543
503046358465536475336640712968798956744148731675208976571440491395404650263767229655
327381007433130554296893976640519198465241787072637279469853250542101284451717205088347351
550181711105009926387946657902221905419055935623225046219301043731745581517004060167316695
686567229717438964498015859659531536379014429393890109011952268632343113780416047129524785718487
619947782346586019948276926254544063224250842043083772659370518048795779617501221875550719124695
619817412044100612838755745730485863021943548065889152739329805060037099214316368326354981692631
299530799954477458741634004836224202008426035621361796629307199377593195022687238898656471
295614379467750388934660369632067987892634943433832683354463545559559563983713538566333655
295559984738768068520674624698676929363248956042339223447868494812086874663727792728384727
550181604865304882793388091994148876007865728616601035555420975273254423920675963007476951
686567229717332724792972265100965628305985018203683102387941604752274655289258450801427625878743
619947782346479780243233331695978155151221430852876766035359854168727321126343625547453559284951
619817412043994373133712151171919954948914136875682146115319141179968640723158771998257821852887
295614273228045345340101803723994958481444736427208672690583477101068406387385441406493911
295559878499063024926116058790603899952058749035715212783988426353595717067399695568544983
1153814421675119764301804774707140311088165001695969464637327800144359369009310704279807467267287
1439835838936132427100930113586371074760160563413263621746446232495033305992486313832382655218022163671
1300124731643453432732556009918234785458701796673345411851956709095245847058061162221360433512718083287
1299851325302855556242009447139845082788032650494483760297403487769444602933161240230957494365590201559
628161362053958298712404901704477095385155685647261947033173029469359983367981193922594141185239
619948032997377650812570528688810482639796165084000892070608111177563117967335420323262682965207
619833958982702919591739495730259557462777282853955599640572487312399272614548673467716412712151
1145600841967627965869502755378820632345102070502808407811513291858718149456278436363654740387031
1300124723429873725240757577616215457139023053610414218690899883280737561416841609189092517359991203031
2419450281837580077538385592343658190858507509870015683031787991111031008757122237898725385701538997463
1299851317089275848750211014837825754468353907431552567136346661954936317291941687198689578212863321303
612647045407283702146916773028898205312884291731202174685078593813232661236597127251480118109399
611734453289885852380268509360490803896733233890839835244793602891921898414303152407109956084951
1145486767952953234648671722420269707168083188272763115381477667993554304103491689508108470133975
611620379275211121159437476401939878719714351660794542814757979026758053061516405551563685831895
1145470471665142558759981574854762432142794776525613787891472578869959469053093582814459002954967
1299851316958905546264803905316645230410153705124258589941726741914223328533261284013836029017125889239
612516675104798295037395592504840005110576997754007554765037880824473980833412273702284380677335
611604082987400445270747328836432603694425939913645215324752889903163218011118298857914218652887
611490008972725714049916295877881678517407057683599922894717266037999372658331552002367948399831
611473712684915038161226148312374403492118645936450595404712176914404537607933445308718481220823
687889334270290091070569532628202322073093958569239957108575804468242493931855461358734293186335
619947778865203845411596387288481679614346873750907834625924499100470925562832446918707785573591
546265171098614682537094636051483533215675860553243920947592312897909398182161250530174167
619947778430046013553033075402522212485878638663008702678245246340064945781317887032741081982167
619833704415371282332202042443971287308859756432963410248209622474901100428531140177194811729111
1153683796805302719932746140896793840731940181297782655324924222318102516420108317440090128852183
292132997293213708395694307248458083924342767495799237335515220705504895208756695632782551
291697839461355145083808347781329615689254868363851558082754814725723380648870728929191127
546210776369632362123108891118092474686289873161750461040997262150436708862175504692225239
1153797870765582722171256759869599832517900534141840556261499939588215614300205744309890561156311
292078602564231387981708562315067025394956780104305777428920169958032205888770949794833623
291643444732372824669822602847938557159868880972358098176159763978250691328884983091242199
291582250662267714204088639797873616314309645156927955781240331887343915843901019023549655
546203005694063459206825213270465180610663303534394252482912254900797753245034683858232535
291635674056803921753538925000311263084242311345001889618074756728611735711744162257249495
328073481895899539481459163645782797136602518250743276844114465607051618144644598682466079
291573508652252698423269502219292910479229754326152221153394698731500090774617595585307863
546265064858909638942536070143410503804485653546619910283712244439418240585833153370334423
291697733221650101489249781873256586278064661357227547418874746267232223052542631769351383
546210670129927318528550325210019445275099666155126450377117193691945551265847407532385495
546202899454358415612266647362392151199473096527770241819032186442306595648706586698392791
291635567817098878158980359092238233673052104338377878954194688270120578115416065097409751
800397223724352091328451600615613183334870123743758092396181202004847424522254069604623575
619948032562098639290441866759486776615528757857271893192416694928954052719344227125560156431575
1153684050937355345670154932253758404861590300492045845839095670906991623358134657532909203301591
619817662259613232180920686235428576413221463880077273272375981940195372316159373576364418999511
1153683828136545434085739246642511235085853935487690288627318257579129975222679995917956964492503
2419450281837579642259374070214996261534801485602608456302789112919614760148056989907532187999012463831
1145486767517674223126543060490946001143815781046034116503286251744945238855500496310405943600343
1299851850825293788727905872422229319416276129225687975181300430442496046720447077997926787859383657687
1145470471229863547237852912925438726118527369298884789013281162621350403805102389616756476421335
612516674669519283515266930575516299086309590527278555886846464575864915585421080504581854143703
611604082552121433748618666907108897670158532686916216446561473654554152763127105660211692119255
1145356397215188816017021879966887800941508487068839496583245538756186558452315642761210206168279
611490008537446702527787633948557972493139650456870924016525849789390307410340358804665421866199
1145340100927378140128331732401380525916220075321690169093240449632591723401917536067560738989271
611473712249636026639097486383050697467851238709721596526520760665795472359942252111015954687191
545829892087092553875165312345459265808449131554365729531343703832661406988963548003640535
1153683796370023708410617478967470134707672774071053656446732806069493451172117124242387602318551
291262560449833016421879024075305348282028139364973366666506205660475389455673026402657495
800342828995369770914465855682222124805484136352264632489586151257374735202268323766674647
619817662205218503198600272249683643022162934494089881778916075345144624843470053590618581050583
545775497358110233461179567412068207279063144162872269624748653085188717668977802165691607
291208165720850696007893279141914289752642151973479906759911154913002700135687280564708567
545721102629127913047193822478677148749677156771378809718153602337716028348992056327742679
291153770991868375593907534208523231223256164581986446853316104165530010815701534726759639
545714303288005122995445604362003266433503908347442127229829220994281942183993838097999063
291146971650745585542159316091849348907082916158049764364991722822095924650703316497016023
800335058319800867998182177834594830729857566724908423931501144007735779585127502932681943
619817662197447827629697355966005795394868858867520254422707517260137375204514436449797747057879
611604082489956029197395336637686116651805927674359197596893008974496155651482168533645020177623
611473712187470622087874156113627916449498633697164577676852295985737475248297314984449282745559
545767726682541330544895889564440913203436574535516061066663645835549762051836981331698903
291200395045281793091609601294286995677015582346123698201826147663363744518546459730715863
545713331953559010130910144631049854674050587144022601160068595088077072731851235493749975
291146000316299472677623856360895937147629594954630238295231096915891055198560713892766935
291091605587317152263638111427504878618243607563136778388636046168418365878574968054818007
291084806246194362211889893310830996302070359139200095900311664824984279713576749825074391
545705561277990107214626466783422560598424017516666392601983587838438117114710414659757271
291138229640730569761340178513268643072003025327274029737146089666252099581419893058774231
327576037479826187489260417158740177124363232233015416963185798544691982014320329483990815
291083834911748249347354433579877584542617037935780569830551038918779410261434147220825303
327521642750843867075274672225349118594977244841521957056590747797219292694334583646041887
291076064236179346431070755732250290466990468308424361272466031669140454644293326386832599
327513872075274964158990994377721824519350675214165748498505740547580337077193762812049183
327451706670723740828721571596703471914338118195316080033825682550468692140067196140107551
381659195476273161350202777964491249183408741350524660477596316928229158199629522135
295614258080587399671346383194132983584927382693842358670147451715385096808221474428626135
295559863351605079257360638260741925055541395302348898763552400967912407488235728590677207
550119424313295713794363248683268548506335817864385053070304891890459469404385429357667543
295614151840882356076787817286059954173737175687218348006267383256893939211893377268786391
295559757111900035662802072352668895644351188295724888099672332509421249891907631430837463
550119318073590670199804682775195519095145610857761042406424823431968311808057332197827799
1153683796805181332769756877582807402796935873590221915334599538002008672245641141948025991144663
291697718074192155820494361343394611381547307623861233398438720881548913473378664791483607
546210654982469372859794904680157470378582312421760136356681168306262241686683440554517719
1153797870765461335008267496555613394582896226434279816271175255272121770125738568817826423448791
1153683796750786603787436463597062469405877344204234523841139631406957924772951821962280153195735
291643323345209835406508616410003552852161320232367773491843670134076224153392918953534679
291582129275104724940774653359938612006602084416937631096924238043169448668408954885842135
546202884306900469943511226832530176302955742794403927798596161056623286069542619720525015
291635552669640932490224938562376258776534750605011564933758662884437268536252098119541975
546148489577918149529525481899139117773569755402910467892001110309150596749556873882576087
546140718902349246613241804051511823697943185775554259333916103059511641132416053048583383
291573387265089709159955515781357906171522193586161896469078604887325623599125531447600343
260272032487009847363764842960183541622668751025840344383752142461053666135491814615
295559741964442089994046651822806920747833834562358574079236307123737940312743664452969687
550119302926132724531049262245333544198628257124394728385988798046285002228893365219960023
138884869497746533377326907955875834061928760701156028289907967993878174071354107095
381633258048284002522427898063849303092049608873959556991251478429411385658590176471
295559863325667651268201810485862024413595303943216422198448914623073908670463187551331543
295553063984544861216453592369188142097422055519279739710124533279639822505464969321587927
550173819016340606219190165841779706393775713896746036411796456293093659906598634156270807
550173712776635562624631599933706676982585506890122025747916387834602502310270536996431063
291643323319272407417349788635123652210215228873235296926740183789237725335620377914189015
291636523978149617365601570518449769894041980449298614438415802445803639170622159684445399
546257279009945362368338143991041334190395638826764911140087725459257476571755824519128279
546202884280963041954352399057650275661009651435271451233492674711784787251770078681179351
291635552643703504501066110787496358134588659245879088368655176539598769718479557080196311
291581157914721184087080365854105299605202671854385628462060125792126080398493811242247383
546196084939840251902604180940976393344836403011334768745168293368350701086771860451435735
291573387239152281170796688006478005529576102227029419903975118542487124781352990408254679
260246095059020688535989963059541595531309618549275240897407303962235893594452468951
138858932069757374549552028055233887970569628224590924803563129495060401530314761431
260220157631031529708215083158899649439950486072710137411062465463418121053413123287
138832994641768215721777148154591941879210495748025821317218290996242628989275415767
260216915452532884854743223171319406178530594513139499475269360651065899485783205079
138829752463269570868305288167011698617790604188455183381425186183890407421645497559
328073481866256764636706217617348624974378413840306160769710481212950476638618837494642463
381629552701428408404174343792329025078998304234450256493202215786723132438441698519
260242389712165094417736408788021317518258313909765940399358041319547640374303990999
138855226722901780431298473783713609957518323585081624305513866852372148310166283479
156230127464047685796250674981085824299807393192692988301084864509404105189257754399
260216452284175935589961528887379371426899181433200836913013202820729867833264645335
138829289294912621603523593883071663866159191108516520819169028353554375769126937815
156204190036058526968475795080443878208448260716127884814740026010586332648218408735
260212746937320341471707974615859093413847876793691536414963940178041614613116167383
138825583948057027485270039611551385853107886469007220321119765710866122548978459863
156200484689202932850222240808923600195396956076618584316690763367898079428069930783
138799646520067868657495159710909439761748753992442116834774927212048350007939114199
138795941173212274539241605439389161748697449352932816336725664569360096787790636247
156170841914358179904193806636761376090986518960544180332296662226392053666882107167
156107429234062522209658072376613503947328620590984513835557949987291826405830632663
327380766733855707378458089730453823385037896299464400290979365371283771242217982317372631
295614138768475542016224482722002612812431052660659804175589660388742050774214315795358935
295551973363924318685955059940984260207418495641810135710909602391630405837087749123417303
262317440843773286503702213421556528748965121679955698701875572740689125279808431319
140930277854509972517264278417248821188225131355271382608031398273513633215670723799
158305178595655877882216479614621035530514200962882746603602395930545590094762194719
327380766733805048339416763894956011079096595339778594672688147624516508549214520323155159
295614138768424882977183156886504800506489751700973998557298442641974788081210853801141463
295551973363873659646913734105486447901477194682124330092618384644863143144084287129199831
262317390184734245177866715609250587448005435874337407484128805477996121817814213847
140930227195470931191428780604942879887265445549653091390284631010820629753676506327
158305127936616836556380981802315094229554515157264455385855628667852586632767977247
262346982300539956798059651969106870251456187184793520250776139356809144117007819991
140959819311276642811621716964799162690716196860109204156931964889633652052870112471
686567229717317784834351566180539707960758592595018638644553766045914993652284603870516576068823
619947782346464840284612632775552234805995005244212302291972015462367659489369778616542509475031
619817412043979433175091452251494034603687711267017682371931302473608979086184925067346772042967
299530678774813794448155013007805946171627164150994398126720771257465063579428230689006807
550119424520795038764198243292785296977244507134007979252034557614505805136618485285725399
295552092883535501310911955022631379450823514944615616387197059442319787603327963684742359
331989900722631119038832193668102913503183721850357003613236768320759670036228400109958943
295614152048381681046622811895576702644645864956841274187997048980940274944126433196844247
546265049918951018243615644223065277378876989082876522445005884777781266738902242320524503
619947778429924833889368781923530384067622801864137232310846743753636825653186443773732872332503
1153700093092992216157771994983309287338972756246060512447530808855269231342374980874731386381527
619817408127439426779847601399472183865315507886942612390806030764878145250001590224537134900439
292132876113550044102215315420039828087543896025431838832928792585376763765497687423132887
291697718281691480790329355952911359852455996893484159580168386605595249205611720719541463
546210655189968697829629899289674218849491001691383062538410834030308577418916496482575575
291643323552709160376343611019520301323070009501990699673573335858122559885625974881592535
800770216151659332366632509712200842300285424253419216845163324952855639335066197249565911
546202884514399794913346221442046924773864432064026853980325826780669621801775675648582871
619817408065274022228624271130049402846962902874385593541137566084820148138356653097970462958807
292070710708998820771945892639021475482531339006582170368248734588265118828371120751191255
291635552877140257460059933171893007247443439874634491115488328608483604268485154047599831
291581158148157937046074188238501948718057452483141031208893277861010914948499408209650903
546140719109848571583076798661028572168851875045177185515645768783557976864649108976641239
291573387472589034129790510390874654642430882855784822650808270611371959331358587375658199
328011195311684651857710749036346188694791089761526209876847979489811841764259023800874783
327949029907133428527441326255327836089778532742676541412167921492700196827132457128933151
295614137108423159291138013564753932883697242096534772688388914353964955907142794533741783
295551971703871935960868590783735580278684685077685104223708856356853310970016227861800151
550119303133632049500884256854850292669536946394017654567718463770331337961126421148017879
295551971496372512047597968584696375143115954204625291702880965598145320427835899547034839
550173697836676941925711174013361450556976842426378637909210028172965528463339625946621143
295551971470435084058439140809816474501169862845492815137777479253306821610063358507689175
295552092853892726466159008994197207288599410534178500312793075048218646097302202496918743
260657388461048200034544964741627794938400996648468497955840795645822053758546814167
139270225471784886048107029737320087377661006323784181861996621178646561694409106647
156645126212930791413059230934692301719950075931395545857567618835678518573500577567
260420246262290176466317491364330002103117499719873266080687986513773847669044225239
139033083273026862479879556360022294542377509395188949986843812046598355604906517719
156407984014172767844831757557394508884666579002800313982414809703630312483997988639
381837001367359202072948362728493992467308241355013694941179494859762362032375538903
260449838378095888086510427724186284906568251030329378847335320392586869968237831383
139062675388832574100072492719878577345828260705645062753491145925411377904100123863
381659137594363319210332140815665124845398162842152198832319248864410003853405660375
295614258080529517761504243323495834758803044683263850297685806438317032989067128204764375
550127194988806734800804786660258693755838049481162753255928253863030361202371903967798487
295552092675978294431234820542477482153790487664414181833005748441205388051940561532822743
550127088749101691206246220752185664344647842474538742592048185404539203606043806807958743
800777986619671028403239053079674239078878966600573990849057021201380195400819615931638999
619817662640376127499857761022881040474277207888920130088274434816014568848930252141910746014935
546645812814270054261838724276648789787545873543129307236979929008975692427415061034247383
546210654982411490949952764809520321552457974411181627984219523029194177867529094330655959
546149460912306380484218801759455380706898738595751485589300090938287402382545130262963415
800770215944102125486955375232046945003252396973217782290972013951741239783678795097646295
546202884306842588033669086961893027476831404783825419426134515779555222250388273496663255
292070710501441613892268758158867578185498311726380735814057423587150719276983718599271639
291635552669583050580382798691739109950410412594433056561297017607369204717097751895680215
291581157940600730166397053758348051421024425202939596654701966859896515397112006057731287
546140718902291364703399664180874674871818847764975750961454457782443577313261706824721623
291573387265031827250113375910720757345397855575583388096616959610257559779971185223738583
260271974605100005223894205811357417284658172517467882738475074397234511789267952855
550127073601643745537490800222323689448130488741172428571612160018855894026879839830090967
138884811615836691237456270807049709723918182192783566644630899930059019725130245335
291643444706377514770821635202421507691798451602647113238594632356344128691958095828034775
291636645365254724719073417085747625375625203178710430750270251012910042526959877598291159
546257400397050469721809990558339189671978861556176727451942174026363879928093542432974039
291635674030808611854537957354794213616171881975290904680509625106705173074817274994042071
328011316465353006252188773219247395063519531862182623441869275988033410570591144747317023
381633200166374160382557260915023178754039030365587095345974410365592231312366314711
295552092650040866442075992767597581511844396305281705267902262096366889234168020493477079
260246037177110846396119325910715471193299040040902779252130235898416739248228607191
138858874187847532409681390906407763632559049716218463158286061431241247184090899671
260220099749121687568344446010073525101939907564337675765785397399598966707189261527
138832936759858373581906511005765817541199917239653359671941222932423474643051554007
260216857570623042714872586022493281840520016004767037829992292587246745139559343319
138829694581359728728434651018185574279780025680082721736148118120071253075421635799
503016657808781880250741641647810608301727716050762110941769322190079470156355544279
295552214033498508849795860951978314299273943993967390442917857891278713721406864482706647
381629494819518566264303706643502900740987725726077794847925147722903978092217836759
295552092646335519586481874514043309991566383253977065758601764047104246545914800344999127
295551986406630475991923308605970280580376176247353055094721695588613088949586703185159383
291635552639940275735629852663304937788186308183995940486893033213268063211071990707856599
291581157910957955321644107729913879258800320792502480580297982465795373891086244869907671
546140718872648589858646718152440502709594743354538634887050473388342435807235945636898007
291573387235389052405360429882286585183173751165146272022212975216156418273945424035914967
260242331830255252277865771639195193180247735401393478754080973255728486028080129239
138855168840991938291427836634887485619507745076709162660236798788552993963942421719
381603557391529407436528826742860954649628593249512691361580309224086205551178491095
260216394402266093450090891738553247088888602924828375267736134756910713487040783575
138829231413002779463652956734245539528148612600144059173891960289735221422903076055
138803293985013620635878076833603593436789480123578955687547121790917448881863730391
138800051806514975782406216846023350175369588564008317751754016978565227314233812183
381599852044673813318275272471340676636577288610003390863531046581397952331030013143
260212689055410499331837337467032969075837298285319074769686872114222460266892305623
138825526066147185345399402462725261515097307960634758675842697647046968202754598103
156200426807293090710351603660097475857386377568246122671413695304078925081846069023
260186751627421340504062457566391022984478165808753971283342033615404687725852959959
138799588638158026517624522562083315423738175484069655189497859148229195661715252439
156174489379303931882576723759455529766027245091681019185068856805261152540806723359
260183046280565746385808903294870744971426861169244670785292770972716434505704482007
138795883291302432399370968290563037410686870844560354691448596505540942441566774487
156170784032448337764323169487935251752975940452171718687019594162572899320658245407
156144846604459178936548289587293305661616807975606615200674755663755126779618899743
138766240516457679453342534118400813306276433728485950707054495364034916680378950871
156141141257603584818294735315773027648565503336097314702625493021066873559470421791
262317382961863444363831576272730404410954543171583237056598504676869970933584569559
140930219972600130377393641268422696850214552846898920962754330209694478869446862039
158305120713746035742345842465794911192503622454510284958325327866726435748538332959
262317332302824403037996078460424463109994857365964945838851737414176967471590352087
140930169313561089051558143456116755549254867041280629745007562947001475407452644567
1095691774247188860225534932169992512948614799667965259150971523716075191641453554551338783
550119303133574167591042116984213143843412608383439146195256818493263274141972074924156119
295551971496314630137755828714059226316991616194046783330419320321077256608681553323173079
550173819223782049279183020580659306038560065155790454221064476740071931819677343860466903
550173697836619060015869034142724301730852504415800129536748382895897464644185279722759383
295552092853834844556316869123560058462475072523599991940331429771150582278147856273056983
260657330579138357894674327592801670600390418140096036310563727582002899412322952407
139270167589875043908236392588493963039650427815411720216719553114827407348185244887
520569415100052867664274925421491507228875971468480800618670265041337634330187249439
260420188380380334326446854215503877765106921211500804435410918449954693322820363479
139033025391117020340008919211196170204366930886816488341566743982779201258682655959
156407926132262925704961120408568384546656000494427852337137741639811158137774126879
522466551799626135561789010329891909536713014920190771594580783204433757594727593759
262317325079953602223960939123904280072943964663210775411321436613050816587360707799
140930162090690288237523004119596572512203974338526459317477262145875324523223000279
158305178583287948428767789307537953025313771352090359325473063223694346685713856287
139059020688648091854205745953581158128536212260961666195059317838564884736897524951
262317382949495514910382885965647321905754113560790849778469171970018727524536231127
140930219960232200923944950961339614345014123236106533684624997502843235460398523607
158305120701378106288897152158711828687303192843717897680195995159875192339489994527
262343269718445632412322268053983326696153560231737662047067243206143496603581359319
295552092879772260177546243449749652021338658682302857713047637986656374244676988264064215
139270167577507114454787702281410880534449998204619332938590220407976163939136906455
381833288785264877687210978813370448912005614401957836737470598709096714518949078231
260446125796001563700773043809062741351265624077273520643626424241921222454811370711
139058962806738249714335108804755033790525633752589204549782249774745730390673663191
260420188368012404872998163908420795259906491600708417157281585743103449913772025047
139033025378749090886560228904113087699166501276024101063437411275927957849634317527
262317325067585672770512248816821197567743535052418388133192103906199573178312369367
140930162078322358784074313812513490007003544727734072039347929439024081114174661847
383730425472470216131276373414687768714642228242875420435251784165341594374441084119
262343262483206902144838438410380061153902237918191104341407609698166102310303376599
140930162064408438148944537217045022188653061415592636351452430143816432278995281111
156437684656792586412503754241716477321144246500627308437081027243982642981068715807
140930277840375195999037203780582441182281783228651511433026446608540783605329765591
158305178581521101363989404977954655524570852836262875428597444265572740484421236511
260449889023000152894118850899825846201584588709327798890077135990307023819891090647
139062726033736838907680915895518138640844598384643482796232961523131531755753383127
156437626774882744272633117092890352983133667992254846791803959180163488634844854047
139036788605747680079906035994876192549485465908078379309888123024313759214714037463
140930219958465353859166566631756316844271204720279049787749378544721629259105903831
158305120699611259224118767829128531186560274327890413783320376201753586138197374751
139062668151826996767810278746692014302834019876271021150955893459312377409529521367
260423893713101151926473333850357775772214877724390233758455229427670096932627883223
139033025376982243821781844574529790198423582760196617166561792317806351648341697751
124064944407823430726451769355898750130507672669080041506747954740721946797271
66183034565683560089302943231560739551999300207434764438684135586375722935511
74468032859152943979908965683615819175359490411869809678881793007979858867999
82753031152622327870514988135670898798719680616304854919079450429583994800487
139034009609768361149531148726834967704417644218297978819063608217798837476625294551
260213615392151998001488929833845642237877433108428103601906668285422942138611082455
138796809628043931069022560657375710572727005667669383523668392676741424313285551319
140930683127070759147133762755826867442272791277927851544822469255351280253467698391
139033488545587649109749040698600340796425169317845418923634883028436002642703492311
66183724733472940187225469571782295455105967217603800276303959607267889325271
66183503877589842889184271659594702590291488782116690823934194406492727747799
74437822930392133093100488402051045705629748367512950459108216347702529172695
156107314459731916157559671656731081061214710532990387789242082134746510490153329879
140930163080179366465165877697366398302111221297277256561715530420968317299993421015
67200793196947657112154045817362533495211290747029012610289174278373175272663
156107314459707760045345904683475059415696740943906808907839485781803441655370032343
140930163080155210352952110724110376656593251708193677680312934068025248465210123479
67200769040835443345180789795717015525622207168147610013936231209538391975127
125096789503381327289993026278415451482668115922086489437312080144660173497559
327380766733797924439597902956500297433774622557485085898404697442608192165578522252354775
295551973363866535747094873167030734256155221899830821318334934462954826760448289058399447
142827357661635300876310111909679900596751127469640662941325195750822642471626417367
140930220071571112330490324891297557914483152040878807940102722694436993755605705943
260479474029040822171600406182703187038196394637629499381547513217709259731354854615
260449831254196069225571972010540962933785957521555095397153412076203233970167030999
295551971466671954263984835782308677029628576052208861235902313275368599845170678294193367
139270167688846025861333076211368824103919027009391607194067945599569922234344088791
139062668264932755239134037006233255373045967196870779303309237609027741906029323479
139033025490088002293105602834071031268635530080796375318915136467521716144841499863
156378283456389154712029369859281021506514162572333335330092032983047647262745147167
140930162288604705818209210199136093618076010418845444519860316285427786681768551639
262317325178924584177057622746779141137212563857190662388669829097793331473519551703
140930162189661270190619687742471433576472573532506346294825654630617839409381844183
66409218536300700444655815512678498284332858934987157396153633747754950403287
66296140324154883847562484472630951499319899965587117782833850950872222737623
124192160786700767792374720955329387456365808719525997206209699885994004260055
181989258572777995920722934671587836981640997075841047324171549323623290971351
140930219972600123637406974480762748183460781091991252553468224574551358593544299735
124107348730638125283574108547249826403132624614195770256107730169277067109591
124094980801184676593267025464744625973521832226917640923400878925868018771159
181975123796259768846086268291581893633514377204666042372506576474012950013143
140930219958465347119179899844096368177517432965371381378463272909578508983203341527
140930169299426305793344402031790426876557747159753090160716505646885505521209124055
295551971466671841158219624471883629828438839086489785728475751635918814986685905891828951
139062668151826990027823611959032065636080248121363352741669787824169257133626959063
139033025376982237081795177786869841531669811005288948757275686682663231372439135447
124093213954119898208937442167243883055006004743020765304442757319666726151383
66211304111980027571788616042905872476497632281375488236378938165320502289623
66198936182526578881481532960400672046886839894097358903672086921911453951191
124079079177601671134300775787237939706879384871845760352777784470056385193175
66197169335461800497151949662899929128371012410200483284713965315710161331415
66183034558943573422515283282893985780244392539025478333048992466099820373207
74468032852412957313121305734949065403604582743460523573246649887703956305695
74453898075894730238484639354943122055477962872285518621581677038093615347487
67200765596702256616686556027005838158864388611002410034378096748552182637783
125082651282729913486862126129698330767783677493766284506088972834063623202007
140930220057408735566862754787141387551844467567356800738495195118386614324272112855
66409190936055299949188325722321802947985956798960554820242556217933957768407
124178022566049353989243820806612266741481370291205792274986592575397453964503
66296112723909483352094994682274256162972997829560515206922773421051230102743
125082647838596726758367892360987153401025858936621084526530838373077413864663
67200737990559367787779863781565733272231942265117682116036268988489775260887
67200765589962269949898896078339084387109480942593123928742953628276280075479
66296112717169496685307334733607502391218090161151229101287630300775327540439
31558556445204908319654306355579883465507861238804066754735403449263319
578031573541757510804808398392414890570909798421373366380614292266237261717487810125571287
1153814421675000481769511274745861551641341195513270700586187781656702213286611367930797700490455
326883457014488039254053772132538883323218578166686280903421934881330343684584938268075223
323402194359619532758966096395511137442515385111104846881338687043078227205497204639343831
295552093120671480798264690499289170396889840666453374704672704337061295372795335609492695
578031571881762119498643420800101249486359951436894866213991166196573337380045183607448791
1153814421674998821774119968580883959327700110963423716107687615033576143622687030488171182367959
1220547469616695397228031660753136642176389190610750063431209455179288482745565999722978796446935
1439835905669180368676563039813257120756491651637452536527045026376688340921600050087678098389351343319
686567006924278552517966381776255888551001471768736198434454142347328386350803968910887741891799
1220561728861730397507845488124737391149634234716257301048281419838052619980578178081703850484951
1439835905683439613711563319627084492357240624882496642034282643448652999685737285099856457114405381335
686567006917479211395176330028037771877119155595487774497771654022947042916717803912669512148183
686567261538234243190921332764611244468683451949146151964068355694870056370555205046334346831063
327380780017460973993779704406766598385804212085291339534931021754677013821644602289497303
1212220321159276189112147161888887813589534680408870787116211129504792426209332419534438368093399
2419724222044821253376235921677452628185882969823101506166513943050021610066863927458231813155251102935
3019554609296587991760059220745320062999330752598812817268554672782096409406825288276174306580809177312601303
1439835897342031911257354923928758256507663064782942334647768711378362666425543513854097909848922989783
1422371541683282929262227637059242995755455649598838292893164095038037522948175355387599814612803462359
1422337365890708194700909316711944282921622006326480586448844942372312367432562865138799447219412477143
678239858466859344402081882912007059964146961566856922119455816672832329814570388722347313538263
678225599215025002999478003792188194317019601288101260565701363689686849145472045365404029756631
1439835838936132426979754149049662519053834883842595374378465510565762263832157380719348910712383153367
686567257567299507813357067926844460339252719183083690489483177391088475061682550217778871739607
1153814198874188676752852380540186815632857968444245926703621115774337391940743008920349589447895
1212203993050549058566014832662594504795006577859097435952160682276510319635682121179473700791511
678223530358132213855949553685713751169618859017083570955405369444550223240920090367382646236375
678239603845132978160224015639973856419170905759877341233633045240283410155863535446079874606295
678223307557322302271533868074466581393882494012728013743627956116688575105465428752430407427287
578023800972756364679930292978554849633218559577346368569974781843387892402951493419345111
323402074606514506812658259775009873577411579996460545798542232923729185549675225980413143
686567229717317784828132295509706957145172240868509076985383488289684735584660325131798998230231
628161334203855399762643420731633266511504539085319352807144069325795914957845935092108628665559
678223530358251729818776741969982144197505426328053402102777857009129189780829697983271802578135
619817634844789344753287867191908453563837724544863677924538438045240369154015307943581433013463
327380780013755627138185586153212326865526199033986700025630523705414371133391382141019351
299530678774807575177484180256990359819900654589335227848964540999397439300689513111168215
296049416119939068682396504519962613939197461533753793826881293161145322821601779482436823
323402194122477334000942528168037760144722549827607918286106811890269095157291115136754903
550181483685634999229238267414915033819340347584574466775078316895058668198678237219988695
323899504078923990193778089677675452308424230102577264670562267309850859954762636367307991
323402180842514203551622707429528631468323773951779916953121803332957700457750102991774935
291573493712287858453678243548132097701894580300749663036932108811795492648947966957659351
323402074602809159957064141521455602057133566945155906289241734874466542861422005831935191
323402059429413786299149893216713726518670121852657115703702223143944734464485497814721751
154210177774269700013687036920729309490959653655006033766365528873404806615494370519
2557521026033299462017865157132647143226209898374206169916762636174916770482968434618910790958996595927
5074529507020496054641563384565225417147568023220521255242098023121472431277268092411418090846459596211037399
6332464987995573410850665195987958408271455528761286787424669351115293475413854149283228713926884552117911636485335
3019554747093391980238267862374555518193845792925741368373218423030789534301985704380681467259786981058094295
3019554609296595292242384554325927730487072817349474052160764520575371009860160280211823223456756912173425879
1439835904642514236590935531596245998572413726017834544495561985978816001417479162770973857583783814359
1219504507196799093831124502065445289225481160871569252900806493716189526807851188788523761738967
685524044504382249121059223088564535600093442029555387904051180884229430413089157976432707183831
752273893501313819027974876523013994579583174059724217053371285120758739609281531428384335799511
2419723762098393595413865837505167262312063959871595157019943880210177226033177327407343707101218809047
1439835838936135908348882164992486989890467161296885744930552373934523659127498723152141326666181453015
1437648588211352896424509662765369368525113991865992532494126603328113706128299347228917813489158399191
686567261048668635829299892397681092616707009553635777352851938786383816404115342633732670039255
628161365535206250763811017619607401983039307770446053174612519822494995777300952594042300474583
620860628596023452630624908272348190653830845047547337652332592452008893198949153839081004278999
619948036478625602863976644603940789237679787207184998212047601530698130376655178994710842254551
685524298628785378953130448205215490998248657736078817992526234876314373178636514240166770582743
326883443734530449637129096407287327867782132083323914559937528265071618342091179778712791
1220433618457106020348155418337786160760686113659216861912323229803939061797529655599144307860695
2419724230258118551206067157685709077084230140974534756512588739162121909213499515655467877861190870231
1153814393887062987382832170544045857381658891312766082771518892548253375770069491960122480075991
1153814425156261476648167296063704709613019212628946564154756626617425922927472866623158466716887
550181470642819608370337159917136855661696736784709029026825785431609074904390568233215191
1220433395656402140969359414014482700018774024276337438264743959528255113445242048131960914126039
2419724230257895750502187778889704753780769399062445373633165091582851633529551163367860410677797135575
1153814171086359108004036166220742396639746801929886659123939622272569427417781884492939086341335
2559434870417484597451483597157461791298694882421102162067762125643004651466509180561189184660577002711
5074529508934340438826698818183665441962216095705505302138090174120961899365149075952164033124853297791444183
6332464987995575324695049381123392026711480343409359272408716247107444474903322237164212254672826830511613216892119
3019554749007236364423403295992995543008493865410725415269210574030279002389866687921427409538180682638501079
2419724230371969710782190017400323726586761185022798217691066028158568903642649043465287280478229439703
3019554609296596318908516626699415785870429153477028016965266197334181517954118864061290313636276500290938071
3019554609296596204834501951968194954837470602551850998083036152041751482330253700215937526889420954020685015
1439835905555106353988577798820596396357616102963756816127028366451286094837483277074406521625631073495
1439835838935881783945544833497348602617312723936534469676249225646948839151797249614242882603803288791
1153797874744153703133025604669490188223399860796749940140474626553923844894694457813543781213399
686436636621779891388283573486349737977039364301186854284523650977649434527392590640474554442967
619817412051736858422960325692609434598012141954736075143719313721963748499932427001452726658263
752273893936471443387114275138351262668846273578892475941238017053273960682805549134022724625623
2419723762098394030571490196644565877649332049134694676188202768076909158548398400931361412739607635159
1439835838936136343506506524131885605227735250559985264098811261801255591642719796676159032304570279127
1300125198890621456837212944374747540515801553161681319722115164316819843818859659580257128122222716119
1299851792550023580346666381596357837845132406982819668167561942991018599693959737589854188975094834391
686567261483826260188439291013018360705970109072804036240718670718899037477639360339371058865367
620860629031181076989764306887685458743093944566715596540199324384524114272473171544719393105111
619948036913783227223116043219278057326942886726353257099914333463213351450179196700349231080663
685524299063943003312269846820552759087511757255247076880392966808829594252160531945805159408855
1153814202790715429127934603626360715999575358333966272454856609102147954356699819041941776573655
1153814202355557597269371291740401248871107123246067140507177356341741974575185259155975072982231
686567229717304534513317523337977260327788947656167404060133219209262513427076488663801696691415
619948005147261501547994275544236956948761725309716624919328881953576827399616325024779868906711
619817634844776094438473095020178756746454431332522004999288168964818146996431471475584131474647
327318601358889589035744433675376590967301300342211781291870043486145142359796818167538903
295552079633214467268069392574998409805884663710031195840360406962094579488121248805364951
1153814425156261269148743382793082510573814077060215691094944105789535164219482324442830151951575
550181470435320184457066537718097650526128005911649216505997894672901084362210239918449879
1220547469616682117270442043828460916924833735174303980068843111694881866486840657229220307084503
1439835905669180368663283082223640196080766400081997100080961664010344856514983791362335604630861980887
686567006924265272560376764851580163299446016332290115072087798862921770092078626417129252529367
1220561728861717117550255871200061665898078779279811217685915076353646003721852835587945361122519
1439835905683439613698283362037467567681515373327041205588199281082309515279121026374513963355916018903
686567006917465931437586713103362046625563700159041691135405310538540426657992461418911022785751
686567261538220963233331715839935519217127996512700068601702012210463440111829862552575857468631
327380766737503384376855028681515042930367766001928973191446615138418288479150843800134871
2419724229345558192559034060404394370590107556604785191395021930964938481154907558479387615370202916055
3019554609296595292496998403543458789941073156823399598952239901290084324323696376319805327736611392264414423
1153814425645813804052199119505959136213440199588010855403606700041505546635187386542001654146263
1439835838936136397794969863980715873578985688688461513787836998773933203138663939709064917412209042647
1299885501095434261497367517881488594440691419042039358783113406714069655594951356356440123953168065751
1299851325302859526936049197534189881606857775769681652338794254048344500079338866107639756559777080535
619833962953396959342133840529078382588052480745996990406851387209545450240425355729910599591127
619819703701562617939529961409259516940925120467241328853096934226399969571327012372967315809495
1439835838936135908242409023096990001874585169161697039901313557634773847681936685505185045699667502295
620860628595916979488729411284332308661695656342518098836032842640563331161302197558114490328279
1153798128868450567322625246068747460668625023366975004472462451562453984330585399976639645426903
619817666176033722612559967091866707043237304524961139475707138730493887935823369164548590871767
686567229717198268870845939620583577374858894519869038303645990225707710097420074563163497506007
619833708331670593100275973257045179043076424939017409521028615776996530581718502453643160659159
619817412043859917211585825691537904017788013191868082031023526653401695531320395759993693480151
550173699733813853551624032095590455808555344925160531382809401078423629927296878045111511
295551973367571995684351998892045479752748365344274708611376852158764923074020610606179543
686567229717319444829064434069829562716386546380685853929518644413412746301254019621679171970263
619817634844791004754220005752031059135052030057040454868673594168968379870609002433461606753495
299530680434808507316044302862561574125412831366279363005088269010114032995179393284908247
296049417779940000820956627125533828244709638310697928983005021171861916516091659656176855
295552094543530214178801244877387007404609182159900581265564557194968757019079126280643799
550181485345635931367798390020486248124852524361518601931202044905775261893168117393728727
327380766733798037521260910427960771410089752950624333682146117089155645790897623651656919
619817412043966153211282564655985558536545904104062037350394681232972104759835303834870704841943
295552079603571692423316446546564237643660559299594079765956422567993437982095487617541335
295551973363866648828757880638491208232470352292970069102076354109502280385767390457701591
140930220184652775337961785365273873044876291288662549359749270148062312857005008087
1153814675807172627174302562496192046173496085016183946057280514324868058733951524314546986099927
1153814453006362715589886876884944876397759720011828388845503100997006410598496862699594747290839
1679467484777422942231234789186202195878801990434991461798185695006023090222894540354939043521751
1212220320669723861707323790961612670809460376169473668372270343294912525208379420037416087004375
