8
156107315350195290467174892884064123658185971801766080181198733204299605796490650839
156107314459704369818869190774082183283755039824714196155886778311010080345010283735
262321031416270728231166886090545486098442845553194681520253663707095632439136560343
140930163080151820126475396814717500524651550589001064928360226597231887154850374871
67200765650608966631271396919585073824503014555395657306465437848228032226519
327380781881307419613788472963802183626278579911544672948271692707034378108724861909673175
156107372341590055846526060949652285976247648744003078919761250021886165856450847959
262347026726145573086598636166757534882294586949048667770472973916789490491616470231
327380766733798814905991726598442396423819925218492553309544449574583805836557432937587927
550119305001126963666774985079126750772621516750230651594312184767116457964717721344615639
262317383951300820140570201994595310777884149832974263786078872775283464730428646615
156107314558623649334244946257490821679840507121969715499518843612876958782613693655
156107314459680213706655423800826161638237070235630617274484181958067011510226986199
262321031416246572118953119117289464452924875964111102638851067354152563604353262807
125082651336636623501446967022277566433422303438159531778176313933739472790743
277494534442126276735409957301904347957609879408827547524993764009775855066052895959
327380781881306530886695375409763531570633000533785013088424204095373898822922007374013655
156107371452862962748972022297596640396869889084143231431149589542600363001915188439
581948098374762810487779035568111933414873351081429895823834957184371986772298320151389399
686567261483826234250899959491909202269042425211305567216801873166256566406821302423784769791191
327380766737503273034492747297958015888452358892037532958997459012185969239007798550406359
581948098371520631989134182096251945834630089661538336253197021391267174420076752521471191
686567261483826231008721460847055730409054844968044147325242302528320773302008950202217139872983
327380766734261094535847893826098028308209097472145973388359523219081156886786230920488151
581948219758220452895498903752492666202302898770115580998850552979283811259537164140618967
686567261483947617708542367211777386649775212640853255902487048181852361318645789662628759020759
327380888120960915442212615482338748675881906580723218134013054807097793726246642539635927
550181591792840287533265296744041455629696055131310984883460847996742090791533497618605271
686567229717319652328377004978170378198564640034009617097890932792147378776925321658962237007063
619947782346466707778638071573182905043801052683203280745309182208600044614010496404988170413271
1153683800721723414158351137067454533289862595317977233391988158186637615252800926812337217283287
619817412043981300669116891049124704841493758706008660825268469219841364210825642855792432981207
296049417987439313391864967941016006338362962073866301271383755804337587818128942721213655
295614260155580750079979008473887538103275062941918622018623349824556073258242976017622231
295559865426598429665993263540496479573889075550425162112028299077083383938257230179673303
295553066085475639614245045423822597257715827126488479623703917733649297773259011949929687
550119426388289064202995873963023103024683498112461316418780789999630445854406930946663639
327380766941297350092169251243442949503743076713792705970524851721631317092934906716693719
327380766733797926178898629044403744368174345840732893449696960962923326550754578401928407
295614138768417760816665022035952533795567502201928297334307255980381606082750911879914711
550127075676694977855965565372715392792602506999827200292549703405094934296055687642948823
550120276335572187804217347256041510476429258575890517804225322061660848131057469413205207
295551973363866537486395599254934181190554945183078628869627197983269961145624345207973079
522466609782246260380844234548527294662275440430094412480726558887380602883259873055
262317383062573727043016163342539665198506390173114416297467212295997661875892987095
140930220073310413056578228338231957637766399848430100203623037828822169811755279575
158305120814456318421530429535604171980055469456041464199194035485854126690846750495
277494476659159870223128842609742883661202737786794184104751357600766647992215741655
327380781881248747920288863128648839409168704126643391055060783852967489813714933536859351
156107313669896556236690907605435176100462747462109868010907183133591155928078034135
277494476560216434595539320153078223619599300900455085879716695945956700719829034199
327380781881248648976853235539126382744508662523206504715962558818305835003767661150151895
156107313570953120609101385148770516058859310575770769785872521478781208655691326679
277494476547848505142090629845995141114398871289662698601587363239105457310780695767
327380781881248636608923782090436075661426157322776893923575280688973128152524252101813463
156107313558585191155652694841687433553658880964978382507743188771929965246642988247
277494476546302513960409543557609755801248817588313650191821196650749051884649653463
327380781881248635062932600409349787276040844172723192574526870922806539796118825970771159
156107313557039199973971608553302048240508827263629334097977022183573559820511945943
156107429333005957824064275116839467234137549076688209179551038648297911146846430423
550181591792898167676260371836294274872522892398970977428438596398191196489081642549847255
686567229717319652386257147973245470451383882860846884757883477769895780226031019207107168249047
619947782346466707836518214568257997296620295510040548405301727186348446063116193953133101655255
619817412043981300726997034044199797094313001532845928485261014197589765659931340403937364223191
299530680642365700029947718770296571461892992397107727838444752044038809994764821281187031
295614260155638630222974083566140357346101900209578614563601098226005178955791120948864215
295559865426656309808988338632749298816715912818085154657006047478532489635805375110915287
264214578532780910663928203180164834718042025594421249047091134458080858736844940503
327380766733855806321893704136656563611001183108392885994674709364372432248302723333170391
295614138768475640959660097128205353038394339469588289879285004381830711780299056811156695
550127075676752857998960640464968212035429344267487192837527451806544039993603832574190807
295551973363924417629390674347187000433381782450738621414604946384719066843172490139215063
142827415543517596677490268175857127157302035269736932953246959990905366672707232983
262317440942716722118108416161782492035774050165659394045868661401695210020824229079
140930277953453408131670481157474784475034059840975077952024486934519717956686521559
158305178694599313496622682354846998817323129448586441947595484591551674835777992479
262347033058522433738301352521638774839224801476115506812515995280508232320017835223
327380766733805147282852378301158751305059882148707080376383491617605169555299261338952919
295614138768424981920618771292707540732453038509902484260993786635063449087295594816939223
140959870069259119751863417517331067278484811151431190718671820813332740255880127703
381866694900186431959218497453188121159487292762410085487313451924967475996573377751
327380886253466988946850599218303682854406202411198366670962166415061814014542937894495447
550181589925346361037903280480006389808220350961786133420409959604706111079829792973464791
686567229717317784834450509616154114163498818558305447573039469741258986740945609955257591866583
619947782346464840284711576211166641008735231207499111220457719157711652578030784701283525272791
1153683800721721546664424641705438269254796773842273063867136695135749223216821215108632572142807
619817412043979433175190395687108440806427937230304491300417006168952972174845931152087787840727
299530678774813893391590627414008686397590450959922883830416115250553724585512971704804567
296049416119945386896502951676980940516887257904341449808332867412301608106425238076073175
295614258288086823584616992209852472281799358772393770555572461432520093546539271372481751
295559863559104503170631247276461413752413371380900310648977410685047404226553525534532823
550119424520795137707633857698988037203207793942936464955729901607594466142703226301523159
546700207750809680498937218096396485839928175023752687401461634750651442304872950039913687
546265049918951117187051258629268017604840275891805008148701228770869927744986983336322263
619947778429924833889467725359144790270363027827424041239332447448980818741847449858473888130263
1153683796805181540269180790853416418516424570462197993886011423427018389380637880265822935000279
619817408127439426779946544835086590068055733850229421319291734460222138338662596309278150698199
292132876113550143045650929826242568313507182834360324536624136578465424771582428438930647
291697718281691579733764970359114100078419283702412645283863730598683910211696461735339223
800777986827228334226351801966030876601875280689703911106943676195583255958291759099356375
546210655189968796773065513695876959075454288500311548242106178023397238425001237498373335
291643323552709259319779225425723041549033296310919185377268679851211220891710715897390295
800770216151659431310068124118403582526248711062347702548858668945944300341150938265363671
619817662632605659488260667851952079203620655258664591861986134617662313413035192473233079739607
546638042346258457168667795315378133234915618004903018936781576753539797367746383367972055
546202884514399893856781835848249664999827718872955339684021170773758282807860416664380631
619817408065274022228723214565663809049703128837672402469623269780164141227017659182711478756567
292070710708998919715381507045224215708494625815510656071944078581353779834455861766989015
291635552877140356403495547578095747473406726683562976819183672601572265274569895063397591
328073360716235974131415786223567281525766933589304364045223381480012147707470331488614175
546148489785417573442796090914858606470441731481461879777426120026285593487874670826431703
291581158148158035989509802644704688944020739292069516912588621854099575954584149225448663
546140719109848670526512413067231312394815161854105671219341112776646637870733849992438999
291573387472589133073226124797077394868394169664713308354503614604460620337443328391455959
328011195311684750801146363442548928920754376570454695580543323482900502770343764816672543
291511222068037909742956702016059042263381612645863639889823556607348975400316761719514327
327949029907133527470876940661530576315741819551605027115863265485788857833217198144730911
260687031334836388594979601654015982329620362250246597284227985448334164260750435543
295614137108423258234573627970956673109660528905463258392084258347053616913227535549539543
550119303341131572357590493460092238031068964076005952792241698522127989509391490478580951
295116813872013471592418245722809852269560072754665910674643794370160457416215002174006487
260479531910923117972780562448880413598747302437725769393469277457791983932435670231
295614136900923834321303005771917467974091798032403445871256367588345626371047207234774231
295559742171941513907317260838526409444705810640909985964661316840872937051061461396825303
550119303133632148444319871261053032895500233202946140271413807763419998967211162163815639
139299868345573074608541666649708274768880371925562281190383810981158672196612728023
139092368921659803986342627444572706038007312113041453299625102990616491868297962711
381840757472197273131443617552546175068128160285844982000968613426149703455534032087
260453594482933959145005682548238467507388169961160665907124438958974211391396324567
550119303107694720455161043486173132253554141843813663706310321418581500149438621124469975
139273930917583915780766786749066328677521239448997177704038972482340899655573382359
139066431493670645158567747543930759946648179636476349813280264491798719327258617047
139037251887182841477321007655708570593869155600340608391142321180628725218589353175
381837052125341679013190063281025897055076855646335681502919350783461450235385554135
260657388559991635648951167481853758225209925134172193299833884306828138499562611927
260449889136078365026752128276718189494336865321651365409075176316285958171247846615
139062726146815051040314193272410481933596874996967049315231001849110466107110139095
156437626887960956405266394469782696275885944604578413310801999506142422986201610015
260423951708089206198977248376076243402977732845086261922730337817468185630208500951
260420246361233612080723694104555965389926428205576961424681075174779932410060022999
139033083371970298094285759100248257829186437880892645330836900707604440345922315479
156107371550039551311783160424678002937730407454654845759308632239288704073009276119
327380766733798023355487191855541871449536886701251263961311289121966023239095649496016087
295614138768417857993253584847090660876930043062446667845921584139424302771091982974002391
549684147169267608804384490869097757563250579101041682993318618334717160807369971199452375
295551973363866634662984162066072308271917486043596999381241526142312657833965416302060759
262317383159750315605827301469621027739366908543626030625626254992686002946987074775
262109883735837044983628262264485459008493848731105202734867547002143822618672309463
140722720746573730997190327260177751447753858406420886641023372534968330554534601943
156107371451096115684193637968013342896126970568315747534273970584478756800622568663
327380766733797924412051564266019414784876845097814377622213064087304368429148377109308631
295614138768417759049817957257568204212270001459009781506823359104762647961144710587294935
550127075676694976089118500594331063209305006256908684465065806529475976174449486350329047
295551973363866535719548534476549851607257444440160113042143301107651003024018143915353303
142827357661607754537619631027031002819291456761364471307969891927086212326483371223
522466609780479413316065850218943997161532521914266928583850939929258996681967253279
262317383060806879978237779012956367697763471657286932400591593337876055674600367319
140930220071543565991799844008648660137023481332602616306747418870700563610462659799
158305120812689471356752045206020874479312550940213980302318416527732520489554130719
140959812187349277611992780368504942940474232643058729073394752749513585909656265943
260686973452926546455108964505189857991609783741874135638950917384515009914526573783
260479474029013275832909925300054289260736723929353307748192209393972829586211808471
295614136900865952411460865901280319147967460021824937498794722311277562551892861010912471
550127073809143169450761409238043178145002464819723840457037169735990890765197636773946583
295551971496314729081191443120261966542954903002975269034114664314165917614766294338970839
139299810463663232468671029500882150430869793417189819545106742917339517850388866263
139092311039749961846471990295746581699996733604668991654348034926797337522074100951
381840699590287430991572980403720050730117581777472520355691545362330549109310170327
295552092857540290355346601783317070208716372383833117153327271813501885972485817437332695
260661036024937387627334084604547911900250651265309032152606078885697237373487228119
260453536601024117005135045399412343169377591452788204261847370895155057045172462807
139066373611760803018697110395104635608637601128103888168003196427979564981034755287
260424356994536313323888305511190153816598567416652462839709427583985062936503198935
381836994243431836873319426132199772717066277137963219857642282719642295889161692375
260449831254168522886881491127892065156326286813278903763798108252466803825023984855
295551971466671954236438497091827794380730798592538152959710679920064776108740533151147223
139270167688818479522642595328719926326459356301115415560712641775833492089201042647
139062668264905208900443556123584357595586296488594587669953933785291311760886277335
156437569006051114265395757320956571937875366096205951665524931442323268639977748255
139036730836916050072668676222942411504227164012029484183609095286473539219846931671
260420188479323769940853056955729841051915849697204499779404007110960778063836161239
139033025490060455954415121951422133491175859372520183685559832643785285999698453719
156407926231206361319367323148794347833464928980131547681130830300817242878789924639
156378283456361608373338888976632123729054491864057143696736729159311217117602101023
140930162288577159479518729316487195840616339710569252886505012461691356536625505495
140722662864663888857319690111351627109743279898048424995746304471149176208310740183
522466551898569571176195213070117872823521943405894466938573871865439842335743391519
262317325178897037838367141864130243359752893148914470755314525274056901328376505559
140930162189633723851929206859822535799012902824230154661470350806881409264238798039
158305062930779629216881408057194750141301972431841518657041348463913366143330268959
262317383048438950524789088705873285192563042046494545122462260631024812265552028887
140930162177265794398480516552739453293812473213437767383341018100030165855190459607
140930220057408789473572769371982280131080133205982745131742467205727714000121701591
158305062916644852698654333420528370135358624305221647482036396798940516532989310751
248226840597705189168732336399922603187496931363324638923399229405369887209247
124178022619956064003828661699191502407119996235599039547073933675073303553239
66296112777816193366679835574853491828611623773953762479010114520727079691479
74581111071285577257285858026908571451971813978388807719207771942331215623967
277494477450706977804591682154103038655819014602677538985006735271231490720765912279
262347026726142176133318575186143406838393622475583789490275733804656871436725069015
141167363160792132769079679386971268008526691963420301287190267328023559700902126807
262317383951297423187290141013981182733983185359509385505881632663150845675537245399
125082647939683343440466352894233665468948838559879334538064181314684581389527
277494535330849925699777267459726224825810272310868837868405444930927196934379218135
262347026726142128953411907672523766171117220191230110625272994358655029505407132887
140959863736878814966973972668216058610377229866545794531428819891479537441269425367
262317383951297376007383473500361542066706783075155706640878893217149003744219309271
125082647892503436772952733253566389066664484881014331798618179472753263453399
156107263802456325772537510825413106045646691838462757858292883928631521677677241559
156107263800910334590856424537027720732496638137113709448526717340275116251546199255
156107321682599320847629763644655932882914351831007735606694333034329069822608483543
74437795378155954278778637049190176484635927966021469812853729687315971384535
327380660497791897087223744412602165649588757063618298767647371787927370116776466357757143
327380660494549718588578890940742178069345495643726739197009435994822557764554898727838935
327380781881249539494943612596982898437018304752303983942662967582839194604015310346986711
156107314461471210986159241664463025701088408054997470194637054838381456304888161495
327380766734204103144096131013317395174594401690664944242598286706546452667879533893461207
327380888146841352039619680444438016184213302158374665553355304639401588325112486551954647
327380888120903924050460852669558115542267210799242188988251818294563089507339945512608983
327380766733740934787146866231623111234559650059251864303935724450388622331847881374901463
295559744039378449010927514289780842132566819028953808281950968720374212543858469014938839
295551973363809546094643836442153548056940249401597599723865961470735256926717648180946135
140930163081918661293765447705098342941984918819284338967110503124603263114728252631
327380781881191657585101472726345749610893966741725475570201322305771130784860964123124951
156107256579561368846288604515636901363077829546625008549359986774562301958664299735
327380903323529561689228926375451403223475996480397119978775560143628883410868598062261463
327380781881249537948952430915896610051632991602250282593614557816672606247609884215944407
156107314459925219804478155376077640387938354353648421784870888250025050878757119191
327380888150083528992273352235211715379071250428212523774944830666339812320928628050830551
327380888120903922504469670988471827156881897649188487639203408528396501150934519381566679
327380766733740933241155684550536822849174336909198162954887314684222033975442455243859159
295552944698255657413188114492020671431008257454963424444578177610773538022454824654152919
295551973363809544548652654761067259671554936251543898374817551704568668570312222049903831
140930163080372670112084361416712957628834865117935290557344336536246857688597210327
327380781881191656039110291045259461225508653591671774221152912539604542428455537992082647
156107256578015377664607518227251516049927775845275960139593820186205896532533257431
156107256565647448211158827920168433544727346234483572861464487479354653123484918999
156107372353982135514700184790788935043556497658334835221167836650930247858867741911
156107372341614206061251494483705852538356068047542447943038503944079004449819403479
327380766733798814930141941323875930477386487326911856848913472851837728029396026306143447
295551973363867426237638911534406367299767086669257592268843709872184362624265793112188119
141167363160819679937085173901638962614536075740424548590664761362349017349162083543
140959863736906409314886134696503393883663015927903720699906053371806837020847318231
140930220962061656368857700524341169779252578811829316715511952230300811259659494615
156107314558647799548970379791544388241948926425509084522796097535069797375982249175
156107314459704363921380857334879728200345489539169986297761435880259850103595541719
262321031416270722333678552651343031015033295267650471662128321276345402197721818327
262317789237772077480206692663762787753613403708079833726335216463993180630091900119
140930163080151814228987063375515045441242000303456855070234884166481656913435632855
67200765644711478297832194464501664274217470345537531964034687617986617484503
156107372353957979402486417817532913398038528069251256339765240297987179024084444375
156107314459680207809167090361623706554827519950086407416358839527316781268812244183
156107313669896550339202574166232721017053197176565658152781840702840925686663292119
156107313570953114711613051709568060975449760290226559927747179048030978414276584663
156107313668350559157521487877847335703903143475216609743015674114484520260532249815
156107313569407123529931965421182675662299706588877511517981012459674572988145542359
156107313557039194076483275114099593157099276978085124239851679752823329579097203927
156107313555493202894802188825714207843949223276736075830085513164466924152966161623
156107429345373881380024631984720094655928428401936386599555028924398924314480026839
327380888121018807953131246534948435799336165639262535927168223212537175524807955104474327
327380766733855818689817260097013431491628604899272211242852129368362708349315890966766807
295559744039493332913597908155171162389635773868974155220867373638348298561326478606804183
295551973363924429997314230307543868314009204241617946662782366388709342944185657772811479
142827415555885520233450625043737754579092914594985110373250950267006379840340829399
140930277965821331687630838025355411896824939166223255372028477210620731124320117975
158279241278978078224808159322085680147754876297269515881254636368834915462372243231
327380766733855806321887806648323124408546099698842600450464851239030001498072481918428375
295559744039493320545668454706480855306553268668544544428480095509015591710083069558465751
295551973363924417629384776858853561230926699041188335870395088259376636092942248724473047
140930277953453402234182147718272329391624509555430868093899144503769487715271779543
156107371451096109786705304528810887812717420282771537676148628153728526559207826647
327380766733797924412045666777685975582421761688264092078003205961961937678918135694566615
295559744039435438635826314835843706480428930657966036056018450231947527890928723334603991
295551973363866535719542636988216412404802361030609827497933442982308572273787902500611287
142827357661607748640131297587828547735881906475820261449844549496335982085068629207
140930220071543560094311510569446205053613931047058406448622076439950333369047917783
260686973452926540557620631065987402908200233456329925780825574953764779673111831767
260479474029013269935421591860851834177327173643809097890066866963222599344797066455
381840699590287425094084646964517595646708031491928310497566202931580318867895428311
260453536601024111107646711960209888085968041167243994403722028464404826803757720791
295559742145946204008310395704675920774180297861648715482886327093623943663904332718875863
295551971470377301092026717857048626698553728234292506924801319843984988046763511884883159
139273873035674067743407816161037749256101110655080506200636561987771515067934778583
139066373611760797121208776955902180525228050842559678309877853997229334739620013271
139040436183771638293433897055260234433868918365994574823533015498411562198580667607
381837457411788780240612786976937352385288139932357672561773098119228097300265510103
260450294422525466254174851972629644824548149607673356467928923652052605236127802583
139037194005272993439962037067679991172449026806423936887739910686059340630950749399
381836994243431830975831092692997317633656726852419009999516940288892065647746950359
260449831254168516989393157688689610072916736527734693905672765821716573583609242839
295551971466671954236432599603494355178275715182987867415500821794722345358510291736405207
139270167688818473625154261889517471243049806015571205702587299345083261847786300631
139062668264905203002955222684381902512176746203050377811828591354541081519471535319
260423893826179358161618277788047663981557604051169590419327927322898801042569897175
139036730836916044175180342783739956420817613726485274325483752855723308978432189655
139033488658417399321708482796159713159397722166914636389690648043371087410802271447
260420188479323764043364723516527385968506299411660289921278664680210547822421419223
139033025490060450056926788512219678407766309086975973827434490213035055758283711703
156381988803217196594104109808949946658696246218022234336660649371249240096335836959
156378283456361602475850555537429668645644941578512933838611386728560986876187359007
262317325178897031940878808424927788276343342863370260897189182843306671086961763543
140930162189633717954440873420620080715603352538685944803345008376131179022824056023
140930162177265788500992183113536998210402922927893557525215675669279935613775717591
140930162175719797319311096825151612897252869226544509115449509080923530187644675287
140930220057408783576084435932779825047670582920438535273617124774977483758706959575
158279125488655687973391120080683968960589941543112334137566215869372513750535223071
66296112771918705033240633119770082278326079564095637136579364290485664949463
156107321682571767782135935690785783193495417768459278445094496569253381932933784791
74437767825090460450824766899500757550573379508859869976388653999426296685783
67200738091645984469878324314812245340154921888375932127569611930096942785751
156107321682571720602229268177166142526219015484105599580091757123251540001615848663
74437767777910553783311147258833481148289025829994867236942652157494978749655
156107372353954535269299689323299144686861161311432699194565260739852718037875107031
156107372341586605815850999016216062181660731700640311916435928033001474628826768599
327380766733798814902541695923380462987596130631575509946777446249261816951866205313508567
550119305001126963663324954404064817336397722163313608231545181441794469080026493720536279
295551973363867426210038666133910899809976729973921245366707683269608451546735972119553239
141167363160792079691684678434149172257840739393522412564062185451271487528169448663
140959863736878809069485639229013603526967679581001584673303477460729307199854683351
156107315350167684324286063977371878218081085169319734296470814862471845734083273943
156107314558620199303569884324054597885253590078606948496193521623992267554989614295
156107314459676763675980361867389937843650153192267850271158859969182320282602906839
262321031416243122088278057183853240658337958920748335635525745365267872376729183447
262317789237744477234806197196272997396918067361177697699732640552915650809099265239
140930163080124213983586567908025255084546663956554719043632308255404127092442997975
67200738044466077802364704674144968937870568209510929388123610088165624849623
156107321682571714704740934737963687442809465198561389721966414692501309760201106647
74437767772013065449871944803750071598003481620136741894511901927253564007639
156107321682571713967554893058063380557383271412868363489700746888657530980024263895
74437767771275879408192044496864645404217788593904476226708058148473387164887
156107372355500519816306400492581768031175470941544511513940417093615114442414564567
156107372341586599181176623897113300212824987629403075826044917798407465607235183831
156107314459676757041305986748287175874814409121030614180767849734588311261011322071
505146769082391111817247617590709751242069047372071276143256603232324360912973145303
140930163080124207348912192788922493115710919885317482953241298020810118070851413207
67200738037831403427245601912176133193799330973420538377889016079144033264855
156107314459731963324283019453912024973696604416708663773203248586944489890100356311
140930163080179413631889225494547342214593115180995532545676696873166296699940447447
67200793244114380459951226761275015389095009023012973776741372257773122299095
156107314459707807212069252480656003328178634827625084891800652234001421055317058775
67214903864520393767614637119635440767632545315306576132053402038548679959767
156107371451123709189607466647843184586068535160310215151590440860413166345712641239
327380766733797924439645069679848094614718535039378969616680681403774644363557922199381207
295551973363866535747142039890378531437099134381724705036610918424121278958427689005425879
142827357661635348043033459706860844509233021353358938925286362203020621871573443799
141167362270329183065441146065776294662248542853192315799216698278683179245055321303
140959862846415912443242106860640725931375483040671487908457990288140998916740555991
140930220071571159497213672688478501826965045924597083924063889146634973155552732375
260686973452954139960522793185019699681551348333868603256267387660449419459616646359
260479474029040869338323753979884130950678288521347775365508679669907239131301881047
260453536601051710510548874079242184859319156044782671879163841171089466590262535383
260449831254196116392295319807721906846267851405273371381114578528401213370114057431
295551971466671954264032002505656474210572488534102744954178297236535052043150078241219799
139270167688846073028056424008549768016400920893109883178029112051767901634291115223
139062668264932802405857384803414199285527861080589055287270404061225721305976349911
139036730836943643578082504902772253194168728604023951800925565562407948764937004247
139033025490088049459828950631251975181117423964514651302876302919719695544788526295
156378283456389201878752717656461965418996056456051611314053199435245626662692173599
66522296795613240389546327496638526963229536180371158175925614524037625095383
262317325178924631343780970543960085049694457740908938372630995549991310873466578135
140930162189661317357343035539652377488954467416224622278786821082815818809328870615
66423353359985650867089662836596923526343197082146123514270804576765238387927
66324409924358061344632998176555320089456857983921088852615994629492851680471
140930162177293387903894345232569294983754037805432235000657488375964575400280532183
66409218583467423792452996456590980178216577210971118562605831727154897429719
66310275147839834269996331796549376741330238112746083900951021779882510722263
66296140371321607195359665416543433393203618241571078949286048930272169764055
156107314459704410258789191500041875284277670354160206611603412121868802000425657559
262109826645501903930634293339849331355041111630610563587162326884723920546088690903
140930163080151860566395397540677192525174181118447075384076860408090608810265748695
68105391388215419408744004931965970735136132321051690846834558944945268925655
67200765691048886631997356611585596455032460565851373940276296569883447600343
67101822255421297109540691951543993018146121467626339278621486622611060892887
74338824435800279262533264386543086294502030630948677290975453004050740094167
74437795377313455945430179555606832263166564507470309049649336797281483564247
156107314459704363078882523986422234617001268069806527746600672675866960069107721431
262321031416270721491180219302885537431689073798287013110967558071952512163233998039
140930163080151813386488730027057551857897778834093396519074120962088766878947812567
68105391341035512741230385291298694332851778642186688107388557103013950989527
67200765643868979964483736970918320052748106886986371200830294727952129664215
124305235601880121008770999170578238768504667407764798006423546201290469614807
124206292166252531486314334510536635331618328309539763344768736254018082907351
182075834078938953433156077552369445480515908383906911080125704164955258430679
140930220059175629798364486913905628965069279966902560619331980528706199925511759063
124193924236799082796007251428031434902007535922261634012061885010609034568919
182074067231874175048826494254868702562000080900010035461167582558753965810903
124192157389734304411677668130530691983491708438364758393103763404407741949143
140930162175498940593715465435496207126315782942702615077179293506765439377995277527
66409190983222023296985506666234284841869675074944515986694754197333904794839
66310247547594433774528842006192681404983335976719481325039944250061518087383
66297879618140985084221758923687480975372543589441351992333093006652469748951
124178022613216077337041001750524748635365088567189753441438790554797400990935
66296112771076206699892175626186738056856716105544476373374971400451177129175
74566976288027363515861531698235874332090286438804516661907655972444972103455
249131465863512575271068748005630736075286512340330645069308332082773944547103
125082647885763450106165073304899635294909577212605045692983036352477360891095
67200738043623579469016247180561624716401204750959768624919217198131137029335
67200765637971491631044534515834910502462562677128245858399544497710714922199
67200738037726091135577044725478215166115660541101643282488466967889722287319
67200765637128993297696077022251566280993199218577085095195151607676227101911
31612463155219493160546885591245522091452254486076154095835079298852055
156107321682599320836111231743407490587829567553106282071815181974894010779168220375
74437795378144435746877388606895091700358026512486590661794294628272531121367
262347026726169723289805537799562659149318221974686583258871076779547270041544762583
327380766733798814930141929805344029228944192242127578947459937972686668594336982865880279
156107314459704363909862325433631285905260705261268532762882284820824791060155278551
262321031416270722322160020750094588719948510989749018127249170216910343154281555159
262317789237772077468688160762514345458528619430178380191456065404558121586651636951
125082675486839830403079772146544590068447941353647929881039071713289401083095
73533142505351662482285827262163509704466635731044695834338971300771578586327
74324689612933125321830187417158125981282519085924951212009436143500128756951
125096813706648745872862214801678366561863016323416974049057786133851463558359
156107314459707807200550720579407561033093850549723631356921501174566362011876795607
156107371451123709178088934746594742290983750882408761616711289800978107302272378071
262347025835679226418161509963699991197030689087454350467423013695881431937438000343
327380766733797924439645058161316193366276239954594691715227146524623584928498878759118039
262346975176640185092326012151394049896071003281836059249676246433188428475443782871
323402074602808255327963268538631370696039721121631173609536964032641243519445081845736663
154239819644485352086732646861530439749546566038400732979917804715568855452695995607
154213882216496193258957766960888493658187433561835629493572966216751082911656649943
260479474029040869326805222078635688655593504243446321830629528610472180087861617879
260453536601051710499030342177993742564234371766881218344284690111654407546822272215
260449831254196116380776787906473464551183067127371917846235427468966154326673794263
139033025490088049448310418730003532886032639686613197767997151860284636501348263127
124206319766486413449880575858598245883687328992031486769620378724795635279063
124192184989968186375243909478592302535560709120856481817955405875185294320855
131429187547786421868345439038929607030191447715098841745877386992075517011159
156107320792081648338226716062631798284334318878155023038789197994167220235930248407
73547277705646551231196612914591596451683075253453564677813567837729293149399
154002626786684890239389614691312577569402418830722331606820988208695026846307787991
74338824435788760730632015944248001510224129177413798139916017945007299830999
74437795377301937413528931113311747478888663053935429898589901738238043301079
156107314459704363067363992085173792321916483791905074211721521616431901025667458263
262321031416270721479661687401637095136604289520385559576088407012517453119793734871
125082675485997332069731314652961245846978577895096769117834678823254913262807
125096786106403345377394725011321671225516114187390371473146708604030470923479
275600994546717021786373475658656491206790371323083097224470393863099110527590802647
154210126210598113681681986382828505632999076358889480632576956753235365243304617175
260420188479347919301561625240077471735595263253478956716641346769325667579276633303
131415052346649034786086195892918176061505644734138812139198397565083314627799
124178046769316772572113009329875181820676270692536276886732298564588744025303
124206292166241012954413086068241550547340426856004884193709301194974642644183
182075834078927434901254829110074360696238006930372031929066269105911818167511
154210176857245069441855026914795342783240362964631805690791794956134056461467198679
124193924236787564264106002985736350117729634468726754861002449951565594305751
182074067231862656516925245812573617777722179446475156310108147499710525547735
124192157389722785879776419688235607199213806984829879242044328345364301685975
124178022613204558805139753308229663851087187113654874290379355495753960727767
66296112771064688167990927183891653272578814652009597222315536341407736866007
249131465863501056739167499563335651291008610886795765918248897023730504283935
125082647885751931574263824862604550510631675759070166541923601293433920627927
73533142497769177482149709819913411711242364604084248965499435290461188203735
59212697037183059401894947201797591092134746209501005738305856851223767
277494477450762078024952679172779378458416250375248898011859534093464522037276517591
327380781881249539522496664952485402445663501340155979509774690961143982511588978597635287
156107314461498764038514744168471670897676260050564581918015359626289029973138810071
277494477449216086843271592884393993145266196673899849602093367505108116611145475287
327380781881249537976505483271399114060278188190102278160726281194977394155183552466592983
156107314459952772856833657880086285584526206349215533508249193037932624547007767767
262347026726197276353679572204819746640990858248155148517128532626889902753235674327
327380766733798814957694993679378434486031683914763852416025196230142515936969694556792023
295614138768418649595461386670927223913424840275959256300635491247600795468966028034778327
295551973363867426265191963889908871308412283257109587835955433250489150531839461362836695
142827358552153397967032990046732157658108406236158283440112730074594033643930854615
140959863736933962367241637200512039080250867923470832423284358159714410689097966807
140933926308944803539466757299870092988891735446905728936939519660896638148058621143
140930684130446158685994897312289849727471843887335091001146414848544416580428702935
156107314459731916973736359838888373396933341534737098021139740668167423771846190295
140959805855024120227371000051685914742240289415098370778007290095895256342874105047
262321031416298275386034055155351676211621147263217583385506626064252975865972466903
262317789237799630532562195167771432950201255703646945449713521251900754298342548695
140930163080179367281342565879523690637829852299023966793613188954389230581686281431
125082703039903704437485029234036262704721409918906187336886414346001091994839
67200793197763833800336203109698252126213037457260910268822595191654868133079
75485791491233217690942225561753331749573227661695955509020252613259004065567
277494477450737921912738912199523356812898280786165319130456937740521453202493220055
327380781881249539498340552738718429189641855822186390426195809558547629568520143814337751
156107314461474607926300977195215649252158290461481003036612763273345961138355512535
277494477449191930731057825911137971499748227084816270720690771152165047776362177751
327380781881249537952349371057632140804256542672132689077147399792381041212114717683295447
156107314459928616744619890906830263939008236760131954626846596684989555712224470231
262347026726173120241465805231563724995472888659071569635725936273946833918452376791
327380766733798814933538881465611461230010038396794263332446314827546162993900859773494487
295614138768418649571305274457160250657403194757989667217056609845004442525897193251480791
295551973363867426241035851676141898052390637739139998752376551847892797588770626579539159
140959863736909806255027870227256017434732898334387253541881761806771341854314669271
140933926308920647427252990326614071343373765857822150055536923307953569313275323607
140930684130422002573781130339033828081953874298251512119743818495601347745645405399
156107314459707760861522592865632351751415371945653519139737144315224354937062892759
140959805854999964115157233078429893096722319826014791896604693742952187508090807511
262321031416274119273820288182095654566103177674134004504104029711309907031189169367
262317789237775474420348428194515411304683286114563366568310924898957685463559251159
140930163080155211169128798906267668992311882709940387912210592601446161746902983895
125082678883791490670511773212390744735132326340024784740533471277166308697303
67200769041651620033362947088052734156623953878379507672469652122820084835543
75485767335121003923968969540107813779984144082814552912667309544424220768031
581948098374762810515326190435280998221063464259731605846736822437334343929641746987295959
686567261483826234250899987039064069438107231401418745518511896068121819369178459767211605697751
327380766737503273062039902165127080694642472070339242981899324265148326396351225386312919
581948098371520632016681336963421010640820202839840046276098886644229531577420179357377751
686567261483826231008721488394210597578119651158157325626952325430186026264366107545643975779543
327380766734261094563395048693267093114399210650447683411261388472043514044129657756394711
550181591792840287560812451611210520435886168309612694906362713249704447948876924454511831
686567229717319652328377032525325245367629446224122795399600955694012631739282479002389072913623
619947782346466707778638099120337772212865858873316459047019205110465297576367653748415006319831
619817412043981300669116918596279572010558564896121839126978492121706617173182800199219268887767
295614260155580750107526163341056602909465176120220332041525215077518430415586402853528791
295559865426598429693540418407665544380079188728726872134930164330045741095600657015579863
295553066085475639641792200290991662063905940304790189646605782986611654930602438785836247
327380766733797926206445783911572809174364459019034603472598826215885683708098005237834967
295614138768417760844212176903121598601757615380230007357209121233343963240094338715821271
550127075676694977883512720239884457598792620178128910315451568658057291453399114478855383
550120276335572187831764502123210575282619371754192227827127187314623205288400896249111767
295551973363866537513942754122103245996745058361380338892529063236232318302967772043879639
262317383062601274197883332407345855311684691883137318162720174653155005302728893655
140930220073337960211445397403038147750944701558453002068876000185979513238591186135
158305120814483865576397598600410362093233771166064366064446997843011470117682657055
277494476560243981750406489217884413732777602610477987744969658303114044146664940759
327380781881248649004400390406295447550698775701508214738864424071268192161111087986058455
156107313570980667763968554213576706172037612285793671651125483835938552082527233239
581948341200500475117331372398130235794950703676510427057865010793035857223733878691800279
686567261484069059988564589044246032287344805288658162297333107196310175070691753859343310202071
327381009563240937664045084127976318268529711487118064193027512620849839690443357090817239
550181591792840286014821269930124232050500855159558993557314303483537859592471498323469527
686567229717319652328375486534143564281341060838809645345899606645602865572694122596962941871319
619947782346466707778636553129156091126577473488003308993317856062055531409779297342988875277527
619817412043981300669115372605097890924270179510808689073277143073296851006594443793793137845463
295614260155580748561534981659970314524079862970166630692476805311351842059180976722486487
295559865426598428147549236726579255994693875578673170785881754563879152739195230884537559
804802346824636031017557843402715796346854513537025290258986226496991696993605163158152407
327380766733797924660454602230486520788979145868980902123550416449719095351692579106792663
295614138768417759298220995222035310216372302230176306008160711467177374883688912584778967
550127075676694976337521538558798169213407307028075208966403158891890703096993688347813079
1059369557074732579207530145234934709565567944986427328439507630825003247351403620621427927
295551973363866535967951572441016957611359745211326637543480653470065729946562345912837335
262317383061055283016202246118960469998534638181788269752954008064798599876597851351
140930220071791969029764311114652762437794647857103953659109833597623107812460143831
158305120812937874394716512312024976780083717464715317654680831254655064691551614751
277494476558697990568725402929499028419627548909128939335203491714757638720533898455
327380781881248647458409208725209159165313462551454513389816014305101603804705661855016151
156107313569434676582287467925191320858887558584444623241359317247582146656396190935
277494476546330061115276712622415945914427119298336552057074159007906395311485560023
327380781881248635090479755276518852082230957351024902597428736175768896953462252806677719
156107313557066747128838777618108238353687128973652235963229984540730903247347852503
277494476544784069933595626334030560601277065596987503647307992419549989885354517719
327380781881248633544488573595432563696845644200971201248380326409602308597056826675635415
156107313555520755947157691329722853040537075272303187553463817952374497821216810199
277494592334664748418818069493036447413256270722187814416777508179481990046868382935
327380781881364423425167058817875722702732456180176326448691095879118068529056988189500631
156107429345401434432380134488728739852516280397503498322933333712306497982730675415
295614138768475640987207251995374417844584452647889999902186869634793068937642483647063255
158305178694626860651489851419653188930501431158609343812848446948709018262613899039
295614138768424981948165926159876605538643151688204194283895651888025806244639021652845783
140959870069286666906730586582137257391663112861454092583924783170490083682716034263
381866694900213979114085666517994311272665594472432987352566414282124819423409284311
327380886253466988974397754085472747660596315589500076693864031668024171171886364730402007
550181589925346361065450435347175454614410464140087843443311824857668468237173219809371351
686567229717317784834450537163308981332563624748418625874749492643124239703302767298684427773143
619947782346464840284711603758321508177800037397612289522167742059576905540387942044710361179351
619817412043979433175190423234263307975492743420417669602127029070818225137203088495514623747287
299530678774813893419137782281177751203780564138224593853317980503516081742856398540711127
295614258288086823612164147077021537087989471950695480578474326685482450703882698208388311
295559863559104503198178402143630478558603484559202020671879275938009761383896952370439383
295553064217981713146430184026956596242430236135265338183554894594575675218898734140695767
546700207750809680526484372963565550646118288202054397424363500003613799462216376875820247
546265049918951117214598413496437082411030389070106718171603094023832284902330410172228823
619947778429924833889467752906299657439427834017537219541042470350846071704204607201900724036823
1153683796805181540269180818400571285685489376652311172187721446328883642342995037609249770906839
619817408127439426779946572382241457237120540040342599621001757362087391301019753652704986604759
292132876113550143073198084693411633119697296012662034559526001831427781928925855274837207
291697718281691579761312125226283164884609396880714355306765595851646267369039888571245783
546210655189968796800612668563046023881644401678613258265008043276359595582344664334279895
291643323552709259347326380292892106355223409489220895400170545104173578049054142733296855
546203855848846006748864450446372141565471153254676575776683661932925509417346446104536279
291636524211586469295578162176218224039050161065284212911846163760739491884055924503553239
546202884514399893884328990715418729806017832051257049706923036026720639965203843500287191
619817408065274022228723242112818676218767935027785580771333292682029394189374816526138314663127
292070710708998919742928661912393280514684738993812366094845943834316136991799288602895575
291635552877140356431042702445264812279596839861864686842085537854534622431913321899304151
291581158148158036017056957511873753750210852470371226935490487107061933111927576061355223
291574358807035245965308739395199871434037604046434544447166105763627846946929357831611607
291573387472589133100773279664246459674584282843015018377405479857422977494786755227362519
328011195311684750828693518309717993726944489748756405603445188735862859927687191652579103
260687031334863935749846770718822172442798663960269499149480947805491507687586342103
260479531910950665127647731513686603711925604147748671258722239814949327359271576791
295614136900923834348850160639086532780281911210705155894158232841307983528390634070680791
295559742171941513934864415705695474250895923819211695987563182093835294208404888232731863
295552942830818723883116197589021591934722675395275013499238800750401208043406670002988247
550119303133632148471867026128222097701690346381247850294315673016382356124554588999722199
139299868345600621763408835714514464882058673635585183055636773338316015623448634583
139092368921687351141209796509378896151185613823064355164878065347773835295133869271
260453594482961506299872851613044657620566471671183567772377401316131554818232231127
139066431493698192313434916608736950059826481346499251678533226848956062754094523607
260450352304462861446400991625464414359146580111612929836584296503779333250602312919
139063189315199547459963056621156706798406589786928613742740122036603841186464605399
139037251887210388632188176720514760707047457310363510256395283537786068645425259735
381862989553358384995832112246474033259614289832923686854517151639436566203260806359
260449889136105912181619297341524379607515167031674267274328138673443301598083753175
139062726146842598195181362337216672046775176706989951180483964206267809533946045655
156437626887988503560133563534588886389064246314601315176054961863299766413037516575
139033083371997845249152928165054447942364739590915547196089863064761783772758222039
156107371451123662839060807032819533009305272278338649399526932941636100227458475223
327380766733797924439598719133188479591066958276116087645114929340266725586491803945215191
295614138768417759077365112124737269018460114637311491529725224357725005118488137423201495
550127075676694976116665655461500128015495119435210394487967671782438333331792913186235607
550120276335572186064917437344826245699321871011273711999643290439004247166794694956491991
295551973363866535747095689343718916413447557618461823065045166360613360181361570751259863
142827357661635301692486800091837192932469758471387373173222854284243555753319277783
262317383060834427133104948077762557810941773367309834265844555695033399101436273879
140930220071571113146667013073454850250201783042625518172000381227857907037298566359
158305120812717018511619214270827064592490852650236882167571378884889863916390037279
140959812187376824766859949433311133053652534353081630938647715106670929336492172503
260686973452954093609976133569996048104788085451897037504203879741672353341362480343
260479474029040822987777094364860479373915025639376209613445171751130173013047715031
295614136900865952439008020768449383954157573200126647521696587564239919709236287846819031
550127073809143169478308564105212242951192577998025550479939034988953247922541063609853143
550120274468020379426560345988538360635019329574088867991614653645519161757542845380109527
295551971496314729108738597987431031349145016181276979057016529567128274772109721174877399
139299810463690779623538198565688340544048095127212721410359705274496861277224772823
139092311039777509001339159360552771813175035314691893519600997283954680948910007511
381840699590314978146440149468526240843295883487495422220944507719487892536146076887
295552092857540290382893756650486135014906485562134827176229137066464243129829244273239255
260453536601051664160002214464218533282555893162811106127100333252312400472008369367
139066373611788350173564279459910825721815902838126790033256158785136908407870661847
381837457411816333292968289480945997581875991927924784285151402907135670968516158679
295552092854298111884248903178626147434663224142243267605591201273359430777607676643321047
260450294422553019306530354476638290021136001603240468191307228439960178904378451159
139063131433289705320092419472330582460396011278556152097463053972784686840240743639
381836994243459384028186595197005962830244578847986121722895245076799639315997598935
260449831254196070041748660192698255269504588523301805629051070609624147251859891415
295551971466671954263985651958996859186920911770839862982612545173027133266083959987053783
139270167688846026677509764393526116439637658011138317425965604132990835516036949207
139062668264932756055310725188390547708764598198617489535206896142448655187722183895
139036730836943597227535845287748601617405465722052386048862057643630882646682838231
139033488658444952374063985300168358355985574162481748113068952831278661079052920023
260420188479351317095720226020536031165094151407227401644656969468118121490672067799
139033025490088003109282291016228323604354161082543085550812795000942629426534360279
156407926231233908474234492213600537946643230690154449546383792657974586305625831199
156378283456389155528206058041438313842232793574080045561989691516468560544438007583
522466551898597118331062382134924062936700245115917368803826834222597185762579298079
262317325178924584993234310928936433472931194858937372620567487631214244755212412119
140930162189661271006796375924628725912191204534253056526723313164038752691074704599
140930162177293341553347685617545643406990774923460669248593980457187509282026366167
140930162175747350371666599329160258093840721222111620838827813868831103855895323863
140930220057436336628439938436788470244258434916005646996995429562885057426957608151
158305062916672399853521502485334560248536926015244549347289359156097859959825217311
124178050167110931172893467889304680708830019137464292509431091018500139459799
66296140324971060535744641764966670130321646675819015441367271864153915598039
74581138618440444426350664217021749753681836880254060681564929285758051530527
156107372341614158868206501520224707378248583696207423639814232820909048297077417175
262347026726169676108279076737329956284295521901253012490525956715812372932243039447
327380766733798814930094748278882966996241327219427505513889169627566604859439873564157143
295614138768418649567861141270431756423634483580622909398499464645024884391436207042143447
550119305001126963690878006759567321345042918751165603798656904820099256987600161971184855
295551973363867426237591718489413403818621926561773240933819406647913239454309640370201815
142827358552125797721632494579242367301413069889256147413510154163516503822938219735
140959863736906362121841141733022248723555531576568696396681782248636880868105331927
140933926308917203294066261832380302632196399100003592910336943749819108327065986263
140930684130418558440594401844800059370776507540432954974543838937466886759436068055
262317383951324923162250642565167732179885084785178608506131855574306347171055215831
156107315350195237376641566481380523414668937164886846019849119650379419402333922519
156107314459704316728335864371398583040238005187834961994537164757089893950853555415
140959805854996519981970504584196124385544953068196234751404714184817726521881470167
262321031416270675140633559687861885854925810916315447358904050153175446044979832023
262317789237772030287161699700281642593505919356744809423110945340823224477349913815
140930163080151767035942070412033900281134515952121830767010613043311700760693646551
249131493417407429106921214144410668148751442910605184137300632546476683015967
125082675439658303942017539443679567368374507782879584760975336816180099359959
67200765597518433304868713319341556789866135321234307692911517661833875498199
75485763890987817195474735771396636413226325525669352933109175083438011430687
262347026726169670210790743298127501200885971615708802632400614285062142690828297431
327380766733798814930088850790549527793786243809877219969679311502224174109209632149415127
295614138768418649567855243782098317221179400171072623854289606519682453641205965627401431
295551973363867426237585821001079964616166843152222955389609548522570808704079398955459799
140959863736906356224352808293819793640145981291024486538556439817886650626690589911
140933926308917197396577928393177847548786848814459383052211601319068878085651244247
140930684130418552543106068405597604287366957254888745116418496506716656518021326039
156107314459704310830847530932196127956828454902290752136411822326339663709438813399
140959805854996514084482171144993669302135402782652024893279371754067496280466728151
140930163080151761138453736972831445197724965666577620908885270612561470519278904535
125082675433760815608578336988596157818088963573021459418544586585938684617943
67200765591620944971429510864258147239580591111376182350480767431592460756183
75485763885090328862035533316313226862940781315811227590678424853196596688671
262347026726169669473604701618227194315459777830015776400134946481218363910651454679
327380766733798814930088113604507847893479358383683434276653079236556370265430851972572375
295614138768418649567854506596056637320872514744878838161263374254014649797427185450558679
295551973363867426237585083815038284715859957726029169696583316256903004860300618778617047
140959863736906355487166766613919486754719787505331460306290772014042871846513747159
140933926308917196659391886713277540663360655028766356819945933515225099305474401495
383759663975065193023035822239236813215927487551326533418067801616875596863309948119
156107314459704310093661489252295821071402261116597725904146154522495884929261970647
140959805854996513347296129465093362416709208996958998661013703950223717500289885399
262321031416270668505959184568759123886090066845078211268513039918581437023388247255
505146769082418664869603120094718396438656899367638387866634908020231934581223793879
140930163080151760401267695292931138312298771880884594676619602808717691739102061783
125082675433023629566898436681710731624303270546789193750740742807158507775191
67200765590883758929749610557372721045794898085143916682676923652812283913431
75485763884353142820355633009427800669155088289578961922874581074416419845919
140959805855051719630273162170718211515591404292637048253449102802579896129378919639
75485819090636119853061257858526682864450766339171397321726937253045508880159
140959805855027563518059395197462189870073434703553469372046506449636827294595622103
75485794934523906086088001836881164894861682760289994725373994184210725582623
67214907261460535503145389743186510650039028848148551840488366543382147310807
619947778429924833889467780505702559601546866314310570655920009028321513516911291841687228851415
291697718281691579788911528128445283916906170231829232845443071293458974053679675076060375
328073360716235974186562343992898465364253820118720951606802722174787211549453544829335327
295614136900923834376449563541248651812578684561820033432835708283120690213030420575495383
139092368921714950544111958628411192924536728700603032640319878054458475081638683863
156437626888016102963035725653621183162415361192139992651496774569984406199542331167
295614138768417759104964515026899388050756887988426369068402699799537711803127923928016087
158305120812744617914521376389859361365841967527775559643013191591574503702894851871
140959812187404424169762111552343429827003649230620308414089527813355569122996987095
260479474029068422390679256483892776147266140516914887088886984457814812799552529623
295614136900865952466607423670611502986454346551241525060374063006052626393876074351633623
295551971496314729136338000889593150381441789532391856595694005008940981456749507679691991
139299810463718379026440360684720637317399210004751398885801517981181501063729587415
139092311039805108404241321479585068586526150192230570995042809990639320735414822103
139066373611815949576466441578943122495167017715665467508697971491821548194375476439
139062668264960355458212887307422844482115713076156167010648708849133294974226998487
156437569006106260823165088504795058824404782683767531006219706506165251853318469407
156407926231261507877136654332632834719994345567693127021825605364659226092130645791
140959805063477058983316494672487906831556193414205236211593888667039365511154050263
