8
1152787504892134372779245422073409710904364957883988941287351783710633827840030727794098732344535
685524044496624616366644276283312910809734931871321820371431342875928427775117500782926308648151
549692037364498256208502447647527293873881393327715489251427103409847012580794267286971607
326891227452913840522891200477751557508877037770503711838099241761711557919179315048162519
326884428111791050471142982361077675192703789346567029349774860418277471754181096818418903
581505183143586795473879555833669239489057447724033326051446783431731309155314761653101783
577596413812760454539311211830558161361303942281408409337823059847534081437612772849951959
577542019083778134125325466897167102831917954889914949431228009100061392117627027012003031
577535219742655344073577248780493220515744706465978266942903627756627305952628808782259415
832155974774451089076313822253084784812098364843444563644575550770081143353762473616942295
577534248408209231209041789049539808756291385262558740873143001850422436500486206178010327
545713331953551789027381003015770569065488761238884695515038314578899184308824890977887447
322904751366398470425486077998367538624857836054316709543625445681124774030069117905085655
275389840436730320696650991477309273046086542318141346144234546740703777996765996247
295055606285323205609556906007963761469516224538798443669242479872980399642174188692251863
140694062105323628348960968381292549426561217066315666020466569706736604877192504535
295116800384607908649173915174991995068796994782769310058467646206331191089503426249827543
140752421304385315076324671562268460313768781826445713176846957033868944259351651543
545829892087092553875589919986934987136772841957202010812999953978165361570481886424802519
295614258080587399671770990835608704913251093096678639951803701860889051389739812849788119
260272032487010271971406318681511865333071587307122000633897646415635184473912976599
156107429234062946817299548097941827657731456872266170085703453941873344744251794647
327380766733855707378882697371929544713361606702300681572635615516787725823736320738534615
299530559255202611823622725567634548256545855251025198732089564352279636394706354548843735
295551973363924318686379667582459981535742206044646416992565852537134360418606087544579287
295551960083961188237059846843950852859343430168818415659580843979822965719065075399599319
141167420053268420693133227515874937733911464565148270733329711360143357643594474711
140930277854510397124905754138577144898627967636553038858176902228095151554091885783
160172673410875738089649308182169477818774575556851853870576271800006731388016244511
262347032959579422731536625502741135262818709271693467718668410574083665917423199447
327380766733805048339841371536431732407420305742614875954344397770020463130732858744317143
295551973363873659647338341746962169229800905084960611374274634790367097725602625550361815
140933932542326949917323810597791481610719586470444048138479397608090401312246146263
275627040416687903712381195217185232677034262352942457542754143323639584958813119703
327380780013812505448322352381001446851517719958167957203334221855753212686651900134237399
327380886253466890003839592453576663956766626005106162248923072567477107589976535299859671
550181589925346262094892273715279370910580774555693928998370865757121404655263390378829015
686567229717317784834351566605147349436479920918729041480835047702165139156239185388854997230807
628161111403045488184447006215826489027075854131183760090818215410414670393970133734212388857047
619817412043979433175091452676101676079409039590728085208212584129859124590139506585685193204951
299530678774813794448579620649281667499950874553830679408377021402969018160946569110168791
296049416119945287953491944912253921619247681498249245386293773564716901681858835481437399
295559863559104404227620240511734394854773794974808106226938316837462697801987122939897047
546202990754104838508329394991595675513378349473487145925862145384664733979622111229584599
546700207750809581555926211331669466942288598617660482979422540903066735880306547445277911
546210655189968697830054506931149940177814712094219343820067084175812532000434834903737559
546202884514399794913770829083522646102188142466863135261982076926173576383294014069744855
291573387472589034130215118032350375970754593258621103932464520756875913912876925796820183
260687031235893377588214874635118342753214270045824558190380400741909597858155799767
260449889037135354019987401257820549917930773117229326315227591609861391768653210839
381866644142204379626618272621984540282121514752369755175719099955849906131984524503
550181589925295603055850947879781558604639473596008123380079648010354141962259928384611543
275626983425268982220816260178341048713454615821621879922789030153109956064069625047
327380780013755514029400860816066408007333756378521425882756601890640042157023005390742743
327380886253409898584918100888641625112582662425459630928345452602363937060347640556365015
550181589925289270675970782150344332066396810976047397677793245792008234125634495635334359
686567229717317784777360147683655784501441076734765461834303727124545174043068655759960253736151
1145470694465950810291915592368520496623115876459827580377613447555100193253753148928956014601431
1145470471665140898707499906757273326847379511455472023165836034227238545118298487314003775792343
299530678774756803029658129084346628655766910974184148087799401437855847631317674366674135
546203004034010977538727724165169765345593161769668615938269533976862958149534228631069911
546202990754047847089407903426660636669194385893840614605284525419551563449993216486089943
546210655189911706411133015366214901333630748514572812499489464210699361470805940160242903
546202884514342803494849337518587607258004178887216603941404456961060405853665119326250199
260449832045716432528422466218976365954351126585908748695262478439331762873909716183
275626926433850060729251325139496864749874969290301302302823916982580327169326130391
326883337257733753214803562770092814606547948097423506776242880585764262414192078360224983
155899872027183269682819394200644794630451255437711978774702339542321957342099875031
155870229252338516736790960028482570526040818321637574790308238400815931580912051415
175112624808703857701534514072074903446187426241936389802707607972727511414836410143
260212796705868886756879246039511418050779466903539599857544256502026610962051179735
1152771208604310416933755438221182648422844824683225615011555236404535778205187636578668576842967
685524044496611336409844439996593123353503210417707821585639884693425213190672516261145620325591
326891214172957040686604480690295325787423423771717920379916738547127112934657534359839959
549684253408972553455932050012443768076801209701573489235159592945623611979131665764656343
295054756367161792672376338961271497945367660493331457905642036776325949508714577491731671
1211177076267565323346148757739284534761516069650663887914311814822373434323912597588392756716759
549691917844836412777657161951998032741237572322305687129364531736771409999944389438809303
549684147169267509861373484104370738665611002694949478571279524487132454382803568604816599
299033236018735042215060831038373035254981102693086228981285680132980067888486747336156375
295062420803025651994101450900825762609804023114063655799846975567473747529527301165884631
545705561277989216724130426119196171944807353488570696831755812671987178406703301600552151
295054650127456749077817773053198468534177453486707447241761968317834791912386480331891927
577534235128252431372755069262083577034837771263772949414960498635837991515964425489687767
299033222738771911765741010299863906578582326817258227648300671575668673188945735191176407
262113588983749628095117089517108097445139061166192464139069224938407509436226151639
550173699496671541684815738530971159652570066986198328644703604110840168902722411792245975
142593920809705749708470507359020508462256609154195599062053422386111640326921331927
140697246387998510427432414624578200531620046805372406623087107160062023263419180247
262109883636894033976863535245587819432087756526683163641019962295719256216077673687
142590215462850155590216953087500230449205304514686298564004159743423387106772853975
260212746046829845431043748227205476749819781097921308639797489239333607500056962263
140693077872785967044397166069117887766937329085924443562781686687037738390752142551
577596413812760452772464147052173831778006441538489893510339162971915123316006571557332183
577542019083778132358478402118782773248620454146996433603744112224442433996020825719383255
577534248408209229442194724271155479172993884519640225045659104974803478378880004885390551
545705561277982884344250260389758945406564690868609971129469410453641270570077868851274967
322904751366398468658639013219983209041560335311398193716141548805505815908462916612465879
275419483209808226577901041319888199649754060918388266231753028924088197556661200087
275389840434963473631872607147725975545343623802313862247358927782582171795473376471
546202884277250472228382074410432388948872311735910390251677999277725298018884312724219095
260212739714449965265314311000667234087199820372219022237579143331496982067307685079
577542005803764342870117255544775832266280377311482626652467885920363776603476351580185815
577534235128195439953833577697148538190653807684126418094382878670724820986335530746193111
326883441837335755045234333685419351783063043580236680334630985262711062450445192264230103
295552092675978294431659428183953203482114198067250463114661998586709342633458899953984727
577969512272222753396327301611819959377761958825466296823180470907600897299910278439838935
326821276225285107801694288705361794042481755688327199349123036506891426971138297277523159
545705665650142453680331900670981316291695019058009863487607244336993250593779549184009431
381633200166374584990198736636351502464441866646868751596119914320173749650787476695
295552092650040866442500600409073302840168106708117986549558512241870843815686358914639063
326883441603898903142804883711500246005548221348044391248699608159164573090492322910119127
260220099749122112175985921731401848812342743845619332015930901354180485045610423511
260216857570623467322514061743821605550922852286048694080137796541828263477980505303
381629494819518990871945182364831224451390562007359451098070651677485496430638998743
295552092646335519586906482155519031319890093656813347040258014192608201127433138766161111
546202884277199813189340748574934576642931010776224584633386781530958035325880850730001623
260216394402266518057732367459881570799291439206110031517881638711492231825461945559
260212689055410923939478813188361292786240134566600731019832376068803978605313467607
138799588638158451125265998283411639134141011765351311439643363102810714000136414423
138795883291302857007012444011891361121089707125842010941594100460122460779987936471
275389783443544552140307672108881791581763977270993284627393814612052542900729881815
295552092646329187207026316426081804781647431036852621337971611974262293290807706016883927
155873876816227704342763399607841384242684981339113511868115094634494977727223375063
156077728577308351731400476776953479215310441247819304456032284736548164636840109271
140933925319456149103288671261271298573668693767689877710949096806964250428016501975
275597339759933308626482123896196884234613246728495591913082974118314404851401434327
275597282768514387134917188857352700271033600197175014293117860947784775956657939671
260212738823959044617008608890685293712768888395167138212267188438207456615827317975
275360139778208878545973535826737627102922608177866996617687758577256991688061691095
260212681832540123125443673851841109749189241863846560592302075267677827721083823319
262343320377485098345799241587617591707516082318637609514959514423418018403996738775
381862931560110055240880888706860996726818887799313896972010203805184258618558063831
260449831142857582426668073801911343074719764998064477391821190839190994013381010647
275389782540685702038553279691816768702132615683149013323952527011911774040201176279
260212681820172193671994983544758027243988812253054173314172742560826584312035484887
140930219958465778466808042353084640554674041001560706037894882499303147597527065815
260449831141090735361889689472328045573976846482236993494945571881069387812088390871
124079079608949299276809764059615096314915574196505191962367509108670708917463
2559434870417989862212059160788704653766645022291161477110297059381876874169446102249056843746809291991
5074529508934340439331963578759229073205078563655645172197405216655895638237371778889085720992512384023733463
6332464987995575324695049886388152602275111586271827222548586306422487009837061109386915191594514698170699449181399
3019554749007236364928668056568559174251356333360865285328525616565212741262089390858349097405839768870790359
3019554609296596205339766712543758586080333070501990868142351194576685221202476403152859214757080040252974295
1439835905555611618749153362451839258825566242833816131169563300190158317540420198762274180711863362775
686437141886540466951914816348817688116909423616229389218262523200352371449080458299560786732247
1220433678065958075966254557279958546991849189201037024493245511828045654758785934190349069657303
2419724230258178160058122775784848019256616372137610298332751320084403933320092476911746469065952666839
1153814453495915043000931309486218243612821966854586245352441174572359968731325770551327241872599
2542210270845998977721743952451474114310497638300584569228149822571184635292551511680430505110213829847
5074529491709740867341079088444020735974539107508261181620497334508658827545132901994495152366173747428271319
6332464987995558100095477895503662287066774355732371075164595729514604862600250417148038297003946071832062853719255
3019554731782636792937783566253350837020816877213481294751617734417975930569850513963758528779501132275328215
11180606357492355095947628229104539448624325814576103878395053739091934663487982986508678217561267697464418419418327
2987445628672735203926564308858996901262868507587637228999395050823405051347243771485726568519221459372549335
2982867590419723772120184896837515001158387864191289605350059473101035060762551522513368054922974294427903191
5331329542382838599058085425704751564540058033861709028674094045025609389369797480183033341717985219603670231
5331328562494513896268743306823753815845686355641803988514922526280377717710853838862619737584081913275557079
1424525150481879884367395314394369596615028059114153014214581042695698652701670414913215271651433325783
1422342171731168714263187602210664314353904095092304515083695166172504344141922600271091804398584145111
2542176095053424243160425632104175401476663995028226862783830669905459479776939021431630137716822844631
2541936330639012423489083900438838393310000043752886305705024034525694424371400547714743609418301646039
2541902154846437688927765580091539680476166400480528599260704881859969268855788057465943242024910660823
1212089950856790782008847043038827837822215329035036904959167703881507402938023474339952844154071
678109488164373937298781764061947084196827610193023039962412391049547306543261443527861789598935
1212073654568980106120156895473320562796926917287887577469162614757912567887625367646303376975063
2542176028434199618722663684460513621991427224942475130345660035641215629040505521282146512949157110999
1212204024817070784247357662011633829608175681879094805895743421151620500818120901209753276458199
1145584800247027751282034414217893526229148459532644026754939083895934814790660737570731448673495
1220417349957230945420122228053665238197321086651263673329195064599763548185135635835384402355415
577961635568211362411334868421971484970809363296259697392660197503408123374179636960896215
3019554609296596205089122720250774904031002168727389217555240264461319106527034081364838654371408978888959191
1439835905555360974756860378769789927923791641183229020239447934075482875218632178201888509650499347671
686436891242548173968232767017915913515258836505299273852147847758030583428520072628499422717143
1439835838936136343519757308336076400220438197215161114552853363128750700100855243966239886664603870423
686567261483839510972643481808011063652625284923258078342046165827357172924929441193731092456663
619948036913796478007320234014270760273598062576807299201241828571671486897469277554709264671959
327318614609673793226539426378323246143151754384313108786978501621592432440651178201130199
2559435396070798839261712098332484447141439541491802825904816845409975241770027920465885660789466539223
5074529508934866092140940628412166616984871938450164372838754011175681666335739379470903937821329426680980695
6332464987995575325220702695365202255212655366065202017067786947771281529623089207754515773412731526987742106428631
3019554749007762017737645106221496718031149708155384485969874411084998769360456991440167314234656811528037591
2542210270845998984521081833063027217675142452195320499215153867694102321738101840954243281760813655255
5074529491709740867341085887781901347527642472153075076356427321512703950462819347544824426178950398028096727
6332464987995558100095477895510461624947385908835735719978490465444591866645373334834483847333219884608713453544663
3019554731782636792937790365591231448573920241858295189487547721422021053487536959514087802592277782875153623
2982930303272504750638087304559251529151278634910026070272966659799907169852631012570167993305562550026970327
2982867590419723772120191696175395612711491228836103500085989460105080183680237968063697328735750945027728599
5331329542382838599058092225042632176093161398506522923410024032029654512287483925733362615530761870203495639
1422372075549671613803679013126103791448153346850353438209478469877931541663633858512604902518401082583
1422342171731168721062525482822217417718548908987040445070699211295422030587472929544904581049183970519
2542176095053424249959763512715728504841308808922962792770834715028377166222489350705442914367422670039
2541936330639012430288421781050391496674644857647622235692028079648612110816950876988556386068901471447
1212089950863590119889458596142192482636110064965023909004290621567952953267297287116603443979479
678095228919338933776789438045492863363594985844254382453780855752847376203436912947569105642711
3019554609296596205339766712540516407581688217030130880562107933156793661631838467359754402404858472623056087
1439835905555611618749150120273340613972094382846235887908143408630587679604627093949921959144233444567
686437141886540463709736317703964216256921843372967969326702952562416578344268106077993156814039
3019554609296587991760004826013101785148374152417996759101528784708474387216957775392728680816956574058226903
1439835897342031856862622705650907299907482248724775308759695089356172798912660068228334057245668615383
744973156997182376369958312707698107704134899117464920068273587926168977749191535364312157201623
2419723754797657091282423179488603446996177084423320214760646895112480031443415467317347643029040211159
2982857651552363738889376110422205156526479360680765553260772654808873710121634488322567965443251566375675095
2542205932252702511463813972585901350867559802818207880223019402664154502180873345437494612850744304855
1422337833137872248005257622345091550910966259609927826078564746265474211030244434028155912139114620119
1422337365890708140306177098434093326321441190268313560560771320350122499919679419513035594616158102743
678353932427139343404635064913957804325107676771014140927469250670483291721731371725290329416919
1212218284068905122407783042486599223395315461914589047557938303496830188382406892345128930321623
678223562124653936295113884389899604122800382793819521007428537681724611318546518176094591984855
611604337554610903329790636596159300743773160447368741866624200426038925291086354537072764200151
686436887264814097467878450431931012711945787565988388440880181129867658685561252801725717882071
1212089696235064412524810677121941162417251692984795904181785361811022690174504268842117775303895
678092937254836891926055250579553133766575562395632711695024959855467758729344131336377253569751
1220431354580539576215899689508379311765602494706529910168884687188042972656628608696274387543255
577968434906091973964438233066785379706739350300304820310346643053737397186956287560721623
323339909198727326045417981746566521334759122295482315050589712790644604168681801892046039
1439835838936136343641169945584971923769869317836170733453321072850061457118788099101897119617262363863
686567261483960923609892377331560494773246294542158546051767476584375105780065098426683750950103
619948036913917890644569129537820191394219072195707766910963139328689419752604934787661923165399
327318736022311042122062975809443867152770654852022830097735519554447568097884130859623639
295559878732499779676113046648619950655790380840574442540430821821544803247021285171602647
3019554609296587991760004947425739034043897701849117380111147685176184108527714793325583816474189526716720343
1439835897342031856984035342899802823456913369345784927660162799077483555930592923363991290198327108823
744973156997303789007207208231247538824755908736365387777994898683186910604327192597264815695063
2419723754797657091403835816737498970545608205044329833661114604833790788461348322453004875981698704599
2982857651552363738889376231834842405422002910111886174270391555276583431432391506255423101100484519034168535
1424525083862655260051042761821104695825750549661830657415458226593194921047376665087036658268796167383
1422372008930446982687988579941285787294231023503295151423351608652510123563789779412613512485164098775
1422337833137872248126670259593987074460397380230937444979032455986784968048177289163813145091773113559
1422337365890708140427589735682988849870872310889323179461239030071433256937612274648692827568816596183
679266524544658605808532224105914636861879744230276948077475552348811987399161003802613149934807
678353932427260756041883960437507235445728686389914608637190561427501224576867028958242987910359
678239858412586024821052927478956310268709804159869316207154937562337379224080282102696717657303
678223562124775348932362779913449035243421392412719988717149848438742544173682175409047250478295
611604337554732315967039532119708731864394170066269209576345511183056858146222011770025422693591
686436887264935510105127345955480443832566797184888856150601491886885591540696910034678376375511
1212089696235185825162059572645490593537872702603696371891506672568040623029639926075070433797335
678092937254958304563304146103102564887196572014533179404746270612485691584479788569329912063191
323837353847774361583096913425833963184478478913989384078787194700392899322927287926072535
323347801286933477857225209025314436420004592390548244919431737973138695443055575384532183
323340030611364574940941531177687142344378022763192036361346730723499739825914754550539479
295614379675249715695498529715204137954420483879559436545802454682670151345562587130045655
1439835838936132427101137612913131912920243699563325407286891959248224644901609424419744504266585875671
686567257567420891277220537320710869154973449215992116938165639772157927105382945811333074461911
619948032997377858311897289526970565775946226869541337797361302516472241077922782172311246677207
355230883120204715379996590065222128073873682073939482177112996896935093754070916217251031
1153814198874310060216715849934053224448578698477154353152303578155406843984443404513903792170199
1422337365890676373905838123133232016001997052807519816733247717009416643814743385587003379458415076567
678223530358253597319813023079580159985339589049991997404087831825619675284620485960936848958679
678223307557443685735397337468332990209603224045636440192310418497758027149165824345984610149591
323464361394529593612321548964843946912457045441758896725603360372884530882395346855077079
323402195989978370282052126183825594307444488422909228260923302375772885945268780183135447
291635674264303248514377085083447413146027851790728642809413665851722323073593210820961495
546700222898267529015260189693675122101359093124294342727811559542310342507568168637637847
546210670337426645289388485293155595336885206600853203568456102815056138627696456096097495
546203870996303855237640267176481713020711958176916521080131721471622052462698237866353879
800824626028099600240376840649073277317065616554382817781803644485075889863831902701036759
546202899661857742373104807445528301261258636973496995010371095565417183010555635262104791
327318614609210624869590161596628962203117002752900028848315939365434602104619525682570455
577969406240074918472024428016044507526157919872311266441444706703784436303067237646410967
323339909198264157688468716964872237394724370664069235111927150534486773832650149373486295
546257279217444689129176304074177484252181179272491664331426634582368063933604873082840279
581940219562352065484389380587359033309270330234663050370328908096080342964631187944449239
154180541220486621065883037736509688747286979536218995255628559607807135564520039639
2982929323384113428624114191167426378022539654725578790066182888387603162902394054248735356804373872447661271
1582353776228861569277556920049986872583449197269923649878239190468625382002358621293157438095121823519
1422371541683282875110087661812671199556663735268691560439017971627288537236067824965117299624193369303
754525109695596850226657514907577986428484833489997517779867982252199498204885068708178777978655
678109233542890160057776677305461797693591994436215966683641489860863369694945519367641365030103
686436632643330323469051862320299198068697752052442735053668850579119514942057680863072923231447
359723564901083654638512876847548724878026775737228853810916171697527000562934107123595039
1422372008930446982702928480680074865580280731580894635749804773531976368278174348322641289049990046935
678239858412600964721791716557242359976787403644195769372034403807051763792990309879261543605463
678239826646079239046669948882201259598606242227559137191448952297415239742427438203692181431511
323347816226834216646303495075022514019488918843713124385676452357707605470832140210480343
291581294501159094878628453974644332858072282211532538934166815833657042599156570848306391
2982929323384113428624114071647758203978661268078996631978593905505151150905528977232932804508504763142841559
1422372008930446982689648517549625545759542222452218236973928945530643383269617036927941748037845066967
1422371541683282874990567993638627321170017153110603971456135519615291672159052022412821430514888549591
678239858412587684758661267237421621467658727245419893544033070822043206481595610338249398625495
323347802946871086196983674336513385343090142967885123052691443800396210771291128065500375
1745174117665347133195921222399247209811623140309193007188722915076362721432114612819888557335767
2419724754998617759447180005451513138545279191911561406488734015561807181637159150240425098605440345303
3019554609297120945556565291689403837059841111995034905728454995002168921192396858571397088774094627501843671
1439836430295828417328299007702818766867059286871402234969988783890148237995838736636291195299112232151
1277926953557648052672010224174657684742281526043675213762807563365252156417599492502365600818391
2419724287751453651748099481540514913955754122569947140970940589646455470526594135725304781082483827927
3019554609296653698392457592608879926061616522469965564114189477208743005840685748006382573653777104545326295
1439835963048664309629218483791820542277534217529787969452195357974796526885273722121170877776155714775
2542210269933406806050574540770226932341840977032265254221059565365993874592938560611431479305405277399
5074529491709739954748907417274609054727357138851599913301182327418401622354372202381544083367147942619718871
6332464987995558100094565303331991117655093108550402418503327410199597772343045226387338684052877072806258045166807
3019554731782635880345611895083939155773634908556820026432302727327718725379089814350807459780475327466775767
6255656196393640245065005477931305588717181245952214653183699277490568474548841139201958676221377493731773199754455
6255505889668342719738420551173111071147429202269084520711974010868390413171233804261576999485480868534779155915991
2987445628672734291334392637689585220015686538930975960680080043733147846156483071872775499520195654563996887
2982930303272503838045908834051959236350993301608550907217721665705604841744183867406887650493760094618592471
2982867590419722859528013225668103319911205895534628337030744466010777855571790822900416985923948489619350743
2982929323384179135256566715170961487656621623388645867058550146960373170085240226086474046359856788290479319
2982857651552429445521828877017983297439721730732734358273433347309142328745362460936221858280072096862774487
1424525149569287712696225902713122414646371397845833699207490785490507892002057463844216245846624773335
1422372074637079435333171720833303506114851871687298193215384167549823094518470578169793100062992704727
1422342170818576542592018190529417132385247433823985200076604908967313583442309649202092778593775592663
5326884908925966513490373024986495666166585709416666299353859852374107830101337325010827841449610588283544791
11180606352976049807325852926654300577390237224203886777440815633740942360755582378170757895103579349305095671588055
5326822196073185534972477416602639749726798303342743729166882652679280843928944280504357176879798983284303063
5326813237094216823755635186833517475949685816760754790568743052722876988761459559860575653369825896855839959
2978342326152133285600892428197158638790903160508346428646568880841898804986728881547128843064841885251609815
2978270654320383595866154590044180448574003267852434919861452081190667963646851116396876654985057193823904983
2540057129294566076042337160215423898477419487997565242140513246905962742734428469770819538870107448535
1560168804591776733923456162466729526799199582957406070621768015234303799093108056166685635563779335383
5331328560341372344835841627416961579795470522563653685495595438643802052488961280739577827973115673169175767
1420218933998238705324934340278500472250430382652598181134837849089791962659960487329181159627694875863
2540027225476063183301183629911537524747815050134252249001733988323453231658267540803119217400890336471
5331391273164249504850844494647287192348884199033138392369579499559370456151843249085119524842605808951305431
1420189030179735812583780809974614098520825944789285187996058590507282451583799558361480838158477763799
2540022953501991341481018839868125185643585844725207535696194094240237587218815979522019171476716463319
1420184758205663970763616019931201759416596739380240474690518696424066807144347997080380792234303890647
1420150582413089236202297699583903046582763096107882768246199543758341651628735506831580424840912905431
2540295892595425110272484878735516663724729921562454921732953889650687120233150886997301793100887827671
2540056662047401968343256636304425673887894418655950976622719820990611031623863455255699221347150931159
5331328560340905097671733928336437668797245933038584343881329920850376137137250170174563312852798150212658391
2540026758228899075602103106000539300158289980792637983483940562408101520547702526287998899877933819095
2540022486254827233781938315957126961054060775383593270178400668324885876108250965006898853953759945943
2400311846209312347112644736199988896342127077985289325801704570840450128284390827910996949771412382935
1420184290958499863064535496020203534827071670038626209172725270508715096033782982565260474711347373271
1420150115165925128503217175672904821993238026766268502728406117842989940518170492316460107317956388055
1211307728987605019706686976380917381363254303697224434622003226109566470390139328863343773033687
1211193654972930288485855943422366456186235421467179142191967602244402625037352582007797502780631
743946490865231207961944945197776931116893807201661348766052250533292060022837461690274546263255
2542175560160369379072411510357649242627253708372188705762875415944955887117229675600600299820959737047
677327266295188174996621697404036627737866584855210569625247913277606373995377298051252718478551
677213192280513443775790664445485702560847702625165277195212289412442528642590551195706448225495
1211179395721095947083252064302547590539108061188423480638213149261257144368254238650854218998999
2542205463964613019979223638057656496537992499108141420145993120773012415047909935469957264346893067479
677198933028679102373186785325666836913720342346409615641457836429297047973492207838763164443863
1211177358685119612597165795856859181160947009720029814701962513120807789986954475314148035601623
1144558134115076579631842548063118877781919787373579035561158175865122103959494311675126207816919
677196895992702767887100516879978427535559290878015949705207200288847693592192444502056981046487
610577671422659734921777269086238124156532068531565170564402863033162007564732280863035153261783
677180599704892091998410369314471152510270879130866622215202111165252858541794337808407513867479
610431004832363651923565940996672648928936362807221223154357060920808492111149320620189948650711
2541936330639011934057932396842542993789277670167389743161141269926241824576570637425159542016951526615
1212089950367359630505250747639307115448629832472493022194568251281712573027733890272551494034647
678109487674942785795185468662426361823242113630479157197812938449752476632971859460460439479511
1212089699716448479972783101326654049450926421842593020331318661287868218875347395955730225374423
2541936329612091669811546008389104966502148051548158339660451954922014961009770057841464437545621857495
1745043492795530088826862588588900739455398319911006197876319337250105868842912225980171218920663
1422337898713879830954809031427370982934547872190120088584255702480520112746005498718605892952263304407
1211063030103113244116797309612019985830010601068992332879564024418145772448150195168080164365527
1211048770851278902714193430492201120182883240790236671325809571435000291779051851811136880583895
1211046733815302568228107162046512710804722189321843005389558935294550937397752088474430697186519
677066271122885723518041883069631957179334470479829140392803622462590841002990057662339642631383
677049974835075047629351735504124682154046058732679812902798533338996005952591950968690175452375
1212089695745633264263392880367273911903653776665513441308745479849163653369027036996284055102679
1212073399457822588374702732801766636878365364918364113818740390725568818318628930302634587923671
1212089695738833923140602828619055795229771460492265017372062991524782309934940871998065825359063
832101701458518526899491058750770169605680368621737129269577958842795496260529323883701463
577479975092276669032219025547225193549873389040851306498145409923136789407253056444769495
322858248726034811164946992343680217494066409459965483726712861003478082553976789005837527
577473175751153878980470807430551311233700140616914624009821028579702703242254838215025879
322851449384912021113198774227006335177893161036028801238388479660043996388978570776093911
577472204416707766115935347699597899474246819413495097940060402673497833790112235610776791
322850478050465908248663314496052923418439839832609275168627853753839126936835968171844823
322842707374897005332379636648425629342813270205253066610542846504200171319695147337852119
291635795443909030898013937041228520156702385250517532939538448694782390697697872806749399
678353900660753944330072992681924409895724482511513070489008011059092740256715367286697412338903
611604305788225504255228564364125906314389966187867671428162960814648373826070350098479847122135
550812141550332797386717434167384408557864183687997018450345892765754925258758597638993695
678353900660740664366942543362103671386595806112737194661006678074084182945320667745685267358935
291635675924240856854135550394646362069113402368065520942673371678979838401828763501929687
1439835838936386559274942956104306906736765610320455276083542262309803358573559422513708701747646112983
686567511699594696620411712314527391065730579084788767241227218485829877103476910008814134699223
1439835838936163758465031371688621295489595834584090271727985050532390030711911287059047086795407303895
686567288898784785035996026703280221289994214080433210029449805157968228968022248393861895890135
386562247013963490869379159417357148838738123167030766342498807198797733056653445038679255
1153814230205673953975491339316622576583599463341595446243587743541217145847082707096432613598423
3019554609296587991759569789567885259776446402325994319072649398277962330676487480758557394087323945136628951
1439835897342031421826177489125535372157390246284746429373264577299632328618025896941604424616747017431
744973156562145931153432940779948015701694870238078489556217047455874343577904805731683235603671
2419723754797656656245977962963231519246085081983291335374216383055939561148781296030618010400118613207
2982929323384113428623678912129966821371451503244674622017010068029592494921041958838648866793403628881781975
2982857651552363738888941073976988631154551610588763113231893268378361653581164193688396678713618937454077143
1424525083862654824893184908046837244526227426600792159128560004815343693734809638664649792687216075991
2542176028434199183686215225756643049387863362514866007697809632025104520810078245183064658752605594839
1422337833137871812968812405819719623160874257169898946692134234208933740735610262741426279510193022167
1422371541683282439831050202256020111405182831100642387618659960959307185140657738475106329380627490007
1422337365890707705269731881908721398571349187828284681174340808293582029625045248226305961987236504791
679266524109500747954757956654615113738818705731990049855697701121499420372738616937031569843415
678353931992102898188109692986207712322667647891627710415412710200188657550444642092661407818967
1212204024382034335788653791439030265745748072756446955492127310043390073542021819355556724942039
678223561689617491078588512462149512120360353914433090495371997211429977147259788543465670386903
611604337119574458113265264668409208741333131567982311354567659955744291119799624904443842602199
2540056662047370201821505023754668840019019160574147613894728507928594418500994566194009773236749411543
2540026758228867309080351493450782466289414722710834620755949249346084907424833637226309451767532299479
3659860681551122837977589523344293553412174622646756968456084753079040043059850058386847785085770998999
2540022486254795467260186703407370127185185517301789907450409355262869262985382075945209405843358426327
1560134161552006125141305705658675755506965612261630735931664123591210319344061662341075502537030313175
1420184290958468096542783883470446700958196411956822846444733957446698482910914093503571026600945853655
1420154387139965203801630353166560327228591974093509853305954698864188971834753164535870705131728741591
2539988310462220732698868383060071414351351874029432201006090202597144107469769585696409038449967441111
1420150115165893361981465563123147988124362768684465140000414804780973327395301603254770659207554868439
744060533113384187570226221322458981035830886068978649883025857785333036486562519097710414996695
2542175560160337612550659897807892408758378450290385343034884102882939273994360786538910851710558217431
1422337364864010241833257077870968982531389344945418282029208705066768493919892804097272472468145644759
2542205463964581253457472025507899662669117241026338057418001807710995801925041046408267816236491547863
1277910625503315625170770319775281534458911310933797894959740457628534452478139696360605732119767
1422337898828176646439425899246100393904867945044725376893746211816992202285154148461196590909733020887
743930162810898780460705040798400780833523592091784029962985144796574356083377665548514677564631
1211161030630787185095925891457483030877576794610152495898895407384090086047494679172388166902999
677180567938370340385860612480602277252189075768138630902140094552129989652732648360297112347863
753482115509070662074372963837879270656145506170882700175968098240804100623867917554766654060319
1211307474420273356509721533935801336329436135330140886097163796168581953365622977800281132704983
1211193400405598625288890500977250411152417253100095593667128172303418108012836230944734862451927
1211179141153764283886286621857431545505289892821339932113373719320272627343737887587791578670295
1745157566810204794110265632388623889752516560194960131173878396011783369357200155063176449828055
1211177104117787949400200353411743136127128841352946266177123083179823272962438124251085395272919
743929940010088868876289355187153611057787227087428472751207731468712707947923003933562438755543
1144557879547744916434877105618002832748101619006495487036318745924137586934977960612063567488215
677310715440045835910966107393413307678760004740977693610403394213027021920462840294540610970839
677196641425371104690135074434862382501741122510932401180367770347863176567676093438994340717783
677182382173536763287531195315043516854613762232176739626613317364717695898577750082051056936151
1211160807829977273511510205846235861101840429605796938687117994056228437912040017557435928093911
677180345137560428801444926869355107476452710763783073690362681224268341517277986745344873538775
610561120567517395836121679075614804097425488417332294549558343968582655489817823106323045754071
354795725288288369101704118316978967677321486534850180890989170674747170184977875676505303
323029203562613247334029077216600786515904849902669595439479534150696607313302306314331351
1212203769760307969546795924166997062200772016949467374606304538610841153883314966079289286010071
1145584545190264936581472676373256758821744794603016595465500201355155467855854802440267458225367
678223307067891124836730645190116308575384298107453509609549225778881057488552935267198231454935
1212218029005342969826609751538597811174017061054974612223376503269605291118327144438014340048087
609355286249979003638706728739505591128115909096886335197741661597294232101127576443495639
678223561681846815509685596178471664493066278287863463139163439126422727508304171402644836394199
577588764524303881871031687639127409966699272464705749746232025073243669229452007081321687
354733559883737145771434695535960615072308929516000512426309112677635525247851309004563671
322967038158062024003759654435582433910892292883819926974799476153584962376175739642389719
291200516432386902236084613335204252749475656251639341523289839629534399504500170280215767
577526599119752658540762264858109057361686715445856081281551967076132024292325440409380055
545760077394077536773087223757730876200270078813675495830042330552081461420649871047206103
322904872753510800673490231654564081305879735864970258510119418156473317439049172970448087
291138351027835678905815190554185900144463099232789673058609781632422754567373603608274135
359288285863624097987424725366644556828853955379218185829564076287440510551963863557715743
291076185623284455575545767773167547539450542213940004593929723635311109630247036936332503
327318735788816407253227013554410069213791536212688918978440722208494669728724187668358359
550173834189678099758265439749503834696991672154770145634483566145611656113996788585276631
327318629549111363658668447646337039802601329206064908314560653750003512132396090508518615
295552107823436241890993406545958858641184692573884322863051017225952949260720521146344663
686436887264935276610492477119518188798768858205770216816690372592088245587798540874735185110231
1212089696235185591667424703809528338504074763624577732557595553273243277076741556915127242532055
678092937254958071068669277267140309853398633035414540070835151317688345631581419409386720797911
1220417095335625755078699888824365738879180521240804500927622913991499422323853718410558800733399
323837353614279726714260951170800165245499360274655472959492397354440000953767344734807255
577961756744111797939377602126198320461205883704743948013484482297205548310031078798206167
323340030377869940072105568922653344405398904123858125242051933377546841456754811359274199
800824625820542393360699706168919380020032589274181383227612333483961490312444500549117143
577969421179975657261102714065752585125642246325476145907689421088353346330843802472359127
546202899454300535493427672965374403964225609693295560456179784564302783459168233110185175
577969407900012526811782893327243456449243470449648144574704412531041951631302790327379159
1746070158437928695873040906871340452714136545853875207182699543261543560750823074543769932604631
1212089695745511851162975627894459699088748827011861342185944230429583464356061043731678878049495
832101580045418109647018244537955264656026716522614328020158378653782530267264718706648279
678223561627330699364375918878740293167003441194315331655378848215278135861147675924834860737751
577479853679176251779746211334410288600219736941728505248725829734123823413988451267716311
577473054338053461727997993217736406284046488517791822760401448390689737248990233037972695
832093809369849206730734566690327970580400146895258119462073371404143574650123897872655575
577472083003607348863462533486782994524593167314372296690640822484484867796847630433723607
322850356637365490996190500283238018468786187733486473919208273564826160943571362994791639
322843557296242700944442282166564136152612939309549791430883892221392074778573144765048023
577464312328038445947178855639155700448966597687016088132555815234845912179706809599730903
322842585961796588079906822435610724393159618106130265361123266315187205326430542160798935
546257400397050471512813156031958591262855712732280554461551417425428131557709535068628183
291635674030808613645541122828413615207048733151394731690118868505769424704433267629696215
581940340741957847868026232545140140319944863694451940500453690939140410588735849930237143
327318614375715990000754199341595164264137884113566117729021142019481703735459582491305175
581940234502252804273467666637067110908754656687827929836573622480649252992407752770397399
550173712776577682505792625536688929747338020055647344385063985956598690120732183408223447
578458958567421167329060170161530236351652687756418494481505366085085741813779006996686039
577961635331011380686904787913383415511552231605621146764064902108192582316766473621152983
323339908964769522819632754709838439455745252024735323992632353188533875463490206182221015
581940219328857430615553418332325235370291211595329139251034110750127444595471244753183959
291635674027566435146896269356553627626805471731503172119480932712664612352211699999778007
327318614372473811502109345869735176683894622693674558158383206226376891383238014861386967
577968434668891992240008152558197310247482218609666269681751347658521856129543124220978391
581940219325615252116908564860465247790047950175437579680396174957022632243249677123265751
291635795440203684042419818787674248636424372199212893430237950645519748009444652658271447
359785730275992103124029353600132905320815228345641406201192245300537503994034912607713055
291581294471516320033875507946210160695848177801095422859762831439555901093130809660482775
545767848065941092833776783351803898755618635389727064878826839752457774349537471732720855
322912643425374356734179791248637103861228292441021827558903927356849630367936773655962839
291146121699699234966504750148258922699811655808841242107394290832799067496261204293788887
327318735785111060397632895300855797693513523161384279469140224159232027040470967519880407
577969527415975354000067161720271343016554440280795517062268991497581861238918679483720919
323347801049733496132795128516726366960747460699909694290836442577923154385642412044788951
295552107793793467046240460517524686478960588163447206788647032831851807754694759958521047
323402195752778388557622045675237524848187356732270677632328006980557344887855616843392215
291635674027103266789947004574859343686770720100090092180818370456506782016180047481218263
577534248378515797348979010239367174967381619922784849080916896087495371227948435917841623
275356441656014663799587264572000085267695463786839819540422357032742987006357349591
153943341238762190985374449667050431615596340985590399960233344066749722401180296407
171292304551918937522551770963780699866526278116636660469459503224963906739232421663
677184642010323009415927206287689318037925889999581580917946053246464995363733080230689589765335
322906815422460920459476861338500319536081033889952615336054106265831457248531358289568983
153944325469533005225159867649641795774477310450154138521042608128326982686328038615
140959978511288723703858584810244748981079332290900373584226012772346823114425443543
295614245008137149466698637524952238445442346191676023157474285154212040311699626533659863
264544840203106352037019429240254046824045217181864631228367865920083075405500495647
295614258288144606575179618369521952889539760407229104406464109239944789867618667923580119
323464346247129528086561203527234791258766528976052575250145083388650327000779524808451287
139062783929805613666473862753018222335231710330817940963038426545431545503661237463
611604051220878927102173425953300843207401777168085336845107556418966471752985793576076357215447
291697839668861692948600257121220772687925945117552498200780254503515811015264460429927639
323464346247078869047519877691736978952825228016366769631853865641883064307776062814233815
291635659116852523949575413810340445186396034365336515715664171120720856498973926780118231
546202869366949072139547715642559358405109465814738553896185575448732406856772384243393751
291573372325138311355992004591387088273675916606496522566668019279434744386355295970469079
262647696280662283325470204995333461479157281027400489824927046955860801256730507039
384064451385731308932101076359497451843348022662540918685418555301849315620061820703
295614258288087615156258126804586914045355796827582573085886489274831619337989773180085463
323464346247072536667639711962299752414582565396406043929567463423537156471150630064956631
139062726938386692174908927714174038371652063799497363343073313374901916608917742807
686567229717438964498015883815632231614086436973240542197263450757689637225709555139316128752855
327380901193425510726491511427681241061630930499198579988098528607055420363398899271541975
295614379467750388958816470327303059900214293867017994536588892083004857491723329909368023
686567229717332724792972289257066323541057025783033535573252786877621178734551958811218968913111
327380794953720467131932945519608211650440723492574569324218460148564262767070802111702231
299530693714772415171231539623386244604815179047923097147552477442547330934368933081851095
295614273228045345364257904419230030489024086860393983872708823624513699895395232749528279
184327243334776955739611728952572965473562044954399461712588463216123675763630744791
550181498625599839222985626781310918604254872043162336073666253338208559832357657190671575
1439835838936132427100930113586395230860855798485271201096879417806215431339009759125890665009365198039
686567257567420683777893800638651481253895395009802104396723630558595327440089091972075853784279
619948032997377650812570552844911177874868172663351325255919293302909641412628928333054025999575
355230882912705388643314530677321050019667492061398040167899434297269799900231658996573399
1153814198874309852717389113251993836547500644270964340610861568941844244319149550674646571492567
1422337365890676373905630623806495333942609151729465610543235175567407430252143720293149540201194398935
679266492778136646696655730589986373702719886661358944222971526522126518844805460515245527737559
678223530358253389820486286397520772084261534843801984862645822612057075619326632121679628281047
678223307557443478236070600786273602308525169839446427650868409284195427483871970506727389471959
323899519018888830187525449044071337093338754561165133969150203753000751588442056337990871
323464361187030266875639489576942868858250855429217454716389797773219237028556089634399447
323402195782479043545370066795924516253238298410367786251709739776107592091429522962457815
291635674056803921777695025695546335091821661778187200800200103252057029219753953600283863
1211193400405583477888824975216904973543261599409579127960806696845141123778632349328912815826135
1211177104117772802000134827651397698517973187662429800470801607721546288728234242635263348647127
743929940010073721476223829426808173448631573396912007044886256010435723713719122317740392129751
1422337364847491153197522204699610045431506934764987840007858296962790584186425384040622548044393030871
677196641425355957290069548674516944892585468820415935474046294889586192333472211823172294091991
677180345137545281401379401109009669867297057073266607984041205765991357283074105129522826912983
354795710140888303575943772879369812023630970069143859415530893690512966303362053629879511
1212203769760292822146730398406651624591616363258950908899983063152564169649111084463467239384279
678223307067875977436665119429770870966228644416937043903227750320604073254349053651376184829143
354733544736337080245674350098351459418618413050294190950850835693401321366235486957937879
322904857606110735147729886216954925652189219399263937034661141172239113557433350923822295
577596413812767675666996454141072518977445118619731626164978686880157263368648908708848855
577542019083785355253010709207681460448059131228238166258383636132684574048663162870899927
577534248408216452336727031360054166372432561600881957700298628883045618431522342036907223
354733438496632036651115784190278430007428206043670180286970767234910163769907389798098135
678223307059999062162718608587527115265905157600160409923008528355528365124235840182458190996695
545767726682541330569051990259675985211015924968701372248788992358995055559846772674733271
322966916770956914883440743089900248846011569411489594835461130710859600898231820435924183
322912522041974594469454998156509190316625582019996134928866079963386911578246074597975255
322904751366405691553171320308881896240999012392639926370781072713747955961105253763982551
291138229640730569785496279208503715079582375760459340919271436189697393089429684401808599
295614258080587399695502483889368055592506733127027669852272798238830390316231265771660503
327318614401711298132908102208727884148910812740358586839102376765769308250780268461892823
169179785389108200319081866977676448119828678640379025687202779906544511796652877015
577542003936327409584255288677819485551541777494871852237947610747001264469499195893032151
577534233260758506667971610830192191475915207867515643679862603497362308852358375059039447
322966901623498969214685322560038273949494215678123280815025105325176291319067853458056407
577472067856207283337702188049173838870902650848665975215182545500250663915231808387097815
322904736218947745884415899779019921344481658659273612350345047328064646381941286786114775
154032327443439444898552005002779930766095312326358589661817096596965347829675009239
578023800735620484160169285786654587359391625892130807773722708506753332951441185224336599
323402074369378626292897252583109611303584646311244985002290159587094626098164917785404631
169150142614263447373053432805514224015418241524304621702808678765038486035465053399
154002684668594691952523570830617706661684875210284185677422995455459322068487185623
138855226722925936531993708855721189307951508896263749652037312145880158101509317847
153973041893749939006495136658455482557274438094209781693028894313953296307299362007
138825583948081183585965274683558965203541071780189345667643211004374132340321494231
138795941173236430639936840511396741099130634664114941683249109862868106579133670615
546210776369581703108223665977829734387927922635249966604831390927114739677181834041042135
546203005694012800191939988130202440312301353007893758046746383677475784060041013207049431
381633207389269117297287635323550941141523108379523391120028156460226391987938993367
260220106972016644483074820418601287489423985578273971539839143494233127382761940183
260216864793517999629602960431021044228004094018703333604046038681880905815132021975
805441517175345015166159962008942509156251604053785795947829901351458822052202543523411743
381629502042413523179034081052030663128471803740014090621978893817538138767790515415
260216401625161050364821266147081009476372680938764671041789880851544874162613462231
260212696278305456246567711875560731463321376299255370543740618208856620942464984279
383827302063045920177427986102344136012617069917530614607770107023484905918716294943
138795890514197389314101342699090799798170948858496650465502342600175103117139453143
260242332720770329026866708821184712905111852689627488125916373442526021270903530711
156077735800202884038489375464152917892391682980473943979940526876600806973991625943
156077685141163842712653877651846976591431997174855652762193759613907803511997408471
140930227195495087292124015676950459237698630860835216736808076304328639545019540695
327318614609210623102743096818244632619819502009981513020832042489815643983013324389950679
577969406240074916705177363237660177942860419129392750613960809828165478181461036353791191
323339909198264155921621652186487907811426869921150719284443253658867815711043948080866519
154417683417477797569332126784224184081827557948986743233905749781733735452730008791
154180541218719774001104653406926391246544061020391511358752940649685529363227419863
275597296323788799607735524771090381610734802655531940219244448995674043726558733527
260449838378120044187205662796193864257001436341511504193858765686094879759580865751
275597289991408919442006087544552138948114841929829653817026103087837418293809456343
396776952765211477785528803690406997445154277351280356219834276325991151850538738903
323402195752778386790774980896853195264889855989352161804844110104938386766249415550772439
275363852347959004971315988785457343793055154550030936639645263359997887245361685719
275360147001103410853062434513937065780003849910521636141596000717309634025213207767
153947046583850938038849619608987412127904727109272216561406987751316369420036154583
153943341236995343920596065337467134114853422469762916063357725108628116199887676631
139062726035527842073154535297109015492020702211653092039632025774761147748389037271
275415727191569393173417058279658153470572989892368756334205607650782188918392038615
154002626774316920359204243374708499818473867091119336754016594684788924313214985431
260238626471055884806858762132599412012429186462273916324425823199696999190226347223
138825526053803411992645947227649758360330063661024496744236810233703734585049294039
156077677905925112445170048008243711049180674861309095056534126105930409218719425751
275593583741694475221998140855966838055432175702476082015535552845008396213132272855
154180483324442002407785325951017184403333052901226662435346539879015131607955219671
260475768558502543294048022746149462300908816893737662696414637970084014598293890263
277490720428899813666063535457284157858068789543393665713316738301253276068624278743
140930227181360310773896941040284079231755282734215345561803124639355789934678582487
154210183979429750428906012942422235345011150009846044168142090126218705514074285271
139062726033760995008376150967525717991277783695825608142756406816639541547096417495
275389789761813387280863794049432909878470938899976168950985150193842810176060073175
153972983997705320348397424872962978213320511459217448872746874585161292350734542039
73405929522598290463711470993948223630013236503208818184778769747051295614167
550181589925809432218263984115350361857147021442404965581407539864243179096323862328583383
550181711338446681113787533546470982866765921910114686892164557797098314753556814987076823
295614379675249715671342417501437164698398838361589847462223573280073798402493752346748119
678353900660739004429334179447526146420673627005541099354539461235496953091452396441297803093207
546265171306114009273776683920852710021439755481001085055352340618423632600941464310588631
291697839668854471820490395650698792495018763291608722190514842446237615067650942709605591
291635674264303248490220972869680439890006206272759053725834784449125970130524376037663959
550181589925346263861314719333656077917112269810991885642744977608085348760292209810023639
323464346247071647919410016221214998759918046190422993621588453584604868360162545093911767
323402180842520424589140593440196646154905489171573325156908395587493223423035978421970135
577969391092616972779112895272415559373618920620975363337429799915504773780834435885245655
260449889038901776465605777964827081413186071073873700427078555553966420588084405463
275386135089874301959237429583212229027547617119448935861160629083998947394756093143
275360197661885143131462549682570282936188484642883832374815790585181174853716747479
260212739716216387710932687707673765582455118328863396349430107275602010886738879703
153973034672621829145024614678262575375448494318199516280971616118005682789579039959
140959978511264567591644817836988727335561362701816794702823416419403754279642146007
295614258288144606551023506155754979633518114889259515322885227837348436924549833140282583
323464346247129528062405091313467818002744883458082986166566201986053974057710690025153751
295614136900981617287709519717819975325810554149269190638569133993173969749057769002575063
139299926128539481122487569157059993524997237670329593956788639324536682758380528855
139062783929781457554260095779762200689713740741734362081635830192488476668877939927
156437684670927362919212296977134415032002810349345726077206827849520433547969410847
291697839668861692924444144907453799431904299599582909117201373100919458072195625646630103
323464346247078869023363765477970005696803582498397180548274984239286711364707228030936279
546202869366949072115391603428792385149087820296768964812606694046136053913703549460096215
260479532702470602995161529917387948391284521651172504539908992630640365599459976407
323464467426735310446041943271248925013419416917871876296690984829114041681815352010941655
678353900660738796930007442765466758519595572799351086813097452021934353426158542602040582415575
546265171098614682537094624532951631967233565468459643046138778018758338747102207089910999
291697839461355145083808336262797714440812573279067280181301279846572321213811685488927959
291635674056803921753538913481779361835800016260217611716621221849460676276685118816986327
323464347907067136402163556624666766925830434035419864299825907813311489385946242706121943
577596520052472719237398907835378575132613680108386047745279873936052068021908171085391063
354795710140888303551787660665602838767609324551174270331952012287916613360293218846581975
678353677424756113528506689783461790792621211758473537347139286325532098533870284117482976912599
323029188415213181784112619565224657606192687918993684880442375763866050488617649484408023
322974793686230861370126874631833599076806700527500224973847325016393361168631903646459095
322967023010661958453843196784206305001180130900144016415762317766754405551491082812466391
291138335880435613355898732902809771234750937249113762499572623245592197742688946778350807
381659195476273161338684246063242806888323957072623206942717165868794099156189258967
323464346039572321182727956833313920705711856177881551612374890984939574506323287873234135
546210654982469372859794893161625569130140017336975858455227633427111182251624397114254551
546202884306900469943511215313998275054513447709619649897142626177472226634483576280261847
291635552669640932490224927043844357528092455520227287032305128005286209101193054679278807
260272032487009847352246311058935099327583966747938890848872991401618607092051551447
577969390885117646042430835884514481319412730608433921328216237315839479926995178664568023
138884869497746533365808376054627391766843976423254574755028816934443115027913843927
260246095059020688524471431158293153236224834271373787362528152902800834551012205783
138858932069757374538033496153985445675484843946689471268683978435625342486874498263
260242389712165094406217876886772875223173529631864486864478890260112581330863727831
138855226722901780419779941882465167662433539307180170770634715792937089266726020311
138829289294912621592005061981823221571074406830615067284289877294119316725686674647
138825583948057027473751507710302943558023102191105766786240614651431063505538196695
156200484689202932838703708907675157900312171798717130781811612308463020384629667615
262347083618618039438212115692470310558290774518128649151390522822760091997555991767
262347032959578998112376617880164369257331088712510357933643755560067088535561774295
154210234652579412160754818418138535006396214353000627679491212700941489751626163415
550181589925346262094467654555271748333814769068073369815261080732466390638686008517403863
323464346247071646152562951442830669176620545447504477794104556708985910238556343801291991
323402180842520422822293528661812316571607988428654809329424498711874265301429777129350359
260687031235892952969054867012541576747726649486641448405355745727893020476294374615
577969391092616971012265830494031229790321419878056847509945903039885815659228234592625879
260449889037134929400827393635243783912443152558046216530202936595844814386791785687
154210177661160490669189883379294351042816567821680050059526099530411860856882668759
275419483209807801958741033697311433644266440359205156446728373910071620174799774935
169179778166213243392832960667900243437259816348541276378269882752475292077639935191
323464239799860054717368576890101554774338612120364838194324394996147615783844306483750103
323402074395308831387099154109083202169326055101515169729644336999035970846717739811808471
154032320220544487972303098693003726083526450034520840352884199442896128110662067415
275393545781818643130966153796669487552907307882640052960383535411253847633760429271
154006382792555329144528218792361779992167317557955736866539360944078355569622721751
290537298380631804433242461500045726893589369557151188487719956078144758380589819095
275389840434963049012712599525149209539856003243130752462334272768565594413611951319
169150135391368490446804526495738019332849379232466872393875781610969266316452111575
154002677445699735026274664520841501979116012918446436368490098301390102349474243799
153976740017710576198499784620199555887756880441881332882145259802572329808434898135
275360197660118296066684165352986985435445566127056348477940171627059568652424127703
260212739714449540646154303378090468081712199813035912452554488317480404685446259927
138825576725186226659716368373782760520972209488351596358710313850304912621308552407
275597339759932884007322116273620118229125626169312482128058319104297827469540009175
577969391092559089102423690623394080964197081867478339137484257762817751840073888368764119
260449831155225087260956756486417659574432574049673754884925868532025660040567923927
396780650889172114977533451652151070775636719698951907408950641814610185351674275031
396776945542316520859279897380630792762585415059442606910901379171921932131525797079
275363845125064048045067082475681139110486292258193187330712366205928667526348743895
429269661454286428698733526380737300354197413865000002947463958997027027216407312159
275360139778208453926813528204160861097434987618683886832663103563240414306200265943
260212681832539698506283666229264343743701621304663450807277420253661250339222398167
138795876068431631573817297052794412078551193863904730729039144644979732513896867031
275597281878023041867451479124793993891115047660940020482781251040478673123316147415
260475826452756158775153583228802647498601855423818932738418442387811343518782792919
139062726035503685960940768323852993846502732622569513158229429421818078913605739735
154210176758301640567435490962229328163185206233835778756084811930271091996353963223
275597281865655112414002788817710911385914618050147633204651918333627429714267808983
260449889023000152882600318998577403906499804431426345355197984930871964776450827479
154210176756534793502657106632646030662442287718008294859209192972149485795061343447
