8
262109877304540898063627272382248141259677503330499395986382393022292376321471882455
260216445061332303636061039635386076590460832541246841483209182608594980825599648983
140693071540432831131160903205778209594527075889740675908144117413610858496146351319
577534235128195439980577830190322901389218297893833947612901626251501455396081068889679063
549684133889247388019876424294100934343592753449182475436235643545484523563379199859827927
262139469420346609683820208742104424063128254640955508753029726901105398620665488599
142619801246302731297173626584016835080245802628958643676013924348809529511360668887
262109826645501856737791774569942199958717817524881104768635625759599372859477664983
142590158471457978351145192411854610975835365512884239691619823207303503750172845271
545705546100831504818444820489139349240446421974828264934856930507866191201630216834852055
260242331830282421138000421723722081380860279212193653751807253844719749904644777175
140722663656238542751353839565634492397977827200196788674791451292423880795339957463
260212689055437668191971987551559857276449842096119249767413152703213724143456953559
140693020881393789805325405393472268293567390084122384690397350150917855034152133847
138795883291329601259505618375089925611299414655360529689174877094532206318131422423
155899758044372170952182698486154991193501669904589342282352889835672445090756371671
155873820616383012124407818585513045102142537428024238796008051336854672549717026007
275389783443571296392800846472080356071973684800511803374974591246462288438873367767
262109820313121976572062337343403957296097856799178818366417279851762747426728387799
142590152139078098185415755185316368313215404787181953289401477299466878317423568087
124997866826886552302556277324491623650675384341628094597225154078881014686935
262317325970471691732401291318413108647987440451062834434359672095331605915405722839
68006447905394987367517433140528044004144063764008129484054624449986271192279
260242324607411620323965282387201898343809386509439483324276953043593599020415132887
140722656433367741937318700229114309360926934497442618247261150491297729911110313175
277283214783921040718612686801877397861558994001920086574706514060018915074216895703
262109819410263126470307944926338934416466495211334547062975992251621978566199682263
142590151236219248083661362768251345433584043199337681985960189699326109456894862551
140693013646155059537841575749869002751316067770575826984737716642940460740874151127
124983732050368325227919610944485680302548764470453089645560181229270673728727
67992313128876760292880766760522100656017443892833124532389651600375930234071
124093241129720019525809629004111249370571712586427777690666891703819193361623
124079106353201792451172962624105306022445092715252772739001918854208852403415
67087687431710227516134118440141726375913772137632807625831389225314108908759
275419432550792909990531996999123820133314336443653046401411713751687056028462556375
275393495122803751162757117098481874041955203967087942915066875252869283487423210711
381629494819542715610411635856372786235910523338242522485476103767777358364434572503
275389789775948157044503562826961596028903899327578642417017612610181030267274732759
260212689055434648677945266679902854570760095897483802407237828159095840539109041367
153972984011840090112037193650491664363753471886819922338779337001499512441949201623
131316108911020027944274492184442610517075831309495132666923899971099075093719
260449831141114460100356142963869607358496807813120064882351023971361249745883964631
124079103333687765730301305621399616276246457267892597414457800970604504491223
275419426218388873712588792799329555825176406128867181117790771490907361760929981655
275389783443544120766560358627167331720765969012792777133396670349401335999742158039
155870171469371678850762531854606646368635668441403703876068687729155517606087173335
181989258572751876749750208484103995581418985893006481789498622755336626971863
140930219972600123611287803508036560699619380869980069718902689901624790306880300247
155870171370428243223173009397941986327032231555064605651034026074345570333700465879
124107348730612006112601382359765985002910613431361204721434803600990403110103
140930219960232194157839113200953478194418951259187682440773357194773546897831961815
262109876401654872335632392120270094028838425954936098441363184525090655021811967191
260212738811590683789812605101887751346570450526174243440140711468705006305791255767
140693070637546805403166022943800162363687998514177378363124908916409137196486436055
181975123796233649675113542104098052233292366021831476837833649905726286013655
140930219958465347093060728871370180693676032743360198543897738236651940696539342039
260449831141090303988142375990613585712978838224036486000948427618418180911100667095
260212681818404915233469285733460269882247885479026181923299979340053771209755141335
124093213954093779037964715979760041654783993560186199769769830751380062151895
124079079177575551963328049599754098306657373689011194818104857901769721193687
66197169335435681326179223475416087728149001227365917750041038747423497331927
66183034558917454251542557095410144380022381356190912798376065897813156373719
131316081735393787456429579160091402801288112283253554746026839018659943883991
140930219958462327579034007999713177987986286544724751183722413692534057092191429847
74338824388607436743763357255146763000396301172130150589850328456364129068247
125082675438816008082862655963860007337150749889813121567768989334611742500055
182074067184681332530056587123472379267894351441191508760042458011067354784983
124192157342541461892907760999134368689385978979546231691978638856721130923223
131316081310774627448807002394085915180728929173468530091012822441278082458839
124079075733442365234833815831042920939899555131865994838546723440783511856343
66197165891302494597684989706704910361391182670220717770482904286437287994583
140930155844913030028674048174344699835913612129273170136762443898236594657644061911
124192181492756187326441814565696477108689518348569508945900831695314499478743
124192157336643973559468558544050959139100434769688106349547888626479716181207
132218967330605133995629777986233344707818948261155423957079273932336327632087
124079102903171117389239526400310719105401729948249447417013034162981228324055
67087683981679552454200682216347139458870409370629482303842504534086484829399
189210359076470458442823709145845716638562549812533811149352742608791939917015
140930219958461897062385666937933956899089115699997431540572416247767249468915262679
260449831141086853957467314057177361918391921180673718997623105629533489683476587735
124079075727544876901394613375959511389614010922007869496115973210542097114327
67200765589936150778926169890855242986887469759758558394070027059989616075991
124192157335801475226120101050467614917631071311136945586343495736445228360919
124079075726702378568046155882376167168144647463456708732911580320507609294039
59165515713196190743205845963287763264129462561950940048817213680461015
131316112314711674878494153198955518955515123964281273632053442655251885270231
140930213739194252493546977363534561859309460972084352711312549244451518497044374743
67200769041650202714007908039618772049080479551960862861849964476108232008919
275389782652024189652216546727564632462955331664912015142537596162657280566827230423
131316112308814186545054950743872109405229579754423148289622692425010470528215
140930219958492900999433096625084761768692890486192222353315957288387463442718074071
132331828083924825853782469366637371322385484213764104072924240203575112312023
275389847670008039295049810280451922139697566155593154905914518461268094755327780055
295552092646393413670513471168219976351777988970441505937841890494966142506359560614782167
140930220974208676110072405352603384533954807642096681694271740589935242007359857879
131316111877560352162313271215897786040599159408547732624374081838607017518295
140930219958492469745598713883405233794369525855771876477900292039776877039265064151
67200765590882341610394571508938758938251423758725271872057236006100431086807
156107314459731916129820707135391831379627012521899313051334166844086887025505543383
74437798774252180361605893130723940038029573713893639947464613655403098088663
125096813659465802092444943050379381754246108426229984118374363590030309008599
156107314459707760017606940162135809734109042932815734169931570491143818190722245847
295551973363860203370234193725349858035665583381918283160421154512018172382082996009247959
140930163080155210325213146202771126975005553697102602942405018777365625000562336983
67214903817325931455296116926041371175737735964584707050310544435684085146839
131429190520117504808799824290336311968773175265272027139738082331858710373591
262347025835679179235217729546428239898045881470546453280433083012458888116283450583
327380766733797924439597875217535776094524940969787074807329959534692901505955057604568279
156107320792084620669309656517017049691039257459882573211974591854862560019123610839
142827357661635300848571147388340650915163429458549588203417280460163019006978630871
140933925418426706421004914641478586245946758669297033700244070046465623511106397399
275419432550792909988912203450510757935568038654573154498069333133954000850478769367
275393495122803751161137323549868811844208906178008051011724494635136228309439423703
131316108911018408150725879122244864219286751417591790286306166915921091306711
131330219531424421458389289480605289597824287709885392641618196696696648967383
131316084754906194383752623100599346249697667838710387689953223847086308009175
140930219958465347091440935322757118495929734954280306640555357618918885518555555031
73420040136248096671967130596255392323062675505890105670224431843129743189207
131316081735392167662880966097893656503499032391350212365409105963481960096983
131316081310773007655258389331888168882939849281565187710395089386100098671831
67200986446660126616767212234428433775382231761893486229026452095621281686743
131316081304875519321819186876804759332654305071707062367964339155858683929815
62616387266797924023861026148128486910463113705655515593343297808573655
67200765589934530985377556828657496689098389867855216013452294004811632288983
156107321682551014532209095038592167959438650238256820233673406239456998006779880663
74437747071840533610172573284266700783043177050648448886058857615500142781655
277494483783087235421092991390844229940800880903081288838905920227346687216381928663
327380781881255871847654061092797620510514983724786507342165518007530116393754157703046359
156107320793823921434655056386536522380060890578396972745061745760171195152244221143
277494541663230230496185244210087056778068540895626266587307369333044235361313170647
327380781881313751990649136185050439753341820992446499887143266408979222091302302634288343
156107378673966916509747309205779349217328550570941950493463194865868743297175463127
156107328014927875183911811393473407916368864765323659275716427603175739835181245655
275626989856591873404828956325022754236631356051618237950513884247634983511736788183
327380780013761945352292044828762554689039279555261655879114629615494136682050453057905879
169387284812997314838920883295611564029624732040954357882055393090038655414576948439
323464240007366701501440022978024182485659204485280530607405898781657953347207643420763351
577969406240075015624456888467159747407067639655823225007563338956732325943371598349804759
323402074602815478171170600197005829880646647466430862142725840784546308410081076748821719
154447326291241830040590060525850615406764425539454749747428417771001671775913845975
154239826867328559418391021320715046675891365726933921856669709780459491447599080663
154213889439339400590616141420073100584532233250368818370324871281641718906559734999
275597347081747120458800522152860530132220918935543833966119783106128957750548964567
156107320891000509997466194513617884920921408948908587073220788456859536223338308823
156107320792057074369876672056953224879317972062569488848186126802049588950951601367
154239768985418717278520384171888922337880787218561460211392641716640337101375218903
275600994546692872437183439275554683807261645066680672818891977684998056624473580759
154210126210573964332491949999726698233470350102487056226998540575134311340187395287
131415028197299844749703094085518647335249242309733233723020296511180197405911
73533118355159974112554267961180636756740869848087956654956477356833973544151
81818116648629358003160290413235716380101060052523001895154134778438109476639
156107321682547617578929034057978039915537685764791941953476166127324378951888479447
74437743674887253549191959156222799818569712172368251645946724996445251380439
156107263802432169671842275753402907684279409549251211508549211055952288455217194199
156107263800886178490161189465017522371129355847902163098783044467595883029086151895
156107321682575164746934528572645734521547069541796189256950660161649836600148436183
74437771222055259043706626850828809202346716419671726139981050454093511337175
74437747065943045276733370829183291232757632840790323543628107385258728039639
156107328027295798739872168261354035338159744090571836695720417879276753002814842071
156107378673966910612258975766576894133919000285397740635337852435118513055760721111
156107320792057068472388338617750769795908421777025278990060784371299358709536859351
154213831557429552553257170832044521163112104456452146866922460787072334318921131223
154210126210573958435003616560524243150060799816942846368873198144384081098772653271
73533118349262485779115065506097227206455325638229831312525727126592558802135
74437743668989765215752756701139390268284167962510126303515974766203836638423
156107321682547564501534033105155944164851733194894053230348084250572306779155801303
74437743621809858548239137060472113865999814283645123564069972924272518702295
74437743615175184173120034298503278121928577047554732553835378915250927117527
74437798821458161205825659147602160317224255097147167952687735093880016151767
74437774665345947438852403125956642347635171518265765356334792025045232854231
156107320792084667875290500736783066569259536654563956465502597077983998496041673943
154210126210601557837905778679556539923411914694481523844315010851068720885277467863
73547280725183615015870764182876521669459484186880278076897384615989404574935
73533145948665387941234097802870578321332864315705273125232411766379063616727
74437771268392667377871788997912741383161706639985568116222659405990341453015
74437771221212760710358169357245464980877352961120565376776657564059023516887
124206292166264050018215580333820786018918200342071422268249000089630406157527
131416795037624636467245017434352636482010162125220823236343274997105587463383
73533118348419987445766608012513882984985962179678670549321334236558070981847
35063347847146676300087547673071334689710340631084827637251953734001879
581947992160988874897604211394659730100874418288026056504764489339399444898089748344153303
686567261483720020476964369317085028816839111212372773812962554095788721434279428215212962555095
327380660523729337444317923124505812574453426098633693639926991167213427364799226743170263
327380660497791909455159095349625911932507334739501217074823504822374928547026685703824599
327380781881249551862878963534006644719936882428186902249839100617286753034265529693054167
156107314473839146337096265410745944278764290973304646327671502396811706524234228951
1153814425591525314717831933900086851581497188780705255044606386292263653334190634084830045349079
1439835838936136343506480529613530267706701056745450706482236639773619453896770638712312460240600245463
686567229717304508518799168000456226133974413098550829438105583071516564269112642091737726657751
550119411244479486366018159810958512797748039324801531069060159185122633174839706436314327
295552079607219948912731871540804595271327047135409168204222661012936615641549184835331287
581948219758163473871682491876735779351606780664517470160265449501196665470880686459659479
686567261483947617651563343395365510892888361944735150304376209596748883231500001006151078061271
327380888120903936418396203606581861825185788475125107295427951329010647937590164858676439
550181591792783308509448884868284568778999937025712874044875744518654945002877019937645783
686567229717319652271397981161758502441677789337891511499780094207043900689779533002484556047575
619947782346466707721659047756771029286914201987085175147198343623496566526864707748510489453783
1153683800721723414101372113251042657532975744621859127793877319601534137165655138155859536323799
619817412043981300612137867232712829084606908009890555227157630634737886123679854199314752021719
299530680642250840863136231802286865368370037023849624454881900164502558508560198668985559
295614260155523771056162596598130651252578944836320511180038246346468927469586498336662743
550119426388232085179179462087266216173987380006863205580195686521543300065750453265704151
327380768601235762374517816959999703737596805592673095298562874313208095641721055553856727
327380766733740947155082217168646857517478227735134782611111857484836180762098100720968919
295614138768360781792848610160195646944871384096330186495722152502294460294094434198955223
295551973363809558462579187379177294339858827077480518031042094505182815356967867527013591
550119411214836711521265213782524340635523934914364414994656174791021491668813945248490711
295551958190414184804664939074435418801395381984981727445502582774661006960031359509800151
522466552803222443968968477661676598544169842319255827377248471741591946405578913567
262317326083549910631140406455688969080400792062275831193989125150209005398212027607
140930163094286596644702471451381261519660801737591515100144950683033513334074320087
582002386864033754954501675104480580905231809119957429053868775612700928549059544094418135
1153814425645813804045755424439138263707031529835281399170250454911185559750278199502531669337303
686567261538114723521844426214548738637689915569763605744335103200074994735763079185008712819927
686567229717198265622223745908909233008462644523878162178730174457451930107698535302125882778839
582001415526345463591321361901667181565535226496646343413470213913391246744695373860250839
619817666664614945758708634716437032242956059549535583372404412557068928995436257632620913435863
295551973364323373490640324547679083502752374468149792795608596378775201534759572991452375
686567229717319678259472641432458664129083654142778629888451485214469862962834192535078541272279
327380781907186967484108337860196238278800468586889768022555308832792545000794661684061399
295559865452529525302447551826426998587997844563215722664450621561269292809133346483938519
686567229717319652322044652273630889249183012196687270755974920110983518124335374762537501926615
295552094751023194397005046203919803870425183576727037541262127966791838374219984610600151
327380766733791593826194089555454362740337023494390977437015797102270736603858153666847959
140930213740957708517089278956604120315420057932417419039762385238875273387020199127
550181591818720724130678259194474162337863523184415739817591952734160736969406151928653015
686567229717319678208813602391132828631271348201477670202645866923252116195571499531616547054807
619833708331792002438243636027594430299488878620626041420028492474540936679869927422096210207959
619817412043981326549553488462087155274200466873476713930023403350946101629471820728446743028951
295614260181461186677391970924320244811442530995023376952754454561974719436115630327669975
295559865452478866263406225990929186282056543603529917046159403814502030116129884489721047
550119426414169500800408836413455809732850966165566071352911894737049092032279585256711383
327380888120903924050466750157891554742103283274695496503040673199677941086346755810338007
327380766733740934787152763719956550434395722534705171818724579355503473910854691672630487
295551973363809546094649733930486987256776321877050907238654816375850108505724458478675159
295551958190414172436735485625745111718312876784552116653115304645328300108787950461461719
295551958187171993938090632153885124138069615364660557082477368852223487756566382831543511
140930163081918667191253781144298179014460372126799127822015617976182269925025981655
582002508276613108026262449535187457620258553226605329850728460372988705179489315349669079
1153814425645935216625108496199912694413908244862025505818151251770870320038054829932302924588247
1439835838936136397916382436890092567532543889156506787802487413318484932503437342576508307713479484631
686567261538236136101197497975323169344566630596507712392235900059759755023539709614779968070871
619833962953518371915043217223031940788520526020011640821395938938910223643292799120211870033111
686567229717319681443755316314537135575326939793883688718190541955072483500287517953464767947991
295553066114591017925581412181199359557475701198108779232866842838372659969553514480870615
327380766733733698002431314555040618445744867133329156923118463929703377577054972263605463
836568747163083936863895610389713070857329310693563805825747816656852074915151061539431639
295551973363802309309928284765571055268125466475674892343048700950050012171924739069650135
277519893814542977658078281980377888517670509263309118734302457466590892886441141463
295552094776439558205451834196691676277744366943384613653805718882905147829157691728143575
140930155845133945742088865212309528159058996111903521706589817879848470205616956631
327380781881307419637944585177569156879681214495417284002429570889403151880570265575957719
156107372341614211958739827922905688610831521355057236797943618795658011260117132503
327380766733798814930147838812209369677222559802365164363702327756952579608402836603872471
550119305001126963690931097292893724026024151334103262648470062949485231736563125010900183
295551973363867426237644809022739806499603159144710899783632564777299214203272603409917143
142827358552125850812165820981923348533996007548105960571639540138265466785977935063
140959863736906415212374468135703229956138469235418509554811168223385843831145047255
295551958190472052579730560717997930961139714052212109198093053046777405806336095392703703
140930220962061662266346033963541005851728032119344105570417067081879818069957223639
140900578187216909320317599791378781747317595003269701586022965940373792308769400023
156107315350195290467174892884061504647251874823736659177978505625128382365373637847
156107314459704369818869190774079564272820942846684775152666550731838856913893270743
295551973363860203366843994987600469979420122093818197029462137246998413077121719180272855
140930213739190861452310894627020822814677139416589935142886766280753667185727579351
140930163080151820126475396814714881513717453610971643925139999018060663723733361879
140930155844913089858991567171111615971466131297425086219480365510083269430455379159
67200765650608966631271394300574139727524985134392437078886266624796915213527
327380781881307419613788472963802183623659568977447694918850689486806798937501430792660183
156107372341590055846526060949649666965313551765973657916541022442714942425333834967
262317434610339861466405699806898633067909738660563134000605412458805244761305851095
262347026726145573086598636166754915871360489971019246767252746337618267060499457239
327380766733798814905991726598442396421200914284395575280123446354356226665334001820574935
550119305001126963666774985079126750770002505816133673564891181546888878793494290227602647
262317383951300820140570201994592691766950052854944842782858645196112241299311633623
262317377618920939974840764768054449104330092129242556380640299288275615866562356439
156107314558623649334244946257488202668906410143940294496298616033705735351496680663
156107314459680213706655423800823542627302973257601196271263954378895788079109973207
262317376716062089873086372350989426224698730541398285077199011688134847006033650903
125082651336636623501446964403266632336444274017156311550597142710308355777751
581948111654668961910262930404143303583573303161913587682787502088271691565299250267497687
686567261483839514157051381975804038300412593911257647700493732118801470306526095424714885899479
327380780017409424456976642133989386057152310972521224817950003916085674032008728666514647
581948233038126604317982798588524036371002850850599272857803097883183516052538094256727255
686567261483960897614693789695672222681145381340805336386178907134397265218350582663558875129047
327380901400867066864696510318370118844581858661206909992965599710997498519247572655744215
327380795161162023270137944410297089433391651654582899329085531252506340922919475495904471
578031693031731360467130776737785664167622775780618147586094367049347332717695284619584727
686567257567420891219449938843650371942773177960730266405053635425666431382167247820749237986519
355230883120146944781519529568009927802618420223406370172766505401211878056080332380775639
1145600841967628173311058917739920218269051861033087003005154478851135776843650100222119467623639
678353677859929092787147919515330693199710246767569209579239127140025211829134979904596511106263
1212089696235185799166860985009602321445771789402343162225918103118062782467925410311945557976279
678223307557443685677626738991272492997402952790374589659198414151266531425950126355400773674199
323899519226330386325730447934760214876289682723173463974017274856942829744290729722193111
546265171306056238699455735637407483006206139148437562134584730525296769846019715257410775
323464361394471823013844488467631746641201783591225784721256868877161315184404763018601687
323409966665489502599858743534240688111815796199732324814661818129688625864419017180652759
577969527627180137136861353956767311562610218761768479121414309052235687780568717947643095
291635674264245477915900024586235212874772589940195530805067174355999107375602626984486103
327380780221203501514653146079474319672443028794276397829477396625531021885935836832802007
327380780013704077601382523880435114536874297921216585308649505866823031343755508518036695
546265049918893249436141749199472478698498578408447237450268636681122302670527651119703255
323464240007308833750530502029696742333494222851235460036940775032986848008912698880894167
577977176915586050789831045366459601330529227649134362995183222457700176222217474643928279
546202884514342026105872326418454126093486021389597568985588578684010657733401084447761623
323402074602757610420261079248678389728481665832385791572260717035875203071786132208952535
535746515933668744275680265918695994614355924121953365025630458592173603813375981343
275597289213996210937852194712708365150586873864973368842371112000790662806009095383
154210126224732896951414259708400657589846883540289052748526937533615170741871387863
327380660497798229464090293603651959730664786469286133349275268736063585414525105056851159
327380660494556050965445440131791972150421525049394573778637332942958773062303537426932951
327380781881255871871810161788032692518094334157971818524290864530975409901763949046080727
156107320793848077535350291458544101730494075889579098091585191053679204943587255511
327380795187099438891367318736486682992255237813285765101801739468012132889448607486911703
327380901400867054496767056869679811761499353460777299200578321581664791668004163607405783
327380780013704065233453070431744807453791792720786974516262227737490324492512099469698263
546265049918893237068212295750782171615416073208017626657881358551789595819284242071364823
323409845278326500968615303647615376721025730259312389337958446156181451837683543994606807
323402074602757598052331625799988082645399160631956180779873438906542496220542723160614103
154210126212364967497965569401317575084646453929496665470397604826763927332823049431
156107262898024314760349877714249509574133014069065200758412623694652401762184013015
327380781881313752014805236880285511760921171425631811069268612932424515599312093977322711
156107378673991072610442544277786928567761735882124075839986640159376753088518497495
156107328014952031284607046465480987266802050076505784622239872896683749626524280023
140959870069283275864077184490584469913068683762485348596854189587104585659546412247
327380780013761945376448145523997626696618629988446967061239976138939430190060244400940247
169387284813021470939616118367619143380057917352136483228578838383546665205919982807
546265049918951117211207370843034990858242910475677619202859106953238701516832387002606807
577969406240075015648612989162394819414646990089008536189688685480177619451381389692839127
323402074602815478195326700892240901888225997899616173324851187307991601918090868091856087
154447326291265986141285295597858194757197610850636875093951863064509681567256880343
154239826867352715519086256392722626026324551038116047203193155073967501238942115031
154210184092507962573057822220560401921914113922041643218799053932461475477754291415
139062726146839207152527960245663884568180747608021207193413370622882311510776423639
154180541317663209627029388048398177817503676805967239234404952790955449716566467799
156107320891024666098161429585625464271354594260090712419744233750367546014681343191
156107320792081230470571907128960804229751157373751614194709572095557598742294635735
260479474029037431945123692273307691895320596540407465626374578167744674989878093015
275600994546717028537878674347562263157694830377862798165415422978506066415816615127
260449831254192678999095258101145467790910159424333061641980477026238649228690269399
154210126210598120433187185071734277583903535413669181573521985868642321131530429655
275597281976990633605589980739521802107592633035599327239835859534691662311438492887
154210118987727319619152045735214094546852642710915011145991685067516170247300785367
73533142511260669347626275540531069942052051973434480100249985366625316578519
1153814425591525314774810957716498727338384036857812426545739195456363911193757251517876609295575
1439835838936136343506480586592554084118576813632298783589408140906428617997028498278929893287164191959
686567229717304508575778191816868101890861261175658000939238392235616822128679259524784290604247
550119411244536465389834571686715399645825146496302663878224259442982199792272753000260823
295552079607276927936548283416561482119404154306910301013386761270796182258982231399277783
1153814425591525311532632459071645255478396456614551006654179624818428118088944899296308979377367
1439835838936136343506477344414055439265104953644718540327988249346857980061235393466577671719534273751
686567229717304505333599693172014630030873680932396581047678821597681029023866907303216660686039
550119411241294286891189718214855412065581885076411104307586323649877387440051185370342615
295552079604034749437903429944701494539160892887018741442748825477691369906760663769359575
581948219758220452895498903752492666199683887836018602969429549759056232088313733023605975
686567261483947617708542367211777386649775210021842321805509018760849141091066618439197642007767
327380888120960915442212615482338748673262895646626240104592051586870214555023211422622935
550181591792840287533265296744041455627077044197214006854039844776514511620310066501592279
686567229717319652328377004978170378198564637414998683000912903371144158549346150435531119994071
619947782346466707778638071573182905043801050064192346648331152787596824386431325181557053400279
1153683800721723414158351137067454533289862592698966299295010128765634395025221755588906100270295
619817412043981300669116891049124704841493756086997726728290439798838143983246471632361315968215
296049417987439313391864967941016006335743951139769323241962752584110008646905511604200663
295614260155580750079979008473887538100656052007821643989202346604328494087019544900609239
550119426388289064202995873963023103022064487178364338389359786779402866683183499829650647
327380766941297350092169251243442949501124065779695727941103848501403737921711475599680727
327380766733797926178898629044403744365555334906635915420275957742695747379531147284915415
295614138768417760816665022035952533792948491267831319304886252760154026911527480762901719
295551973363866537486395599254934181187935934248981650840206194763042381974400914090960087
550119411214893690545081625658281227483601042085865547803820275048881058286246991812437207
295551958190471163828481350950192305649472489156482860254666683032520573577464406073746647
550119411211651512046436772186421239903357780665973988233182339255776245934025424182518999
295551958187228985329836497478332318069229227736591300684028747239415761225242838443828439
262317383062573727043016163342537046187572293195084995294246984716826438444775974103
140930220073310413056578228338229338626832302870400679200402810249650946380638266583
581948233064114678954097386536444468979786092451018355165231642442860217769001853458654423
1153814425591660004126679424034849695670919604389564730231176566274052389909567419444841033573591
1439835838936136343641169938461020402469545146167866315341711826343799435685507214089097820251588469975
686567261483960923602768425810260170601577990124046936805261214562941824895052299127318077056215
686567229717439197927646658135219070223396828707410304624675763053305300844489427451748714882263
327380901426855141500811098266290551453365100261625992300394144270674200235711331857671383
1153814425591659978189251434876021920791018962443473371098700001170566045071068601672299994227927
1439835838936136343641144001033031243641770266267224369250352693867234332199162375590280047710549124311
686567229717439171990218668976391295343496186761318945492199197949818956005990609679207675536599
550119545907950905866994094880168034571410807440855624683938461576859511142427176385193175
295552214270691368413707806610014117044989815251463261819100963404673493609136654784210135
550181605072797085602704951753113357765233157453081282484738451115479998483225645897295063
800832502943366422799697784080601932499464281579116530741747286912320990278001455020975319
686567480368230802854512271410657714759041509802236064903436791078586294355824808126919639377111
1153814421675119971794007584024000070052646759063398301117574729461835211234885266829490357085399
1439835838936132427101137605789180391619919527895020989175282712741962623468328539406945204900911981783
1422610772231274250396384678787670197372342027318077050176191691828955866506362422564607019239869064407
2541936330638980602694012693515112931091826483577678514517079799659249313846643051274239887581416858839
1422337365890676373905838116009280494701672881139215398621638470503154622381462500574204080092741182679
679266492778136854188858515750745437432129636449437347517907273714255837625086515055137074521303
678353900660739004422210252082338036015978578609075008077622282792945074802792540210766912496855
678225567394229931798775340003968245191832336100274054093832205944635748780907449998277358462167
1212089919035995710801923317576609664262040121243848960724301258770982645441582970618115959366871
1146513434085026023128353828364087792725734885710599583732045212097504754504146973757707792229591
1145472508701119100738270652617310600485437585361436290307970144327884665659967908700848076170455
1679336860342884879741418630189952019555645370505011196938439197154231562320643429320686677075159
1145470471665142766252184384171622191107276533893042624371719508187435311278668145364141892773079
611604082987400652762950138153292362658907697281074051804999819220639060236692861407597108470999
1145340101362657359142663203647563990904969239915848004451678795198676630875483291814946155341015
611473712684915245653428957629234162456600403303879431884959106231880379833508007858401371038935
546700329137965448658297455277576483208131188521671847129670194719916487304596900123583703
546203977236001774880677532760383074127484053574294025481990356649228197259726969352299735
578023922356213104197802859063198902058833356394548544770334418014546579999245681948173527
800770337538815199469428361299583579894451724560266862277067228915209345340874888349033687
546203005901555662016142073029429662368030732370874499412229730743023327807584366748050647
291635674264296124562855784759275744841609740181482136547392232570837310274293845147067607
546140840497004438685872650248411309763018175352024830947549672745911682870457800076109015
686567229717317992326653318933027056447697014622489078561687034461615870539513976367471852594391
327380886253459767842896849961548675914901655169127201714854632540152391838774823840457943
686567229717317784827229405662404857408491879053758205501874513633725111831523434187143537829079
550119424520787916603680108442233030263703246700865299999622367732685043966935112247485655
295552092883528379150393820172079112737282254511472937134784869560499026433644590646502615
550181483685634096339390965315178353457525596713090957800422357271305531307733581759587543
678353677859913945379848897715670336378267317087365717499530849029058040984028299431847695819991
1212091733271146986245648231655630374002489911190533336082460461147544966004118493175902926087383
678223307557428538270327717191612136175960023110171097579490136040299360580843445882651958387927
577969512479772838115061693599945868632930015269688770843303341881390581100095969132356823
323402180842513300661775405329791951106509023080296407978465843709204563566805447531373783
546700207750802459394983468839641478900423627781681522445354100875742020129104835985876183
546203855848838785617363546322448069819776492834303700797674262805053730084234905214592215
832591132606309652387775160895417815277546787843950582950855822342558130357044139411449047
800770216151652210206114374861648575586744163820276537592751135071034878165382824211326167
546202884514392672752828086591494658060323171630884174727913636898848860632092302610343127
291635552877133135299541798321340740533902179441491811863076138726662843098801781009360087
291573387472581911969272375540322387928889622422642143398396080729551198161675214337418455
550119303133624927340366122004298025955995685960874975315306273888510576791443048109778135
295551971496365389887079833734144108429574693771482612450468775716324559258152526508795095
295552092879823032294799701918524841217004241460168297625484371511236383745391370498024663
260420239140129658331466939097616460842684357040620853890806165752604164296005985495
139033076150866344345029004093308753281944366715936537796961991285428672231868277975
550181591792833050748543847579125523638426188795837991958433729350714415286510347092567255
686567229717319652321140220256721213282632648764143281624898007765028732749249816635811710969047
582001536913044380065669173881941351569775491616092511246777790716032798026029059688441047
327380766733790689394177179879487812376904479505259900524669842316895651045731427875890391
836568747163140928255641475714160264788488923065494549427299195044044348383827517151716567
262317375825789005593851247410548395332170917180189389178821184620492638725366949079
140930212836525691607413312406240687771430926855505073084977010153317146661229241559
156107429333005957824064275116836848223203452098658788176330811069126687715729417431
550181591792898167676260371836294274869903881464873999399017593177963617317858211432834263
686567229717319652386257147973245470451383880241835950660905448348892559998451847983676051236055
619947782346466707836518214568257997296620292891029614308323697765345225835537022729701984642263
619817412043981300726997034044199797094312998913834994388282984776586545432352169180506247210199
299530680642365700029947718770296571459273981463010749809023748823811230823541390164174039
295614260155638630222974083566140357343482889275481636534180095005777599784567689831851223
264214578532780910663928203180162215707107928616391828043870906878909635305727927511
327380766941355230235164326335695768743950903047355720486081596902852843619259620530922711
327380766733855806321893704136656563608382172174295907965253706144144853077079292216157399
295614138768475640959660097128205353035775328535491311849864001161603132609075625694143703
295551973363924417629390674347187000430762771516641643385183943164491487671949059022202071
142827415543517596677490268175854508146367938291707511950026732411734143241590219991
295551958190529043971476426042445124892299326424142852799644431433969679275012551004988631
262317440942716722118108416161779873024839953187629973042648433822523986589707216087
140930277953453408131670481157472165464099962862945656948804259355348494525569508567
158305178694599313496622682354844379806389032470557020944375257012380451404660979487
383734196047785747724739287525943863389030694822770401903139942168512500953038529751
262347033058522433738301352521636155828290704498086085809295767701337008888900822231
327380766733805147282852378301158751302440871214610102346962488397377590384075830221939927
295614138768424981920618771292707540729834027575805506231572783414835869916072163699926231
140959870069259119751863417517328448267550714173401769715451593234161516824763114711
578031693031839887257081612003079015377286763289564745873397173665634641313934647713408215
686567257567420891327976728794485637236124387624717775351651922728473047669475844060112331810007
355230883120255471571470364833303279012282407732352968460069312017499186652319695474599127
678353677859929092895674709466165958493061456431556718525837414442831828116443576143959604929751
678223307557443685786153528942107758290754162454362098605796701454073147713258722594763867497687
323899519226438913115681283200053566085953670232120062261320081473230138340530092816016599
323464361394580349803795323732925097850865771100172383008559675493448623780644126112425175
323409966665598029389809578799534039321479783708678923101964624745975934460658380274476247
327380780221312028304603981344767670882107016303222996116780203241818330482175199926625495
327380780013812604391333359145728465746538285430163183595952312483110339939994871611860183
169387335472036356153237849206669063035499633568671195564923009293296599833130902743
323464240007417360540481337294990093543158210360182058324243581649274156605152061974717655
577977176915694577579781880631752952540193215158080961282486029073987484818456837737751767
800770216151710090349109449953901394829571001087936530137728883472483983862930969142568151
323402074602866137210211914513971740938145653341332389859563523652162511668025495302776023
275597397740786161773117488063918029138095820463260671648987399309386902169102918871
154210234751522847786679553059610321577355830138576355555143224842211410104965211351
171585135492668753151631754256982535919644899746187719550714222499243366984056682271
260420297020272653406559191916859287679952017033165831639207614858301712440937227479
382074194324099702581417536658321070879426255596901492374851932336338432893771130071
327380886460966412860121221417342887987355922350161201162369053953542225385499835092247767
381866694900186431959218497453185502148553195784380664484093224345796252565456364759
327380886253466988946850599218303682851787191477101388641541163194834234843319506777482455
550181589925346361037903280480006389805601340027689155390988956384478531908606361856451799
686567229717317784834450509616154114163498815939294513476061440320255766513366438731826474853591
619947782346464840284711576211166641008735228588488177123479689736708432350451613477852408259799
1153683800721721546664424641705438269254796771223262129770158665714746002989242043885201455129815
619817412043979433175190395687108440806427934611293557203438976747949751947266759928656670827735
299530678774813893391590627414008686394971440025825905800995112030326145414289540587791575
296049416119945386896502951676980940514268246970244471778911864192074028935201806959060183
295614258288086823584616992209852472279180347838296792526151458212292514375315840255468759
550119424520795137707633857698988037200588783008839486926308898387366886971479795184510167
550181483685641317443344714571933360394411133021065144727108887925987374312278264696612055
678353677859913945387070001669419593133274253972902025473717775715588695665871303976530632844503
1212089696235170651766783067163691221379335796607675978120396751693626266304661734383879679714519
1145470471665127618801459819369950918000308574261225198979592414437940580277201570744857851929815
678223307557428538277548821145361392930966959995707405553677062726830015262686450427334895412439
323899504078930308407884536834693778883495015539067942622592838340779566068362663843931351
323464346247071745095998577367565310648407116407120263369832432360998051508476697140339927
323409951518089424682012832434174252119021129015626803463237381613525362188490951302390999
577969512479780059219015442856700875569815551577662957769989872536072424104640652069381335
546202990754104937451340401756322694408398914945482372318480236012021861232965082707207383
291573493712294176667784690705150424276965365737240340988962679842724198762547994434282711
546700207750809680498937218096396485837309164089655709372040631530423863133649518922900695
546265049918951117187051258629268017602221264957708030119280225550642348573763552219309271
1153683796805181540269180790853416418516424567843187059789033394006015169153058709042391817987287
1212089664468542686386617704930084212928125224000832339315800636303921283762941266380213157700823
292132876113550143045650929826242568310888171900263346507203133358237845600358997321917655
800770216151659431310068124118403582523629700128250724519437665725716721169927507148350679
619817662632605659488260667851952079203620652639653657765008105196659093185456021249801962726615
678223530295966805605697581928619873615321308797298937291775347494565207795338578587623302440151
546638042346258457168667795315378133232296607070806040907360573533312218196522952250959063
546202884514399893856781835848249664997208707938858361654600167553530703636636985547367639
292070710708998919715381507045224215705875614881413678042523075361126200663232430649976023
291635552877140356403495547578095747470787715749465998789762669381344686103346463946384599
546140719109848670526512413067231312392196150920008693189920109556419058699510418875426007
291573387472589133073226124797077394865775158730616330325082611384233041166219897274442967
291511222068037909742956702016059042260762601711766661860402553387121396229093330602501335
260687031334836388594979601654013363318686265272217176281007757869162940829633422551
295614137108423258234573627970956673107041517971366280362663255126826037742004104432526551
550119303341131572357590493460092238028449953141908974762820695301900410338168059361567959
295116813872013471592418245722809852266941061820568932645222791149932878244991571056993495
323464225067408179745955213128669511476268286540189751206344229275531574875164961317397719
577969391300116493868972078617805076397676721710732445606501669450605947471328916246439127
292070695769040397959896708714401445944926992021107176542914940734150881626248791986873559
260479531910923117972780562448877794587813205459696348390249049878620760501318657239
295614136900923834321303005771917467971472787098306467841835364368118047199823776117761239
550119303133632148444319871261053032892881222268849162241992804543192419795987731046802647
323409830130926435418698845996239247811313568275636478778921287769350895012998887164683479
577969391092617069955701456418765871262107990837672633085673778691897956929148587931673815
291635537729682410734740127048233772574270362016099684769326643995661376524182496968516823
139299868345573074608541666649705655757946274947532860187163583401987448765495715031
139092368921659803986342627444570087027073215135012032296404875411445268437180949719
550119303107694720455161043486173132250935130909716685676889318198353920978215190007456983
578023785795661962380528373577277029149547886870033616427165343094532147431361792730277079
546202869341004520198867587543507789458745262846359571069060655823008895239700477530154199
546140703936453296868598164762489436853732705827509902604380597825897250302573910858212567
291573372299193759415311876492335519327311713638117539739543099653711232769283389257229527
381837052125341679013190063281023278044142758668306260499699123204290226804268541143
260657388559991635648951167481851139214275828156142772296613656727656915068445598935
260449889136078365026752128276715570483402768343621944405854948737114734740130833623
139062726146815051040314193272407862922662778018937628312010774269939242675993126103
260420246361233612080723694104553346378992331227547540421460847595608708978943010007
139033083371970298094285759100245638818252340902863224327616673128433216914805302487
275626983524211993227580987197236069278926611048014498013416387280363299035547247831
327380780013755612972411867580793426902354321850516652275374692517997169410365976868365527
550119424520788805327753691969550810662346120388878761224022496169020979134854362435232983
323464240007360369121559845730055054698974246780535527003665961684160986075523167231222999
154239820534948679241143052192928361718186620723330181919572212813187806971409540311
156107371550039551311783160424675383926796310476625424756088404660117480641892263127
327380766733798023355487191855541871446917875767154285931890285901738444067872218379003095
295614138768417857993253584847090660874311032128349689816500580919196723599868551856989399
549684147169267608804384490869097757560631568166944704963897615114489581636146540082439383
295551973363866634662984162066072308269298475109500021351820522922085078662741985185047767
262317383159750315605827301469618408728432811565596609622406027413514779515870061783
262109883735837044983628262264482839997559751753075781731647319422972599187555296471
140722720746573730997190327260175132436819761428391465637803144955797107123417588951
327380780013754821424926846864613773585073989023021561562588892240703930930787797774705879
323464240007359577574074825013875401381693913953040436290880161406867747595944988137563351
546638042346251333241302608869761253376773611623350224492288371037673071880319340408022231
323402074602808354243805402232857048776681356934190767826200103409756102658818421465621719
275597339957819755260836373371756564841688678841227308228744992900377695095265764567
154002677544643170652199399162313288550075628704022164244142110442660022702813291735
156107371451096115684193637968010723885192873590286326531053743005307533369505555671
327380766733797924412051564266019414782257834163717399592792060867076789257924945992295639
295614138768417759049817957257568204209650990524912803477402355884535068789921279470281943
295551973363866535719548534476549851604638433506063135012722297887423423852794712798340311
142827357661607754537619631027028383808357359783335050304749664347914988895366358231
295551960083903405270228713738040722928239657630235133679737289330112029153253700653360343
550119411214893688778234560879896897900303541342947031976336378173262100164640790519817431
295551958190471162061634286171807976066174988413564344427182786156901615455858204781126871
262317383060806879978237779012953748686829374679257511397371365758704832243483354327
140930220071543565991799844008646041126089384354573195303527191291529340179345646807
262346975176612591598430715372810031490280125989713624164018699637517854542676960471
140959812187349277611992780368502323929540135665029308070174525170342362478539252951
323464240007359478630639197424352944717033872349603549951781936372206092785997715750855895
577977176915636695669939740761115803714068877147502452910024383796919420999302491513890007
546202884514392670985981021813110328477025670887965658900429740023229902510486101317723351
323402074602808255300369774643334592112021315330753881487101878375094447848871149078914263
546140719109841447655711599032091975872013113869115990435749682026118257573359534645781719
275597339858876319633246850915091904800085241954888210003710331245567747822879057111
154210176869613005646808915910784197239345251630203893909866156778392255758741349591
260420239138362811266688554768033163341941438524793369993930546794482558094713365719
139033076149099497280250619763725455781201448200109053900086372327307066030575658199
260686973452926546455108964505187238980675686763844714635730689805343786483409560791
260479474029013275832909925300051670249802626951323886744971981814801606155094795479
577977161768128090962142994395756016511610222454450333271297140664468848727135062541804759
139299810463663232468671029500879531419935696439160398541886515338168294419271853271
295552092857540290355346601783317070206097361449736139123906268593274306801262386320319703
800770322365369165005625722380959562466749477765163750245752602562301316129328717044982999
546140825323558404222070011329787292335315928556921718916235046393003653658911628772058327
291573493686298866768783723059633374808894936367529356051397548220817636125621107171075287
381836994243431836873319426132197153706132180159933798854422055140471072458044679383
260449831254168522886881491127889446145392189835249482760577880673295580393906971863
139270167688818479522642595328717307315525259323085994557492414196662268658084029655
139062668264905208900443556123581738584652199510565166666733706206120088329769264343
260420188479323769940853056955727222040981752719175078776183779531789554632719148247
139033025490060455954415121951419514480241762394490762682339605064614062568581440727
154239762653038837101272415044102237380176042214957720274295144749368652625185678551
140930162288577159479518729316484576829682242732539831883284784882520133105508492503
140722662864663888857319690111349008098809182920019003992526076891977952777193727191
154210119086646599134527801218622732942938110008170530489623750369383048684904195287
550119411214835806868392421009259749074179203332368523603874732896194036345486444295955671
522466551898569571176195213070115253812587846427865045935353644286268618904626378527
262317325178897037838367141864127624348818796170885049752094297694885677897259492567
140930162189633723851929206859819916788078805846200733658250123227710185833121785047
535746508696639010831204284972253409925843713703495744541692609773131534484022081311
275597281976966477493376213766265780462074663446515748358433263181748593476655195351
154210118987703163506938278761958072901334673121831432264589088714573101412517487831
139033018267189655140379982614899331443190869691736592254809304263487911684351796439
295551958190471149693704832723117668983092483213134733634795508027568908604614795732788439
262317383048438950524789088705870666181628945068465124119242033051853588834435015895
550119303107687485216430776002343488647669588658394372130331612538720413000820896729474263
275623277274497549007573040508650768386243944820660926211925837037534276954870064343
260420702294351831078021558744890115588372421993939645278057371917967346338183587031
260420239125994881813239864460950080836741008914000982715801214087631314685665027287
139033076136731567826801929456642373276001018589316666621957039620455822621527319767
140930162177265794398480516552736834282878376235408346380120790520858942424073446615
397010382381851020854140338364132351608973356636972780660492943440890614672783910103
275623219392587706867702403359824644048233366312288464566648768973715122608646202583
139033481423178674951712986591756283689621853160882867538936129386972699927822017751
260420181244085039673369227312123956498730430405628521070524146023812160339441165527
139033018254821725686931292307816248937990440080944204976679971556636668275303458007
140930220057408789473572769371979661120146036227953324128522239626556490569004688599
154210176855478229128581841274117817233401903503584022734861205113419406148400391383
260420239124228034748461480131366783335998090398173498818925595129509708484372407511
139033018253054878622152907978232951437247521565116721079804352598515062074010838231
248226840597705189168732333780911669090518901942321418695820058181938770196255
124178022619956064003828659080180568310141966814595819319494762451642186540247
66296112777816193366679832955842557731633594352950542251430943297295962678487
74581111071285577257285855407897637354993784557385587491628600718900098610975
156107378673963896984202056432873904216554020094405049598408719262315800649387287767
140959870069256100237836696645671445561860967974766322355276268690043633220415202519
275626989856588853879283703552117309235856825575081337055459408644082040863948612823
327380780013761945349272519283509781783594278780731179342213734561018533129107805269730519
295614258288086823581597478183131600622177642148550593890704098036967970257432235907556567
577969406240075015621437362921906974501622638881292748470662443902256722390428950561629399
275597347081744100933255269379955085131446388459006933071065307502576015102760789207
156107320890997490471920941740712439920146878472371686178166312853306593575550133463
156107320792054054844331419284047779878543441586032587953131651198496646303163426007
275597281976963457979349492894608777756384917247880300998257938637630709872307283159
131415025177774299496930188640517872804772705408838179247416743568532409230551
140930220057405769959546048500322658414456290029317876768346915082438606964656776407
156107263802428778604532016310742792428703211083429089551598162315134840598300271831
156107321682571773679624269129985619265970871075974067299999611420832388743231513815
74437767830987948784263966735573233003880894297714775091240233006236594414807
550181591792833955153007691761264120131709043366035006322322522536253035768949183208826071
262317376730193469438033386007041678186741114194553277972006723240975077561483207895
277494535330849972879683934973343246482152577617193095730187956797757815434580141271
262347026726142176133318575186140787827459525497554368487055506225485648005608056023
141167363160792132769079679386968648997592594985390880283970039748852336269785113815
262317383951297423187290141013978563723049088381479964502661405083979622244420232407
262317376716058692919806311370375298180797766067933406797001771576002227951142249687
125082647939683343440466350275222731371970809138876114310485010091253464376535
277494483783083838456294398508981659601815132151714957023829529055779009118050264279
275626989856588476440030363443160183897645607300251906135437493076067305413405123799
154447326291238433075791467643988045067778676788088417932352026599433993677582181591
139299868345569677655261605669091527714045310474067981906966343289854829710604313815
275597347081743723494001929270997959793235170184177502151043391934561279652217300183
131415024800335046156821231515179661586497875977918157331848728833081865741527
327380766733798827322227506986333210813871627111214078695458629163539208652484839020766423
156107321694967250301078453951736396377180684463770701881603438162009089800539808983
582002386864033754954495777616147141702776725710407143509658917487358497798829302679676119
1153814425645813804045755424433240775373592327380197989619964910701327434407847449272290254595287
686567261538114723521844426208651250304250713114680196194049558990216869393332328954767298077911
686567229717198265622223745903011744675023442068794752628444630247593804765267785071884468036823
582001415526345463591315464413333742363080143087096057869260355788048815994465132445508823
619817666664614945758708634710539543909516857094452173822118868347210803653005507402379498693847
295551973364323373490634427059345644300297291058599507251398738253432770784529331576710359
686567229717319678259472641426561175795644451687695220338165941004611737620403442304837126530263
327380781907186967484102440371862799076345385177339482478345450707450114250564420269319383
299530680668238915523401034475640832030719840732688010301679468001433182417862551239468247
295559865452529525302441654338093559385542761153665437120240763435926862058903105069196503
686567229717319652322044652267733400915743809741603861205689375901125392781904624532296087184599
295614260155574417727268571496604717272982657186026420461732327838561052561116309867799767
295552094751023194396999148715586364667970100167176751997052269841449407623989743195858135
327380766733791593826188192067120923537881940084840691892805938976928305853627912252105943
140930213740957702619600945517401665232010507646873209181637042808125043145605457111
686567229717304505276608301420251817250240547317700799566649675836444516489162688396519633659095
582001521765999848146832704485908959468329049134034262914849206499772710897789767611131095
619817666664721185413093190227779616484733962343358220760323913936061515376900410727014664316119
295552079603977758046151667131920861405546197105537712296987588965156665687853966742332631
550181591818720724130672361706140723135408439774865454273382094608818306219175910513910999
686567229717319678208813602385235340297832145746394260652360322713393990853140749301375132312791
619833708331792002438243636021696941966049676165542631869742948264682811337439177191854795465943
619817412043981326549553488456189666940761264418393304379737859141087976287041070498205328286935
299530680668188256484359708640143019724778539773002204683388250254665919724859089245250775
295614260181461186677386073435986805608987447585473091408544596436632288685885388912927959
295559865452478866263400328502595747079601460193979631501949545689159599365899643074979031
550119426414169500800402938925122370530395882756015785808702036611706661282049343841969367
327380888120903924050460852669558115539648199865145210958830815074335510336116514395595991
327380766733740934787146866231623111231940639125154886274514721230161043160624450257888471
295551973363809546094643836442153548054321238467500621694444958250507677755494217063933143
295551958190414172436729588137411672515857793375001831108905446519985869358557709046719703
295551958187171993938084734665551684935614531955110271538267510726881057006336141416801495
140930163081918661293765447705095723931050821841254917963890275545432039683611239639
277520357887304762308807121530565876378673787346896891151640727054673868584204707031
299530680668181924104479542910705793186535877153041478981101848036320011888233656495973591
582009186201914364961607960579874748053321399564398565078296953271521183255200527148459223
1153814425652613141926365431545423739101198677924871843611386479339363218570532905643514723378391
686567261544914061402454433320834214031857063659354050185471127628252653556017785325991766861015
686567229717334854897023251994481271311219185009088582674814748133649495080435835057486642619607
295559880629167075913009574433609134118864154516002085927369801193386894451655754585285847
295552109953598172996725896585981840043237584888645877369284793943747938834514933751293143
295553066114648912203347108012193376264227460999566612853505908119430999889721028338328791
686567229717319652322043106276551719829455424356290711151988026852715626615316268126869956142295
295552094751023192851007967034500076282584787017123050648003860075282819267584317064815831
327380766733791592280197010386034635152496626934786990543757529210761717497222486121063639
295552094776497452483217530027685692984496126744842447274444784163963487749325205585601751
140930213739411711437919859229016279918860453945524160771870876219768637719474414807
619819449079957664277816709555549867092621510744735240153846716871063357606564829651053010560215
295553066114598253164305782176695563958286160039880807235214690372663737196717566344111319
327380888120903922504469670988471827154262886715091509609782405308168921979711088264553687
327380766733740933241155684550536822846555325975101184925466311463994454804219024126846167
295551973363809544548652654761067259668935925317446920345396548484341089399088790932890839
295551958187171992392093552984465396550229218805056570189219100960714468649930715285759191
295552094776446793444176204192187880678554825785156641656153566417196225056321743591384279
