9
70490098694352579745656508946795967348740188326686174369490045984115
14737745204253215770291205093577079799611796540172868606814437
576904495164732355285436699977676730820879252063069028155625068116041657185
1612587567743510918675582990502579554948112371072990506088565906949594185651921574
337151956861970076830230592948977305388044683010528541123385573480508791833
337151951292381203783145811387889132639662165493466810625016440271977191121
70490119654678526805622184479455279965259261582339605325196553177851
120616398551774151637746339774861191222879633728893207922578032522995
337152000722461491747885045816908406452025608424206240866322896002390086176
337151951292369559156402365873645655234366943252809350662949994996807712641
337151950673526351040059612366858080484546663528691380607575646862526423673
70490108010051783360107941002049984743018604122377538879921383699371
337152000722460327285210701265484058711496086200140494870116251474873138328
310512779673631327810869210879168345594627365318524866270100775416362857992
307182883308315185054546903837103075796949107415017359505764115768647123751
64224310047709743879888897678043288710795317961601013804314133117938
70490096236040298320754650374895741796086383801749227251920934560019
70490107864493949067039012958582418552740595904128013049355444080890
64224309902151909586819969634575722520517309743351487973748193499457
13427722504473635455173326779081063615475272519051986352380580
576904495164732355283245558017714004150660468548958855877336422327243789657
1612587567743510918675582988311437594985385700854206991978393628660948396854054046
337151956861970076828039450989014578717825899496418368845096927691710924305
337151951292381203780954669427926405969443381979356638346727794483179323593
337152000722482452073832105782583939111338224943279496519753851708897279912
70490119654676335663662221752785061181745151410061316679407755310323
576904539721422379331785608580781126808189208652269271932569886500191534089
120616398551771960495786377048190972439365523556614919276789234655467
337152000722461491745693903856945679781806824910096068588034250213592218648
1612587567743504730231857198140457012866160797356187510141233112851021778871685886
307182883385681066230967707028307925635223558883013647450257064244286947976
337152000722470807447088660268340461706043002702622036557687406433727801432
64224320527871621838891754081037835627297799503288584959272987781042
337152000722460327283019559305521332041277302686030322591827605686075270800
307182883308315185052355761877140349126730323900907187227475469979849256223
307182877738726312005270980316052176378347806383845456729106336771317655511
307182877119883103888928226809264601628527526659727486673731988637036366543
64224310047707552737928934951373069927281207789322725158525335250410
337152000722459033435603620915049834551800055770401715929375778433278662080
307182883308313891204939823486668851637253076985278580565023642727052647503
64224308753860136799538463453883592680365579182660273331272538641690
70490107864491757925079050231912199769226485731849724403566646213362
307182883308325519658590569771031435323929833639490682943809440161562168374
64224320382313787545822826037570269437019791285039059128707048162561
64224309902149718444860006907905503737003199571073199327959395631929
64224308737687044100308582560164974214779133825076992683431878684081
13427720313331675492446656560297549505302994230406197554513052
576904495164732355281054416057751277480441685034848683599047776538445922129
1612587567743510918675582986120295635022659030635423477868221350372302608056186518
337151956861970076825848309029051852047607115982308196566808281902913056777
337151951292381203778763527467963679299224598465246466068439148694381456065
337152000722482452071640963822621212441119441429169324241465205920099412384
70490119654674144521702259026114842398231041237783028033618957442795
576904539721422379329594466620818400137970425138159099654281240711393666561
120616398551769769353826414321520753655851413384336630631000436787939
337152000722461491743502761896982953111588041395985896309745604424794351120
1612587567743504730231857195949315052903434127137403996031060834562375990073818358
307182883385681066228776565068345198965004775368903475171968418455489080448
337152000722470807444897518308377735035824219188511864279398760644929933904
307182933434625522637996754929790306856719898056944303400368823815488325735
307182877738736792167148939318908579372894722886326998416677491730172318615
307182877119893584050806185812121004623074443162209028361303143595891029647
64224320527869430696931791354367616843783689331010296313484189913514
337152000722460327280828417345558605371058519171920150313538959897277403272
307182883308315185050164619917177622456511540386797014949186824191051388695
307182877738726312003079838356089449708129022869735284450817690982519787983
307182877119883103886737084849301874958308743145617314395443342848238499015
64224310047705361595968972224702851143767097617044436512736537382882
337152000722459033433412478955087107881581272256291543651087132644480794552
1469246208194338402374683801162239599588107016036678134221068464484481214908585180
307182933434613748626511715576499679702476951124723982772057195815039186383
307182883308313891202748681526706124967034293471168408286734996938254779975
307182877738725018155663899965617952218651775954106677788365863729723179263
307182877051121453581949729402520646941073687371753377726838810247188413743
64224308753857945657578500727213373896851469010381984685483740774162
70490107864489566783119087505241980985712375559571435757777848345834
307182883308325519656399427811068708653711050125380510665520794372764300846
64224320382311596403862863310900050653505681112760770482918250295033
64224309902147527302900044181235284953489089398794910682170597764401
64224308737684852958348619833494755431265023652798704037643080816553
13427718122189715529719986341514035395130715941760408756645524
337151956861981721454539436285484419826430145791063587442909078990347306393
337151950673549640291111901217608672328227348549883886889165597647534416713
70490131299302835648958691593893665428039796628659128830706391692411
2759316316333564748580087348491997840274268687754481176890224581465558888775251223
7712956346302612675186834453358593467819962816017282721551892349139498596196625429642164
1612587357960140156359468649963046378111209361847820656170121078048138895315461135
1612587328361061353549310815986983781975477826929972624992283172833386471175601215
337152057114570956137996403422252399632549761081583022447693675996263588577
576904495164733519745676442351364715594499014827012360509288772878227641113
1612587567743510918676747450742321928636097144692753270031898260613298947837905502
2886730618402496418186728015791164944221833858715093947181765872349551843228902407
7712956473716914744118504059999260766987066763582453682164662640680789480189579883293348
1612587331320913537941596128536774430707323496596582257492761979663529628273580087
1612587328361005657660580345139168171093750343104797454374978189142054385859594095
1612587594382726397916873877999030753863637513178956634585796362259641797816585126
337152001418682225667148587811370672148724585910965717464002343910947581457
2886730855195076714368133263836631663514131402615220543048894628745372359563375359
7712956473717151536698800241404508812453786055879997582291258507809545876010096217766300
1612587568113493834123001376582241149999621040496708853359890736059350144608053039
2759316552756100863837635152764948166233142103642959501750325380354862914491968806
7712956346302849097722949710906397740770288774890698610030217209240297485500651146359747
7103536415206959585584039668522774717815428200612211129577683963177136969336393382412851
7027359067161093193244749940802159156065003399209815932853682397432179831993360344393250
1485173265674517983592503265510557652718631741524447812061321487668840699536646486
1471016118040278173812001800096619980346248293056464348842554777750107119370476238
1612587567743505349087874403657540367547924396310235752970167762244165739306304790
1485172999282808758301082759725994287497047927263815531460780340736068882277907206
2745159138730151828765713181566447128639174840914343757931017523503357517067059278
1469246208194288972298018611135314406078116547737334135339667792077493604590965677
573574593229828503942269353748211273048438239406443123246582980021980306160
307182884004537083436484790382989689234177607125842582099650208204721566880
344227981068679171600570456225965815733348226302363594852895546785559110310
603543654948084915702085335565710528479160043020948953627243783642890313617
1612587328361005038817372228796414664306175593284517730257008133767706251578305127
1612587328032126385452814919530013968793556354007652752132809934820875669087862239
337152000799839017550805834304583097398904306186847747408627995776666292489
1612587567743504730244666287314786860760349646489956028852197706869817605025015822
1471015851648568329677373177969303108337089728975552344124043575442987167830447990
1469246208194288353454810494792560899290541797917054411221697736703145470309676709
307182883385693875320142036876202114484357327401724612044275860070440277912
337151945103950287079958018693701369915079131016230442424936663691350285369
337151944416346722506243848130604064637501042433877142363409610208815519849
337152000722483616536262990116234650555176771221333001151706202259881131368
307182883308338474305599192687853667640629792436209865787354066553655116791
64224333336960796168739648269886969395816510467882603755099141110978
2886730858154990164227541930249918521396747639723822846636694951776180062856431431
13197725533019534745041110496697495671771229639468688855021674829246782795516178248233644
2759316529446831876203028741524479470045296603511971677667794562507577841360899199
576904495164723039581607341388545585929733314810420646543428972130575110481
1612587567743510918666267286673220965816967479927053253440184294753498200185374870
36890831102719791846083879086678457698396707941814767373144841655766487093356232260084138871825
7712956473716911784210623768503313300279844330879635424679842931183033098913589816776724
1596660537272485871647036032479387326855689298812616041662151674623678360520121934
7712956346302849097773076000283657434703375749315769286987854173100816947898780278235523
1612587594382726397906393713929929791044507848413256617994082396399841050164054494
1485173265674568109881880525204490739693056812201405449025182007131238828668522262
333822105053355602746757179806486272686280627990866496733805883515579316584
576904489595134166534522559827457413181350797293358916045059838922043509769
603543654948074435538016234602891398814394343004357239661383982895237782985
1612587328361005038806892064727313701487045928518817713665294167907905503925774495
1612587328032126385442334755460913005974426689241952735541095968961074921435331607
337152000799828537386736733341763967734138606170256033442768195029013761857
1612587567743504730234186123245685897941219981724256012260483741010016857372485190
1471015851648568329666893013900202145517960064209852327532329609583186420177917358
1469246208194288353444330330723459936471412133151354394629983770843344722657146077
307182883385683395156072935913382984819591627385132898078416059322787747280
337151944416336242342174747167784934972735342417285428397549809461162989217
337152000722473136372193889153415520890411071204741287185846401512228600736
1469246208194338402388786739943649797916520024866477082670811999243750082656391364
307182933434627851565293125774828092711306750073173726306816464682786992567
307182883308327994141530091725034537975864092419618151821494265806002586159
64224322856796727067776829140222203695799918753916743954351488580346
120616399716234391380120027759634810985643577061246871627340218506923
337152056495705623230841103438402217812668559100215878464393081839160290497
576904544672168044262284176417308088510060470499200791011310377597908749441
1612587567743560426111271967350055994579470060254208942220328762634903667519013830
333822104434500750003670980785455220531165126026091066716365090106128549136
337152056418350222216298259250053770968941024134701132207471288322375129376
576904544594812643247741332228959641666332935533686044754388584081123588320
1612587567743560348755870952807211806231023216526673976705582505713110150733852709
576904494468512785823978298179166086930890277880130470269066385204339181912
1612587567743510222456013529044177756437468481084016323150008020390911273949446301
1596660536902496690401655301925643335024493655783106010982252426445907028982445116
334192092842180475962052837379558470331624064160966043433258480994645136264
573944581018642896993495910358464341029015975559950955980175776753393595208
573574592533607770020571209576012644384829502459561233006360592348091846959
303852986943000206758464339168725790772890612275453185095091160883117373438
119920199942640831437873467390300733648729878598938368841161635108986
337151950673537866279626861864318045173984401617663566260853969647085277361
337151950604777509822255444808008314646226592759428236254701264298831800809
70490119525291350609605400966739422481107576308030817202705942553059
1612587328361005038805598217311375311015548439041570798036687505456078251129165775
1612587328032126385441040908044974615502929199764705819912489306509247668638722887
337152000799827243539320794951292470244661359254627426780316367776217153137
1612587567784614561903461939488047594408799897156617218897401853426543427387181831
1612587567743504730232892275829747507469722492247009096631877078558189604575876470
1471015851648568329665599166484263755046462574732605411903722947131359167381308638
1469246208194288353443036483307521545999914643674107479001377108391517469860537357
307182883385682101308656997522911487330114380469504291415964232069991138560
1612587327995584244084622527421735259691796534309467519663359500473561144552974903
337152000731066887081949377894982739716903550396392096774163662427963676585
1612587567743504661472535818458330451159991964489200238396547072405484256322399918
1469442835244763837596298101844631401806467219367242835532974417654350087998257614
1469246208194288284682680025936104489690184115916298620766047102238812121607060805
307182883316921744851285580466601756802356571611268961409811526721737662008
337151944416334948494758808777313437483258095501656821735097982208366380497
337151944339934552431012789825858181341304974548062010617150531821418073217
337152000722471842524777950762944023400933824289112680523394574259431992016
307182883308326700294114153334563040486386845503989545159042438553205977439
64224321562949311129386357642732726448884290147254292127098691971626
337152000722461362360708849800124893736168124272520966557534773511779461384
337152000180972390796234595930261418089545857289851996762875574366766385689
337152000112212034338863178873951687561788048431616666756722869018512909137
337152000043451677881491761817641957034030239573381336750570163670259432585
337152000035811638275117159922496431419834927478021855638775418631564601857
337152056418348928368882320859582273479463777219072525545019461069578520656
1612587567743560348754577105391273415759525727049427061076975843261282897937243989
1471015851648623948187283996045789663336265809535023376348821711834452460742676157
1469246208194343971964721312869047454289717878476525443446475873094610763221904876
310512835369519928894540830473266560362595056337456896945003985011068240320
307182939004203786138218523431201290564916798433949390180667325363352506079
573944581018641603146079971967992843539538728644322349317723949500596986488
1471015848688660372017537741800367792840965172218063402613732937621645133012683045
1469246205234380395794975058623625583794417241159565469711387098881803435491911764
304592963913069166856897802343157686571786311560604024380269702440924261216
573615702365277045836813571272480224300261863666198151118777118918106543600
304264085259704609547631401647645067332509446582479826181322871858433818328
573574592533606476173155271185541146895352255543932626343908765095295238239
1469246204864391910759848085698924801342720596973092369321664125066619030190163515
304222975428034039883973101560705989927599838460214301406454518035622512967
338308164611895112264661161144068543273278672833617530369178381374046070405
303894096774669482574706700865193370688322973482090103207507687453132070079
303852986942998912911048400778254293283413365359824578432639333630320764718
337938176126859985291736460361616846629092199733227807395363196968744322156
337568187641824858318811759579165149984905726632838084421548012563442573907
307182882689471847551027954313531988331271343539214115141601645143755209991
307182882620711491093656537257222257803513534680978785135448939795501733439
341268071795977518917173169708546094833222642947102597847403714965393606308
63528111309191682086176978143733883411953999970979929540172456043057
70490107751279865570252110339585179534175355987402505574705493413707
70490107736903783170936660656279740898098515669550700554402684562499
337152000722460054137210512094203712941252241280052042043277925956174001456
307182883308314911906546714665822730026705262494928906678925790249947986879
64224309774561743690717617332273044865875229508774175478795433981066
70490095946918873243455092603230566133303139440198161126065781144027
70490119509118257910375520073020804015521130950447536554865282595450
337152000722471826351685251533063129682315358702667322940113926418772034407
307182883308326684121021454104682146767768379917544187575761790712546019830
64920520155907104027851612770607655797987477505983307620909098464106
64224321546776218430156476749014107983297844789671011479258032014017
119997554033634865644441463445936365471193319380949558159584963703778
119920198632620322800253114999092637936227804634692636366068178542657
307182882612116430363392410895302647768925342987254011301399203786310091261
63605466694033132231135445696858992481333069359653570685848581246569
63528111293018589386947097250015264946367554613396648892331796085448
70577122210468806063610349468649936570100085866058647326548843892598
64224309772764733390803186121859865036365624469042699851257582874665
13282162235578388790766892303131325484843380450281655081798179
337151956861981721452348294325521693156211362276953415164620433201549438865
337151951292392848405263512764433520407828844759891684666251299993017838153
337151950673549640288920759257645945658008565035773714610876951858736549185
70490131299300644506998728867223446644525686456380840184917593824883
2759316316333564748580087346300855880311542017535697662780052303176913099977383695
7712956346302612675186834453358591276678002853290612502768378238967220307550836631774636
1612587357960140156359468647771904418148482691629037142059948799759493106517593607
2886730618402552114075458484447838595140834672321485603688898577752238139747041999
7712956473716914744174199948729729423660717682583267288556319147813494882875876401432940
1612587331320969233830326597193448081626324310202973913999894685066215924791719679
1612587328361061353549310813795841822012751156711189110882110894544740682377733687
1612587567743611171276462296077248068260479945359285063032874952969050912608850790
337152057114570956135805261462289672962330977567472850169405030207465721049
2759316526486923995932493120004832213288126444567103377031552459557257557801576311
576904495164733519743485300391401988924280231312902188231000127089429773585
1612587567743510918676747448551179968673370474473969755921725982324653159040037974
2886730618402496418186728013600022984259107188496310433071593594060906054431034879
7712956473716914744118504059999258575845106800855783463381148530508511191543791085425820
1612587331320913537941596126345632470744596826377798743382589701374883839475712559
1612587328361005657660580342948026211131023672886013940264805910853408597061726567
1612587594382726397916873875807888793900910842960173120475624083970996009018717598
337152001418682225664957445851407945478505802396855545185713698122149713929
13197725533019531785127660637288827067342411794125781527635857131274181476062686157310044
36890831102719791846323631574854930599590028973796529646836780483667953547590720710801741993873
7712956346302822828540512216891317895872774741702291151656575428736878318762085924366540
2743389735398398640340555924329370770781022316658104463848709412529549071583034070
1469246448316815760095424037074980257266511954539592774159705519843526856627711750
2759316552756100863837635150573806206270415433424175987640153102066217125694101278
7712956346302849097722949710906395549628328812164028391246703099068019196854862348492219
7103536415206959585584039668522772526673468237885540910794169853004858680690604584545323
7027359067161093193244749940802156964923043436483145714070168287259901543347571546525722
1485173265674517983592503263319415692755905071305664297951149209380194910738778958
1612587567743505349087874401466398407585197726091452238859995483955519950508437262
1485172999282808758301082757534852327534321257045032017350608062447423093480039678
1469246208194288972298018608944172446115389877518550621229495513788847815793098149
1469246178595210169487860774968109849979658342600702590051657608574095391653238229
573574593229828503940078211788248546378219455892332950968294334233182438632
307182884004537083434293648423026962563958823611732409821361562415923699352
344227981068679171598379314266003089063129442788253422574606900996761242782
603543654948084915699894193605747801808941259506838781348955137854092446089
7712956346302582747173063546704860843645593535637604662600474201656077080287610404175740
1469246208235448311425237580022753076060447268050536672932624718605052381107520950
1612587567743554856544523708886678950591177711713830168297599913903370693011554702
307182933511993732741713928966032942549581201541170014251309413158426816792
1612587567743504730244666285123644900797622976271172514742025428581171816227148294
1469246208194288353454810492601418939327815127698270897111525458414499681511809181
1469246178595209550644652658625356343192083592780422865933687553199747257371949261
1469246178266330897280095349358955647679464353503557887809489354252916674881506373
307182883385693875317950894916239387814138543887614439765987214281642410384
1485173265674511795160422099891880624880157573102867056771448655636713567925889278
1469246208194282783865937445516637378239642379315753380049794960045366472980208469
307182877816105002270866113355151215065756026370552709267618081073110809672
1612587567743498473052228664324692776612144950310566415326994868684985125160782062
1469246208194282096262372871802466815142337101737664797696494898518312990445442949
307182877128501437697151942792053909788177937788199409206091027590576044152
337152000722483616534071848156271923884957987707222828873417556471083263840
1469246208194338402399266901821608800772923019413393585152353686814905041511054468
307182933434638331727171084777684495705853666575655267994387619641641655671
307182883308338474303408050727890940970411008922099693509065420764857249263
307182877119906393139980515660015193472208211680919992955321939422044359583
64224333336958605026779685543216750612302400295604315109310343243450
2759316316333564748569607182231754917492412352769997646188338337317112352324853063
7712956346302612675186834442878427207577040034160947737068361647253254447750088979244004
1612587357960140156348988483702803455329353026863337125468234833899692358865062975
1612587328361061353538830649726740859193621491945489094290396928684939934725203055
1612587567743611171265982132008147105441350280593585046441160987109250164956320158
337152057114560475971736160499470543297565277550881136203545229459813190417
2886730858154990164227541928058776561434020969505039332526522673487534274058563903
13197725533019534745041110496697493480629269676742018636238160719074504506870389450366116
2759316529446831876203028739333337510082569933293188163557622284218932052563031671
2759316526486923995922012955935731250468996779801403360439838493697456810149045679
576904495164723039579416199428582859259514531296310474265140326341777242953
1612587567743510918666267284482079005854240809708269739330012016464852411387507342
2886730618402496418176247849530922021439977523730610416479879628201105306778504247
13197725533019294992547364445403414952774729682698572861809244672431459220441422170306460
2759316289694338130151734660805482970088526487518759247510979238932503085282972015
36890831102719791846083879086678457698394516799854804646474622872252376921077943614295341004297
7712956473716911784210623768503311109137884368152965205896328821010754810267801018909196
7712956346302583076052335743990122383698833016701928994045159852110365541665579523376964
1596660537272485871647036030288245366892962628593832527551979396335032571722254406
1469246208564327583622522841562806315541511592381981358583079007066430350226722174
7712956346302849097773076000283655243561415786589099068204340062928538659252991480367995
7103537561935917959058758178518730749558017375369937494412327536968881560508727176211187
7027360213890051566719468450798115187807592573967542297688325971223924423165694138191586
1612587594382726397906393711738787831081781178194473103883910118111195261366186966
1485173265674568109881880523013348779730330141982621934915009728842593039870654734
2759316313003612687364733955061632264545415071266564572063526589289120619293111702
1612587567743555475377251661160331494559622796768409875823856003417918079640313038
1485173239035397187352738472434892443208171760556558706854955614149315858144780806
1469246447946877401349674323844212561789240381030077310733843065490740580457839277
1469246178595260295777238034662042936954083413277660227015518128036493520785114005
333822105053355602744566037846523546016061844476756324455517237726781449056
307182934130826460693987581510001387634635781248696270340823960545055575128
583980569497730827313279354381676939566640969477757770126308793761425983910
2759316526486918426333139908850949689380824031418885843378107995328323601617444967
576904489595134166532331417867494686511132013779248743766771193133245642241
603543654948074435535825092642928672144175559490247067383095337106439915457
7712956346302582747173063536224696774544630716507939896900457609942111220486862751645108
1469246208235448311414757415953652113241317603284836656340910752745251633454990318
1612587567743554856534043544817577987772048046948130151705885948043569945359024070
1469246447946876782506466207501459055001665631209797586615873010116392446176550309
1469246178595259676934029918319289430166508663457380502897548072662145386503825037
1469246178266381023569472609052888734653889424180515524773349873715314804013382149
307182933511983252577644828003213812884815501524578300285449612410774286160
1612587567743504730234186121054543937978493311505472498150311462721371068574617662
1469246208194288353444330328532317976508685462932570880519811492554698933859278549
1469246178595209550634172494556255380372953928014722849341973587339946509719418629
1469246178266330897269615185289854684860334688737857871217775388393115927228975741
307182883385683395153881793953420258149372843871022725800127413533989879752
1485173265674511795149941935822779662061027908337167040179734689776912820273358646
1469246447946821086617735736653643444119938147384622415998568026425060360860543189
307182877816094522106797012392332085400990326353960995301758280325458279040
1612587567743498473041748500255591813793015285544866398735280902825184377508251430
7027359067161066554066951365534205175660113122142323741421100102491205719734816820465962
1469246447946820399014171162939472881022632869806533833645267964898006878325777669
1469246208194282096251892707733365852323207436971964781104780932658512242792912317
1469246178595203293441734873757303256187475902054116749926943027443759818653052397
1469246178229782567481115641239080261173454525079822329788945028613948060330338077
307182877128490957533082841829234780123412237771607695240231226842923513520
337152000722473136370002747193452794220192287690631114907557755723430733208
1469246208194338402388786737752507837953793354647693568560639720955104293858523836
307182933434627851563101983814865366041087966559063554028527818893989125039
307182883308327994139338949765071811305645308905507979543205620017204718631
307182877119895912975911414697196063807442511664328278989462138674391828951
64224322856794535925816866413551984912285808581638455308562690712818
576904595417312274262873166565350839065634146586829909269924923347693525137
576904539721423543792025350954469111581808971416212604286233591262377518017
576904539102580335675682597447681536831988691692094634230859243128096229049
120616399716232200238160065032964592202129466888968582981551420639395
2759316553126094918460470707908943998385937085463644381025860578043890212010502391
7712956346302849467717004333741952884766120927685680430715096484775495174527948664893332
1612587594752670326239852009379992536222877759556983860305757074626470218550712303
2759316792508644736187622190190350244633665874111740333176624636468200442241619494
7712956346303088850266822060893435166172367175414469078811048635539553598838178896010435
1612587834135220143967003491661398782470606548205079812456521133050780448781829406
2759316552756106433425343734984243215934240441277171280636137604228705806708754142
7712956346302849097728519298614979960065338475989036244241996095052521359343543363145083
1612587594382681841204725036455291753771181115370510759916034100811285813248964054
2759316313003568130663065279778136187234815008442602228095650571989211171175888790
7712956346302609345190216536336524753958309776563603409672943554565489119848907830279731
1612587354630143538442446581249184725071755682535941707375547068571791177716098702
13121546910830377941222575217017935736937700690341387878922358482786860000001713876872738
7636777851527997692793714821133615290907114989368933714794245749149946111303335139461466
1598430420109271108895081520462897744876639285476464068637213276199275051356919878
2743389735028415724893137535815106997993150680324626656454970940876853347295938685
2745159138730157398353421763785742178340273178548555536816829747377200409283844614
1596660536902452829910240382080048507130665921583397083194380405219938718303283245
1116763943391611999649564985034809507132338271694990976402874427947826239558
573574598799416212524488648797912371386072451185328935470456822914197091496
333822060496653934069282541769212945953237882132788448438217328278664226144
397506328483325164283946663948711230833834564537369515306155944041227643502
603543660517672624284304630615411626816794254799834765851117626535107098953
1612587594382676271615851989370510192683008366987993242854303602442152604717363342
1612587328361010608405080811015709714007273930918729509142820357641549143795090463
1612587328032131955040523501749309018494654691641864531018622158694718561304647575
1612587567743560426132232293297115960255002719566825461293584416065859374026207566
337152006369426726133025129354284195736538517965733559632501838668883077825
1612587567743510299832374869534081910461447984124167807738009930743660497241801158
337151956243126868709262095304490641001095860312177985147179639792098671417
1612587834135213955534922328233863714594859050002282571276820579307299105968939726
1612587594382675652772643873027756685895433617167713518736333547067804470436074374
1598430180356726617700721901829255648301466354439097774917025690216299073011164846
1596660536902446641478159218652513439254918423380599842014679851476457375490393565
333822054308221852905855006701337198455035084891608747884473846935851336464
337151949985934431088463143180305162975135254212762954587283453101032305185
337152056418371182542245319215729303628253640653774387860902244028882323112
1612587567743560348776831278754271771906555875839290495778838159144065857241046445
337152006292071325118482285165935748892810983000218813375580045152097916704
576904494468533746149925358144841619590202894399203725922497340910846375648
1596660536902496690422615627872703300700026315095722530055508079876862735489638852
333822104357166309315075196562782306346750207579649576112874252295850581751
573944581018663857319442970324139873688328592079024211633606732459900788944
333822054230866451891312162512988751611307549926094001627552053419066175343
69793921045543015463789349368224603607595396280106477597991357896314
603543710643951521379929462739566922222705512420206912404720223916586444097
2759316552756150990115367783524293779001363098805911383946553659462169979656498574
576904594798467901683856068507138916575284344638646193218343930685895288321
1612587567743610552411129388921948084410298125478083081665730969668456755505552710
2759316526486973503367017636612566279231499360128559049219982961578862277482684639
2759316526158094850002460327346165583718880120851694071095784762632031694992241751
576904544672168044260093034457345361839841686985090618733021731809110881913
1612587567743560426111271965158914034616743390035425428110156484346257878721146302
2759316552756150371272159667181540272213788348985631659828583604087821845375209606
2759316313003612068509881211975433243514362916151062607288096571848327209842344254
2745159378482739638962516151189146263319246519091584968549762779475811083483165430
2743389735028459662739953468012404054272698588033087035647416940735969385962394149
573574642737263028456685945854191919293780911564521381470315938952863546960
576904538414975606639294082333159883813881080885675588173125545118044515681
337152056418350222214107117290091044298722240620590959929182642533577261848
576904544594812643245550190268996914996114152019575872476099938292325720792
1612587567743560348755870950616069846268296546307890462595410227424464361935985181
576904494468512785821787156219203360260671494366020297990777739415541314384
1612587567743510222456013526853035796474741810865232809039835742102265485151578773
2743389495275921282622273998263452837224826311470983017592183651574681233644367676
1596660536902496690401655299734501375061766985564322496872080148157261240184577588
334192092842180475959861695419595743661405280646855871154969835205847268736
573574642659907627442143101665843472450053376599006635213394145436078385839
573574592533607770018380067616049917714610718945451060728071946559293979431
303852986943000206756273197208763064102671828761343012816802515094319505910
119920199942638640295913504663630514865215768426660080195372837241458
603543660517660979657561185101168149411499032559177305889051181259937620473
2759316552756100863824826061156016140602590287599431522916947143793127323007674950
1612587594382676271604207362627064678439530961692771002196843640375707329547884862
307182939081569796699380920461453290152138974593508538791405456564271991176
7712956346302849097722330854889189789084756356764132746222514257892005549416925380776923
1612587594382675652760999246284311171651956211872491278078873585001359195266595894
2759316313003561942219339489607155605115590104944582746258490056179284553193520630
1596660776654984944228793047115174953710866450919946653897706921649506735853780437
1596660536902446641466514591909067925011441018085377601357219889410012100320915085
333822054308210208279111561187093721049739862650951287922407401660681857984
307182882698077501654818934287474257390735710840537933746187070996421218536
1612587567743560348765186652010826257663078470544068255121378197077620582071567965
1596660776655040562762122503420146376244147091017586859000265648419045304384626436
337152006292059680491738839651692271487515760759561353413513599876928438224
1596660536902502259999844048214039347544721658183017806459778616179550668851761084
310512835369530538441160383315170113106089697531501299298820322695202564296
1596660507303423457189686214237976751408990123265169775281940710964798244711901164
333822109926743537735416532609627001689837502856053846649176940229212703983
576904494468522101523181912630598142184907672158546265960430895635676897168
333822104357154664688331751048538828941454985338992116150807807020681103271
333822054230854807264568716998745274206012327685436541665485608143896696863
333822048042422726101141181930869526707809530444256841111742126801083807183
69793909400916272018275105890819308385354738820144411152716188417834
307182939081559316535311819498634160487373274576916824825545655816619460544
1612587834135264081812654961184351287325806715384017967583221136703251959931337022
2759316552756150371270995204507195720789440608456109435762837607881177317858261758
7712956346302849097772457144266449483017843331189203423180151221752525011815054512652699
2743389495275921359976510550131952474148925414668995759041183912289830222912580949
573574642737261863994011601302767571553251389340455635474109294425346599112
307182932824366878914512867374448682461412668477501794265649469125553094312
337152056418349057751432772738666696558192718396525213932975998006060314000
576904544594811478782875845717572567255584629795510126479893293764808772944
1612587567743560348754706487941725294843948805778368238529664231217819834419037333
1485172999282863757967914844010179214793072336731948017020276809709722977390639749
1469246208194343971964850695419499333374140957205466620899164261051147699703698220
310512835369520058277091282352350983441323997514909585332960521947550033664
573574642659906462979468757114419124709523854374940889217187500908561437991
573574592533606605555705723064625569974081196721385314731865302031777031583
303852986942999042293598852657338716362142306537277266820595870566802558062
573574586345174524392278187996749822475878399480205614178121820688964141903
119920198778175965951362080315889985342991702680663873550845320293610
126185985095891261986066880162491386152974331381478332181177401396563
310512835369518893814416937800926635700794475290843839336753877420033085816
337152000722482322686655909765800426395480740791594222210965729218286655120
7712956346302582747173063534930849358606240245010450419653541981335448768659609955036388
1469246208235448311413463568537713722769820113807589740712304090293424380658381598
1612587567743554856532749697401639597300550557470883236077279285591742692562415350
307182933511981958730228889612742315395338254608949693622997785157977677440
7712956346302822499661239997351880801679219150881147811564940966247995685955368703495332
1469246447987936487875884599980786701675690811199501139697216637210720139406840542
1612587567743504730232892273638605547506995822028225582521704800269543815778008942
1469246208194288353443036481116379586037187973455323964891204830102871681062669829
1469246178595209550632878647140316989901456438537475933713366924888119256922809909
1469246178266330897268321337873916294388837199260610955589168725941288674432367021
307182883385682101306465855562948760659895596955394119137675586281193271032
7712956346302582710630922178512468735366884433877784964415241732205642732973085869288404
1469246208198906170057045187914474366958687448352351440463174284257737856572633614
1612587567743554787772393240030222540990820029713074377841949279439037344308938798
307182933443221602272857472556432584867580445750714363616845079809724200888
1612587567743504661472535816267188491197265294270416724286374794116838467524532390
1469246208194288284682680023744962529727457445697515106655874823950166332809193277
1469246178595209481872522189768899933591725910779667075478036918735413908669333357
1469246178266330828507964880502499238079106671502802097353838719788583326178890469
1469246178229788755911902957250676938577704533805372655340038919905602150346619037
307182883316921744849094438506639030132137788097158789131522880932939794480
307182877747332871802009656945550857383755270580097058633153747724408193768
1612587567743498473040454652839653423321517796067619483106674240373357124711642710
1469246208194282096250598860317427461851709947494717865476174270206684989996303597
307182877128489663685666903438763282633934990855979088577779399590126904800
1612587567743498396640058589093634471866261654114498529511863122425906737763335430
1469246208194282019850202796571408510396453805541596911881363152259234603047996317
307182877052089267621920884487308026491981869902384277459831949203178597520
337152000722471842522586808802981296730715040775002508245105928470634124488
1469246208194338402387492890336569447482295865170446652932033058503277041061915116
307182933434626557715686045424393868551610719643434947366075991641192516319
307182883308326700291923011374600313816168061989879372880753792764408109911
307182877119894619128495476306724566317965264748699672327010311421595220231
307182877051134262671124059250414835790207455890464342320857606073341743679
64224321562947119987426394916062507665370179974976003481309894104098
337152000722461362358517707840162167065949340758410794279246127722981593856
1612587834135213955523148316748824361304231895759335639056499950995671105519800374
2759316313003561942219210104865561766068440355996858054695629389934101827913859758
1596660776654984944228663662373581114663716701972221962334846255404324010574119565
2743389495275871233687003905696425548127350595044313430514462726582249368501044301
1612587834135213886762791859377407304994501368001526780821169944842965757266323822
7712956346302849097722262094403347676073860999883856040688964459701333151528851847639499
1469246474585997509972936066855181343524693519428625163190669974676293622550984709
2759316313003561873458853647494144709758709828239049196460299383781396479660383206
7637718312614983697631152551832114063233543992293412711200769688684498115060779834301803
7636777851527997692787457616921983006915637513263753511241214113798757903488643623955882
1596660776654984875468307205002164058353986174214413104099516249251618662320643013
2743586122326346717840265524233535403933903170737448787046060035845081986638764558
2743411342725924004139271678981511482052762634336609485031013533253492683179922950
2743389495275871164926647448325008491817620067286504572279132720429544020247567749
1453516044156244051592069488388465009000461429092455701235943594500484493996500709
1453319417105768498678451412479938096884178325641511486469016279084946527605303900
1469246204905501751035942468406611023176917312399343101348146838275215980387816549
303852986951604437630097786913149412593930007969585536370979576757707112391
1612587567743503966227767173504071481530086661967493822507847624588395418777988294
307182882621676976206331321496971851499834865195380261961994437884193250384
337152056418359408530760279862438676474010693721554067232590616028433183760
1612587567743560348765057267269232418615928721596343563558517530832437856791907093
310512835369530409056418789476122963357141972839938438632575139969922903424
307182939004214266300096482434057693559463714936430931868238480322207169183
576904494468521972138440318791550992435959947466983405294185712910397236296
1596660536902496690410841616387663947409399160852775597835187451565234735040499500
333822104357154535303590157209491679192507260647429255484562624295401442399
573615702365287525998691530275336627294808780168679692806348273876961206704
573574592533616956335033230188397549889899172046414168031479920054149901343
303852986943009393072926359781110696277960281862306120120210488589175427822
333822047973662240259028171035512646431103996894458650439344238727550669759
63528121789353560045179834546728430328456481512667500695131310706161
1612587567743554092517144433198004568504511732644451459471708144050793547909864070
307182932747966353466025254583946276570511822832344122481456836013325126160
337152056418348928366691178899619546809244993704962353266730815280780653128
1612587567743560348754577103200131455796799056830643546966803564972637109139376461
1469246208194343971964721310677905494326991208257741929336303594805964974424037348
310512835369519928892349688513303833692376272823346724666715339222270372792
1469246181555173049435579260099449157804832826831678701276249480112687792698163420
1469246178595265169154563476701842898191259673339893898158465689591212550284177428
1469246178266386515790006167435442202678640434063028920034267490644381967793734540
307182939004203786136027381471238563894698014919839217902378679574554638551
576904494468511491974371217828731862771194247450391691328325912162744705664
1598430180356776666622924135495305193636817427145573514145819324445275684908740149
2743389495275921282620980150847514446753328821993736101963576989122853980847758956
1596660536902496690400361452318562984590269496087075581243473485705433987387968868
333822104357144055139521056246672549527741560630837541518702823547748911767
303853037069298770332620292868085121348637239499269980639672886718307303598
1469246205234380395794975056432483623831690570940781955601214820593157646694044236
2743389465676792353510964893108417800824042551633230417230164598585902679923492628
1453319387506689687262768857263347405890600809988237331420048157241305187281228779
573574592533606476170964129225578420225133472029822454065620119306497370711
1469246204864391910759848083507782841379993926754308855211491846777973241392295987
1453319387136701202227641884338646623438904165801764231030325183426120781979480530
303852986942998912908857258818291566613194581845714406154350687841522897190
337568187641824858316620617619202423314686943118727912143259366774644706379
1469246178595208854422624889511273780521957439694439003423190650525532330686881340
1469246178266330201058067580244873085009338200417574025298992451578701748196438452
307182882689471847548836812353569261661052560025103942863312999354957342463
303852980754566831745429723750415819114991784604534705600607206498710007510
307182882620711491091465395297259531133294751166868612857160294006703865911
303852980685806475288058306694106088587233975746299375594454501150456530958
307182876432279409928037860229383783635091953925688912303416812663890976231
307182876355879013864291841277928527493138832972094101185469362276942668951
367907237148917787918475702524017353796047405143990749185439213149790011996
303852980677211430730886879562067372271264249639019959343685412981924846389
607289730651913000813566539652595780351050046201406238204797843160423833011
63528111309189490944217015417063664628439889798701640894383658175529
1612587567743560348753412640525786904372451316301121322901057568765992581622428613
310512835369518764429675343961879485951846750599280978670508694694753424944
337152000722470534299088471097060115935799157782533583730849080915028664560
64224320254723621649720473735267591782377711050461746633754288644170
337152000722460054135019370134240986271033457765941869764989280167376133928
307182883308314911904355572705860003356486478980818734400637144461150119351
307182877119882830740928037637984255858283681739639033846893663118337229671
307182877043482434677182018686528999716330560786044222728946212731388922391
64224309774559552548757654605602826082361119336495886833006636113538
1612587567743673046977502511454349041523953256963479202203759134999855340981985261
337152118990271996351182362435553146273935171706643734351435834635838855520
337152056418347620143192841193698366014329110712493428752473967725175193200
1612587567743560348753268879701793749875618261914760554497879050715789553533916533
1469246208194343971963413087179567788405810413341858936867379080549117418818577420
310512835369518620668851350807382652897460389830877800152458491666664912864
307182939004202477912529043765317383099782131927370293388121832018949178623
576904494468510183750872880122810681976278364457922766814069064607139245736
1596660536902496690399053228820225278669088701171192588774548971448586431782508940
333822104357142746916022718540751368732825677638368617004445975992143451839
573579160292679675687872269307094914697429767717605254526348644397870944712
573574592533605167947465791519657239430217589037353529551363271750891910783
1469246204864391910758539860009445135458813131838425862742567332521125685786836059
303857554702072112425765398899808061085490877533497206615079212932896471191
303852986942997604685358921112370385818278698853245481640093840285917437262
337568187641823550093122279913281242519771060126258987629002519219039246451
307182882689470539325338474647648080866136677032635018349056151799351882535
307182882613070143261592455696192824724183556079040207231108701412403575255
333822047966010412265086130471626810357227101790038530847432845385597848471
63528110000965992606511094236268748745447420874187384046828052715601
337152000722458744314178543615492062886624392987157354378309652578125246088
307182883308313602083514746187111079972077414202034219013957516871899231511
64224308464738711722238905682218417017582334821109207205417385225698
70490119509116066768415557346350585232007020778169247909076484727922
337152000722471826349494109573100403012096575188557150661825280629974166879
1469246208194338402387476717243870217601402146551981066486675475222629200401957507
307182933434626541542593346194512974832992254056989589782795343800532558710
307182883308326684118830312144719420097549596403434015297473144923748152302
64920520155904912885891650043937437014473367333705018975120300596578
307182877738737811071745530583631247349167078886372284799104011715216551590
307182877119894602955402777076843672599346799162254314743729663580935262622
64224321546774027288196514022343889199783734617392722833469234146489
120616398406211691600539712641756496489627392924722850506457964073066
573574592533616940161940530958516656171280706459968810448199272213489943734
333822054230854661706734423929817230738446137407428323415959777577957078382
1469246204864391910770312074484184574318229872901543285357848229357126148384869010
304222975428044503872758361333681499203528289376250485510745025153817218462
307182882689482311539813214086507497607199794455250299245892152261949915486
69793909255358437725206177847351742195076730601894885322150248799353
63528121773180467345949953653009811862870036155084220047290650748552
307182932815771688799507147173481922677876752092214159765354550391081791262
119920198632618131658293152272422419152713694462414347720279380675129
307182882612116430361201268935339921098706559473143839023110557997512223733
303852980677211414557794180332186478552645784052574601760404765141264888780
63528111293016398244987134523345046162853444441118360246542998217920
70577122210466614921650386741979717786585975693780358680760046025070
64224320252926611349806042524854411952868106010730271006216437537769
64224309772762542248843223395189646252851514296764411205468785007137
63528109999168982306596663025855568915937815834455908419290201609200
64224308464539043911137302214394730369859045372250154357913179547209
63528109982995889607366782132136950450351370476872627771449541651591
13282160044436428828040222084347811374671102161635866283930651
337151956861981721450157152365558966485992578762843242886331787412751571337
337151951292392848403072370804470793737610061245781512387962654204219970625
337151950673549640286729617297683218987789781521663542332588306069938681657
70490131299298453365038766140553227861011576284102551539128795957355
2759316316333564748580087344109713920348815347316914148669880024888267311179516167
7712956346302612675186834453358589085536042890563942283984864128794942018905047833907108
1612587357960140156359468645580762458185756021410253627949776521470847317719726079
2886730618402552114075458482256696635178108002102702089578726299463592350949174471
7712956473716914744174199948729727232518757719856597069772805037641216594230087603565412
1612587331320969233830326595002306121663597639984190399889722406777570135993852151
1612587328361061353549310811604699862050024486492405596771938616256094893579866159
1612587567743611171276462293886106108297753275140501548922702674680405123810983262
337152057114570956133614119502326946292112194053362677891116384418667853521
2759316526486923995932493117813690253325399774348319862921380181268611769003708783
576904495164733519741294158431439262254061447798792015952711481300631906057
1612587567743510918676747446360038008710643804255186241811553704036007370242170446
2886730618402496418186728011408881024296380518277526918961421315772260265633167351
7712956473716914744118504059999256384703146838129113244597634420336232902898002287558292
1612587331320913537941596124154490510781870156159015229272417423086238050677845031
1612587328361005657660580340756884251168297002667230426154633632564762808263859039
1612587594382726397916873873616746833938184172741389606365451805682350220220850070
337152001418682225662766303891445218808287018882745372907425052333351846401
13197725533019531785127660637288824876200451831399111308852343021101903187416897359442516
36890831102719791846323631574854930599587837831836566920166561700153843375312432065012944126345
7712956346302822828540512216891315704730814778975620932873061318564600030116297126499012
2743389735398398640340555922138228810818295646439320949738537134240903282785166542
1469246448316815760095424034883838297303785284320809260049533241554881067829844222
2759316552756100863837635148382664246307688763205392473529980823777571336896233750
7712956346302849097722949710906393358486368849437358172463188988895740908209073550624691
7103536415206959585584039668522770335531508275158870692010655742832580392044815786677795
7027359067161093193244749940802154773781083473756475495286654177087623254701782748658194
1485173265674517983592503261128273732793178401086880783840976931091549121940911430
1612587567743505349087874399275256447622471055872668724749823205666874161710569734
1485172999282808758301082755343710367571594586826248503240435784158777304682172150
1469246208194288972298018606753030486152663207299767107119323235500202026995230621
1469246178595210169487860772776967890016931672381919075941485330285449602855370701
573574593229828503937887069828285819708000672378222778690005688444384571104
307182884004537083432102506463064235893740040097622237543072916627125831824
344227981068679171596188172306040362392910659274143250296318255207963375254
603543654948084915697703051645785075138722475992728609070666492065294578561
7712956346302582747173063546704858652503633572910934443816960091483798791641821606308212
1469246208235448311425237577831611116097720597831753158822452440316406592309653422
1612587567743554856544523706695536990628451041495046654187427635614724904213687174
1469246447946876782516946369379418057858068625756714089097414697687547405031213413
1469246178595259676944510080197248433022911658004297005379089760233300345358488141
1469246178266381023579952770930847737510292418727432027254891561286469762868045253
307182933511993732739522787006070215879362418027059841973020767369628949264
1612587567743504730244666282932502940834896306052389000631853150292526027429280766
1469246208194288353454810490410276979365088457479487383001353180125853892713941653
1469246178595209550644652656434214383229356922561639351823515274911101468574081733
1469246178266330897280095347167813687716737683284774373699317075964270886083638845
307182883385693875315759752956276661143919760373504267487698568492844542856
1485173265674511795160422097700738664917430902884083542661276377348067779128021750
1469246208194282783865937443325495418276915709096969865939622681756720684182340941
307182877816105002268674971395188488395537242856442536989329435284312942144
1612587567743498473052228662133550816649418280091782901216822590396339336362914534
7027359067161066554066951376014367053619115978545318288337602584032893290889775675129066
1469246447946820399024651324817431883879035864353450336126809652469161837180440773
1469246208194282096262372869611324855179610431518881283586322620229667201647575421
1469246178595203293452215035635262259043878896601033252408484715014914777507715501
1469246178229782567491595803117039264029857519626738832270486716185103019185001181
307182877128501437694960800832091183117959154274089236927802381801778176624
337152000722483616531880706196309197214739204193112656595128910682285396312
1469246208194338402399266899630466840810196349194610071042181408526259252713186940
307182933434638331724979942817721769035634883061545095716098973852843788143
307182883308338474301216908767928214300192225407989521230776774976059381735
307182877119906393137789373700052466801989428166809820677033293633246492055
64224333336956413884819722816546531828788290123326026463521545375922
2759316553126094918460470705717802038423210415244860866915688299755244423212634863
7712956346302849467717004333741950693624160964959010211931582374603216885882159867025804
2759316792508644736187622187999208284670939203892956819066452358179554653443751966
7712956346303088850266822060893432975030407212687798860027534525367275310192390098142907
1612587834135220143967003489470256822507879877986296298346348854762134659983961878
2759316552756106433425343732793101255971513771058387766525965325940060017910886614
