10
45822133222243334333433
31254565555576667666763
76512343333354445444543
55612343333354445444543
12387745555576667666763
44521212222243334333433
45442312222243334333433
12555444333365545444543
21222144422254434333433
25143444322254434333433
65421344322254434333433
97676512233365545444543
15363544325372545444543
35415344325372545444543
12622333222243334333433
35421322111132223222323
31621322111132223222323
65312344333354445444543
53623144333354445444543
33212121111132223222323
11212121111132223222323
33412121111132223222323
36531243333354445444543
56731243333354445444543
55612323333354445444543
12232333222254434333433
12433222111143323222323
23165655444476656555653
21543433222254434333433
33212244333365545444543
54312244333365545444543
23144355444476656555653
12333244333365545444543
12432122111143323222323
13232122111143323222323
12433233311143323222323
34253433311143323222323
32454333211143323222323
23152433214261434333433
42252433214261434333433
42224333214261434333433
34121322111132223222323
42112233222243334333433
12422133222243334333433
13234343333354445444543
53412121111132223222323
46521232222243334333433
22121232222243334333433
44521232222243334333433
56531243333354445444543
