7
1134120406867313938750709
679187965664708920325251
1617935999429484350890151
1486511274702415790611065
1197063964291610032853553
1146865120212011618794435
2066838193301491540748037
613343321022364249090049
678859540696627949329135
1065310814596460501578351
1196735539323529061857437
2602120715236684116070487
1616407977297254567083794
546234023517371891483897
1017137337612294372940616
1009314437330921244352574
1541306858152442284833793
677658667088848888714085
1616406700853624319278985
1064109940988681440963301
547763240937640360046165
679242703159389082157937
1065693977059221634407153
1522587911648087699847197
1544213131867800535339873
1467736393819386579611768
604146211733391547416787
622921172408687056028085
603705040293032050663258
1617552916758989515673350
1008931274868160111523772
1544204673887572659874110
1675629398614641220153196
616408700516719609332466
1522586634971826938055181
1130991246754764687315495
1148178899876601800390900
622480000968327559274556
1131155539031071470425554
1598777956083694007062052
1523678113382511972616860
1018505774979298418757766
1009372446308519608277301
568171149416939018503030600
345745754876769402610700801
348881004535601822049803453
567720550360731926296359448
213981516277489248550893830
346684502910534178041265701
783446471108911193229815802
