15
3025242329303793
2905337491413168
2533544074225668
2086403503299333
2765170257177678
2384070801067188
2087021159939958
2485989089487948
7539979163876457813
29487880527973835043
7546373189721602898
11544117814127852898
9729985982550006918
92669174029686586158
9498425865060274773
11131525612936446648
79874610775725927678
42186543276946630803
26801592080398081698
14073476333327769198
66332984336780615178
8499610753191552678
29049726565520849553
7506614587097049333
7542202154061335043
47411398886394314958
10197072798956256918
7542202771717975668
47878485702800564958
9258728748140129688
28115273751540659823
7506614628103299333
20203591830730252458
48258290790771770313
21108572537517361833
14043883821716189958
13605989931335330583
21079778579421519198
14978457040114878573
7538031736057707813
7508839427688957813
34274582174968533708
33837087252517222323
7506753601030503573
14043884439372830583
21079379611491971208
25341889051070737925448
185455655762302876178793
163188751436436176960043
134692720087493852769198
