7
4274656025683009319664
4493127250805870978402
4876289713567003807204
4438389756125709145716
6659181410431895959547
3539144213662671496445
1796629535990749232671
1816112147678416162914
6436868990262077538825
9146468067907435470782
1815937597249421095264
2997355190762913984069
3114786143701600128841
1833016476607810546776
4657822205784804433835
2973975824107528274226
2973511726232123796261
5643173417583866736022
3347470123935271855251
4712556215754817968359
3298504269850637290635
5643093625317569124021
2997354958132399996862
6026415672611297176825
2030578560959483390747
3101244488851890822164
2968962210041499726505
5100346397330698306012
3102520932482138626973
4274815610215604543666
3101244256221376834957
6495447679989196133495
4447353087373140893826
2996386052041643279707
5998969032820782877337
4451304937001250903942
1855675813050982113411
3302400792188499270342
4447341610934779451940
3301936926943608779584
3301936694313094792377
4712636008021115580360
1788741500522471017715
4274656258313523306871
1980149848659392606115
4826499572027807905787
3102521165112652614180
5834767947675482752422
1810990011477941176788
2937670110311272232907
