1 0 0
#
1 0 0
1 0
0
0
#
0
0
#
0
0 0

1 0

1 0

1 2
-1728 1

1 0

1 3
-1728 2

#
t=e{<1 -24><2 24>},x=(256*t+1)^3/t
####
2 0 0
#
1 0 0
0 1
2 0 0
1 0
0
0
#
2
4096 0 1

1 1 0

1
1 1
0
#
0
1 0

1 1

1 1
256 0

1 3
64 2

1 1
-512 0

1 4
64 3

#
x=e{<1 24><2 -24>}
####
3 0 0
#
1 0 0
0 1
3 0 0
1 0
0
0
#
3
729 0 1

1 1 0

1
1 1
0
#
0
1 0

1 1

1 1
243 0

1 3
27 2

1 2
-486 1
-19683 0

1 5
54 4
729 3

#
x=e{<1 12><3 -12>}
####
4 0 0
#
1 0 0
0 1
2 0 0
-16 1
4 0 0
1 0
0
0
#
4
256 0 1

1 1 0

-1 1 0
-16 0 1

1 0 1

1
1 1
0
#
1
1
2 2
1 2 0

1 1 1
16 0 2

#
x=e{<1 8><4 -8>}
####
5 0 0
#
1 0 0
0 1
5 0 0
1 0
0
0
#
5
125 0 1

1 1 0

1
1 1
0
#
0
1 0

1 1

1 2
250 1
3125 0

1 4
22 3
125 2

1 2
-500 1
-15625 0

1 5
22 4
125 3

#
x=e{<1 6><5 -6>}
####
6 0 0
#
1 0 0
0 1
2 0 0
-9 1
3 0 0
-8 1
6 0 0
1 0
0
0
#
2
-8 1 0
-72 0 1

1 1 0
8 0 1

3
-9 1 0
-72 0 1

1 1 0
9 0 1

6
72 0 1

1 1 0

1
1 1
0
#
1
2
2 2
1 3 0
9 2 1

1 2 1
16 1 2
64 0 3

3 2
1 4 0
8 3 1

1 3 1
27 2 2
243 1 3
729 0 4

#
x=e{<1 5><2 -1><3 1><6 -5>}
####
7 0 0
#
1 0 0
0 1
7 0 0
1 0
0
0
#
7
49 0 1

1 1 0

1
1 1
0
#
0
1 0

1 1

1 2
245 1
2401 0

1 4
13 3
49 2

1 4
-490 3
-21609 2
-235298 1
-823543 0

1 7
26 6
267 5
1274 4
2401 3

#
x=e{<1 4><7 -4>}
####
8 0 0
#
1 0 0
0 1
2 0 0
-8 1
4 0 0
-4 1
8 0 0
1 0
0
0
#
8
32 0 1

1 1 0

-1 1 0
-8 0 1

1 0 1

1
1 1
0
#
1
1
2 2
1 2 0

1 1 1
4 0 2

#
x=e{<1 4><2 -2><4 2><8 -4>}
####
9 0 0
#
1 0 0
0 1
3 1 0
1
1 2 0
9 1 1
27 0 2

9 0 0
1 0
0
0
#
9
27 0 1

1 1 0

-1 -1 1 0
-6 -3 0 1

1 0 0 1

2
1 1
1 3
0
#
1
1
3 2
1 3 0

1 2 1
9 1 2
27 0 3

#
x=e{<1 3><9 -3>}
####
10 0 0
#
1 0 0
0 1
2 0 0
-5 1
5 0 0
-4 1
10 0 0
1 0
0
0
#
2
-4 1 0
-20 0 1

1 1 0
4 0 1

5
-5 1 0
-20 0 1

1 1 0
5 0 1

10
20 0 1

1 1 0

1
1 1
0
#
1
2
2 2
1 3 0
5 2 1

1 2 1
8 1 2
16 0 3

5 2
1 6 0
4 5 1

1 5 1
25 4 2
250 3 3
1250 2 4
3125 1 5
3125 0 6

#
x=e{<1 3><2 -1><5 1><10 -3>}
####
11 1 1
0 -1 1 -10 -20
#
1 0 0
16 60 1
11 0 0
0 1 0
0
3
5 -6 1
5 5 1
16 -61 1
#
11
1617 2 0 0
-649 1 1 0
-16 0 2 0
8349 1 0 1
2063 0 1 1
9324 0 0 2

-5885 2 0 0
-2706 1 1 0
-60 0 2 0
-13794 1 0 1
-5362 0 1 1
-12709 0 0 2

396 2 0 0
-33 1 1 0
-1 0 2 0
-1134 0 1 1
1944 0 0 2

1
2 1
0
#
0
17 1 0
5 0 1
33 0 0

1 1 0
-16 0 0

236 2 0
1 1 1
979 1 0
1436 0 1
-2149 0 0

-6 1 0
1 0 1
36 0 0

512 3 0
-1 2 1
27701 2 0
13089 1 1
-151752 1 0
9116 0 1
-370445 0 0

-1 2 0
-34 1 0
11 0 1
140 0 0

#
F=e{<1 2><11 2>},G=th0{1 1 3}^2,t=G/F,s=-D(t)/F,x=(t^2-10*t+10+s)/2,y=(t^3-15*t^2+28*t-12+s*(t-5))/2
####
12 0 0
#
1 0 0
0 1
2 0 0
-6 1
3 0 0
-4 1
4 0 0
-3 1
6 0 0
-2 1
12 0 0
1 0
0
0
#
3
-3 1 0
-12 0 1

1 1 0
3 0 1

4
-4 1 0
-12 0 1

1 1 0
4 0 1

12
12 0 1

1 1 0

-1 1 0
-6 0 1

1 0 1

0
0
#
1
2
2 2
1 2 0

1 1 1
2 0 2

3 2
1 4 0
4 3 1

1 3 1
9 2 2
27 1 3
27 0 4

#
x=e{<1 3><2 -2><3 -1><4 1><6 2><12 -3>}
####
13 0 0
#
1 0 0
0 1
13 0 0
1 0
0
0
#
13
13 0 1

1 1 0

1
1 1
0
#
0
1 0

1 1

1 4
247 3
3380 2
15379 1
28561 0

1 6
11 5
56 4
143 3
169 2

1 6
-494 5
-20618 4
-237276 3
-1313806 2
-3712930 1
-4826809 0

1 9
16 8
124 7
566 6
1612 5
2704 4
2197 3

#
x=e{<1 2><13 -2>}
####
14 1 1
1 0 1 4 -6
#
1 0 0
9 23 1
2 0 0
2 -5 1
7 0 0
1 -1 1
14 0 0
0 1 0
0
2
2 2 1
9 -33 1
#
2
1 2 0 0
6 1 0 1
-7 0 0 2

-1 2 0 0
-6 1 0 1
-8 0 1 1
-1 0 0 2

1 2 0 0
-2 1 0 1
1 0 0 2

7
-1 1 0 0
2 0 1 0
12 0 0 1

6 1 0 0
-5 0 1 0
12 0 0 1

3 1 0 0
1 0 1 0
-1 0 0 1

14
9 2 0 0
-42 1 0 1
-16 0 1 1
17 0 0 2

23 2 0 0
42 1 0 1
40 0 1 1
-25 0 0 2

1 2 0 0
14 1 0 1
-8 0 1 1
-23 0 0 2

1
2 1
0
#
1
2
2 2
-4 1 0 0
1 0 1 0
13 0 0 1

1 1 0 0
-1 0 0 1

7 2
-19 4 0 0
1 3 1 0
-579 3 0 1
157 2 1 1
-421 2 0 2
1411 1 1 2
287 1 0 3
-1057 0 1 3
1244 0 0 4

9 3 0 1
6 2 1 1
1 1 2 1
-24 2 0 2
-14 1 1 2
-2 0 2 2
13 1 0 3
4 0 1 3
-2 0 0 4

#
F=e{<1 1><2 1><7 1><14 1>},t=e{<1 -4><2 4><7 4><14 -4>},s=-D(t)/F,x=(t^2-7*t+3+s)/2,y=(t^3-11*t^2+13*t-6+s*(t-4))/2
####
15 1 1
1 1 1 -10 -10
#
1 0 0
8 18 1
3 0 0
-2 3 1
5 0 0
-1 0 1
15 0 0
0 1 0
0
4
-26 9 8
-2 -2 1
3 -2 1
8 -27 1
#
3
-1 2 0 0
-11 1 0 1
-10 0 0 2

9 1 0 1
9 0 1 1
9 0 0 2

1 2 0 0
2 1 0 1
1 0 0 2

5
1 2 0 0
1 1 1 0
-2 0 2 0
-21 1 0 1
-8 0 1 1
2 0 0 2

-24 2 0 0
1 1 1 0
3 0 2 0
24 1 0 1
7 0 1 1
102 0 0 2

2 2 0 0
2 1 1 0
1 0 2 0
3 1 0 1
-1 0 1 1
4 0 0 2

15
-13 2 0 0
-8 1 1 0
127 1 0 1
64 0 1 1
-184 0 0 2

-108 2 0 0
-18 1 1 0
27 1 0 1
-81 0 1 1
621 0 0 2

4 2 0 0
-1 1 1 0
-46 1 0 1
8 0 1 1
112 0 0 2

1
2 1
0
#
1
2
3 2
-6 2 0 0
1 1 1 0
6 1 0 1
10 0 1 1
12 0 0 2

1 2 0 0
2 1 0 1
1 0 0 2

5 2
-11 4 0 0
1 3 1 0
-18 3 0 1
44 2 1 1
327 2 0 2
-176 1 1 2
-308 1 0 3
105 0 1 3
-642 0 0 4

1 3 0 1
2 2 1 1
1 1 2 1
2 1 1 2
2 0 2 2
-3 1 0 3
-4 0 1 3
2 0 0 4

#
F=e{<1 1><3 1><5 1><15 1>},t=e{<1 -3><3 3><5 3><15 -3>},s=-D(t)/F,x=(t^2-5*t-3+s)/2,y=(t^3-8*t^2-4*t+3+s*(t-3))/2
####
16 0 0
#
1 0 0
0 1
2 0 0
-4 1
4 1 0
1
1 2 0
4 1 1
8 0 2

8 0 0
-2 1
16 0 0
1 0
0
0
#
16
8 0 1

1 1 0

-1 1 0
-4 0 1

1 0 1

0 -1 1 0
-2 -2 0 1

1 0 0 1

2
1 1
1 4
0
#
1
1
2 2
1 2 0

1 1 1
2 0 2

#
x=e{<1 2><2 -1><8 1><16 -2>}
####
17 1 1
1 -1 1 -1 -14
#
1 0 0
7 13 1
17 0 0
0 1 0
0
2
22 -15 8
7 -21 1
#
17
-27 2 0 0
-56 1 1 0
489 1 0 1
238 0 1 1
-98 0 0 2

-497 2 0 0
-104 1 1 0
-294 1 0 1
-323 0 1 1
770 0 0 2

35 2 0 0
-8 1 1 0
-190 1 0 1
343 0 0 2

1
2 1
0
#
0
5 1 0
2 0 1
7 0 0

1 1 0
-7 0 0

2 4 0
4063 3 0
477 2 1
9854 2 0
7704 1 1
-6196 1 0
6220 0 1
-83944 0 0

-14 2 0
-3 1 1
-3 1 0
2 0 2
37 0 1
161 0 0

4 6 0
-58491 5 0
-2036 4 1
-99360 4 0
-213997 3 1
3699367 3 0
1644105 2 1
2237328 2 0
1316446 1 1
-18443752 1 0
-11486860 0 1
-28254688 0 0

98 3 0
-7 2 1
-301 2 0
-20 1 2
-334 1 1
-1196 1 0
4 0 3
120 0 2
1173 0 1
3703 0 0

#
F=q*th1{1 2 18}*th1{3 2 6},t=((E{17}/F)-1)/2,s=-D(t)/F,x=(t^2-3*t-4+s)/2,y=(t^3-5*t^2-12*t-6+s*(t-2))/2
####
18 0 0
#
1 0 0
0 1
2 0 0
-3 1
3 1 0
1
1 2 0
6 1 1
12 0 2

6 1 0
1
1 2 0
3 1 1
3 0 2

9 0 0
-2 1
18 0 0
1 0
0
0
#
2
-2 1 0
-6 0 1

1 1 0
2 0 1

9
-3 1 0
-6 0 1

1 1 0
3 0 1

18
6 0 1

1 1 0

-1 -1 1 0
-4 -2 0 1

1 0 0 1

2
1 1
1 3
0
#
1
2
2 2
1 3 0
3 2 1

1 2 1
4 1 2
4 0 3

3 2
1 3 0

1 2 1
3 1 2
3 0 3

#
x=e{<1 2><2 -1><3 -1><6 1><9 1><18 -2>}
####
19 1 1
0 1 1 -9 -15
#
1 0 0
5 9 1
19 0 0
0 1 0
0
1
5 -10 1
#
19
1 1 0 0
-5 0 1 0
40 0 0 1

-40 1 0 0
-9 0 1 0
-80 0 0 1

4 1 0 0
-1 0 1 0
-11 0 0 1

1
1 1
0
#
0
4 1 0
3 0 1
10 0 0

1 1 0
-5 0 0

1 4 0
1912 3 0
239 2 1
-3108 2 0
2645 1 1
-27814 1 0
-19200 0 1
-22855 0 0

-12 2 0
-1 1 1
53 1 0
1 0 2
6 0 1
-55 0 0

1 6 0
-17649 5 0
-502 4 1
-636036 4 0
-151726 3 1
-1664653 3 0
-1350143 2 1
4888236 2 0
370890 1 1
13325566 1 0
4132744 0 1
1449085 0 0

-36 3 0
-15 2 1
219 2 0
2 1 2
76 1 1
-430 1 0
1 0 3
1 0 2
-85 0 1
275 0 0

#
G=th0{1 1 5}^2,F=(3*G-E{19})/8,t=G/F,s=-D(t)/F,x=(t^2-8*t+10+s)/2,y=(t^3-12*t^2+32*t-20+s*(t-4))/2
####
20 1 1
0 1 0 4 4
#
1 0 0
4 10 1
2 0 0
4 -10 1
4 0 0
-1 0 1
5 0 0
0 -2 1
10 0 0
0 2 1
20 0 0
0 1 0
0
0
#
4
-4 1 0 0

2 1 0 0
-2 0 1 0
12 0 0 1

1 1 0 0
1 0 1 0
2 0 0 1

5
-1 2 0 0
3 1 0 1
4 0 0 2

-5 0 1 1

1 2 0 0
2 1 0 1
1 0 0 2

20
4 2 0 0
-12 1 0 1
-16 0 0 2

10 2 0 0
30 1 0 1
10 0 1 1
20 0 0 2

1 2 0 0
7 1 0 1
-5 0 1 1
6 0 0 2

1 1 0 0

-1 0 1 0

1 0 0 1

1
2 1
0
#
1
2
2 2
-3 1 0 0
1 0 1 0
2 0 0 1

1 1 0 0

5 2
-8 3 0 0
1 2 1 0
-24 2 0 1
22 1 1 1
-24 1 0 2
-4 0 1 2
-8 0 0 3

1 3 0 0
3 2 0 1
3 1 0 2
1 0 0 3

#
F=(th0{1 0 5}^2-th0{2 2 3}^2)/4,t=e{<1 -2><4 2><5 2><20 -2>}-2,s=-D(t)/F,x=(t^2-5+s)/2,y=(t^3-13*t-20+s*t)/2
####
21 1 1
1 0 0 -4 -1
#
1 0 0
5 8 1
3 0 0
-2 1 1
7 0 0
-1 -1 1
21 0 0
0 1 0
0
4
-1 2 1
-2 1 8
2 -1 1
5 -13 1
#
3
2 2 0 0
-2 1 1 0
-1 0 2 0
-7 1 0 1
3 0 1 1
-3 0 0 2

8 2 0 0
1 1 1 0
-1 0 2 0
-10 1 0 1
-9 0 1 1

1 2 0 0
-1 1 1 0
1 0 2 0
1 1 0 1

7
-2 2 0 0
-1 1 0 1
6 0 0 2

1 2 0 0
-3 1 0 1
-7 0 1 1
-3 0 0 2

1 2 0 0
4 1 0 1
4 0 0 2

21
-17 2 0 0
-35 1 1 0
219 1 0 1
105 0 1 1
-110 0 0 2

-233 2 0 0
-56 1 1 0
-99 1 0 1
-126 0 1 1
307 0 0 2

26 2 0 0
-7 1 1 0
-99 1 0 1
125 0 0 2

1
2 1
0
#
1
2
3 2
-5 3 0 0
1 2 1 0
10 2 0 1
7 1 1 1
13 1 0 2
-18 0 1 2
-26 0 0 3

1 0 2 1
2 0 1 2
1 0 0 3

7 2
-12 4 0 0
1 3 1 0
-118 3 0 1
62 2 1 1
161 2 0 2
138 1 1 2
402 1 0 3
-307 0 1 3
-249 0 0 4

1 4 0 0
8 3 0 1
24 2 0 2
32 1 0 3
16 0 0 4

#
F=q*th1{1 2 22}*th1{3 6 10},t=e{<1 -2><3 2><7 2><21 -2>},s=-D(t)/F,x=(t^2-3*t-3+s)/2,y=(t^3-5*t^2-7*t+s*(t-2))/2
####
22 2 2
0 0 0 -1
-8 12 -10 5 -1
#
1 0 0
2 8 1
2 0 0
1 0 0
11 0 0
2 0 1
22 0 0
1 1 0
0
0
#
2
2 1 0 0

8 3 0 0
-8 0 1 0

1 1 0 0
-2 0 0 1

11
1 1 0 0

1 3 0 0
-1 0 1 0

1 0 0 1

22
2 1 0 0

8 0 1 0

1 1 0 0
-2 0 0 1

0
0
#
1
2
2 3
15 6 0 3
1 5 1 1
-56 5 0 4
-10 4 1 2
28 4 0 5
24 3 1 3
128 3 0 6
-16 2 1 4
-304 2 0 7
16 1 1 5
384 1 0 8
-32 0 1 6
-192 0 0 9

-1 7 0 2
1 6 1 0
74 6 0 3
-9 5 1 1
-80 5 0 4
30 4 1 2
224 4 0 5
-104 3 1 3
-208 3 0 6
32 2 1 4
32 2 0 7
-80 1 1 5
128 1 0 8
96 0 1 6
-256 0 0 9

1 6 0 3
-12 5 0 4
60 4 0 5
-160 3 0 6
240 2 0 7
-192 1 0 8
64 0 0 9

11 2
1 11 0 0
-10 9 0 2
-1 8 1 0
17 8 0 3
2 7 0 4
9 6 1 2
-75 6 0 5
-12 5 1 3
164 5 0 6
-4 4 1 4
-148 4 0 7
40 3 1 5
-64 2 1 6
176 2 0 9
32 1 1 7
-192 1 0 10
64 0 0 11

1 0 0 11

#
G=e{<1 2><11 2>},F=G[2],t=G/F,s=-D(t)/F,x=t+2,y=(s+x^3)/2
####
23 2 2
-1 -1 0 -1
-2 2 -3 0 0 -2
#
1 0 0
1 0 0
23 0 0
1 1 0
0
0
#
23
1 1 0 0

1 3 0 0
1 1 0 2
-1 0 1 0
1 0 0 3

1 0 0 1

0
0
#
0
11 2 0
-10 1 0
3 0 0

1 0 0

529 4 0
-1060 3 0
574 2 0
-528 1 1
84 1 0
240 0 1
-255 0 0

1 0 0

-12167 6 0
48666 5 0
-35493 4 0
12168 3 1
10936 3 0
-24840 2 1
27027 2 0
7704 1 1
-20322 1 0
-1080 0 1
8289 0 0

1 0 0

#
F=e{<1 2><23 2>},G=(th0{1 1 6}^2-th0{2 1 3}^2)/4,x=G/F,s=-D(x)/F,y=(s+x^3+x+1)/2
####
24 1 1
0 -1 0 -4 4
#
1 0 0
4 6 1
2 0 0
4 -6 1
3 0 0
0 2 1
4 0 0
-2 0 1
6 0 0
0 -2 1
8 0 0
1 0 1
12 0 0
2 0 1
24 0 0
0 1 0
0
0
#
3
1 2 0 0
-5 1 0 1
4 0 0 2

3 0 1 1

1 2 0 0
-2 1 0 1
1 0 0 2

8
4 1 0 1
4 0 1 1
-8 0 0 2

2 2 0 0
-8 1 0 1

1 2 0 0
2 1 0 1
2 0 1 1
-4 0 0 2

24
36 2 0 0
-24 1 1 0
4 0 2 0
36 1 0 1
-36 0 1 1
-72 0 0 2

-30 2 0 0
-18 1 1 0
6 0 2 0
-36 1 0 1
-24 0 0 2

27 2 0 0
-9 1 1 0
1 0 2 0
-30 0 1 1
-72 0 0 2

1 1 0 0

-1 0 1 0

1 0 0 1

1
2 1
0
#
1
2
2 2
-3 1 0 0
1 0 1 0
6 0 0 1

1 1 0 0
-2 0 0 1

3 2
-4 2 0 0
1 1 1 0
8 1 0 1
2 0 1 1
-4 0 0 2

1 2 0 0
-2 1 0 1
1 0 0 2

#
F=e{<2 1><4 1><6 1><12 1>},x=e{<2 3><4 -2><6 -1><8 1><12 2><24 -3>}+4,y=-D(x)/(2*F)
####
25 0 0
#
1 0 0
0 1
5 1 0
1
1 4 0
5 3 1
15 2 2
25 1 3
25 0 4

25 0 0
1 0
0
0
#
25
5 0 1

1 1 0

1
1 1
0
#
1
1
5 2
1 5 0

1 4 1
5 3 2
15 2 3
25 1 4
25 0 5

#
x=e{<1 1><25 -1>}
####
26 2 2
-1 0 0 -1
0 -2 2 -5 2 -2
#
1 0 0
1 0 0
2 0 0
0 0 1
13 0 0
0 1 1
26 0 0
1 1 0
0
0
#
2
1 0 0 1

1 0 1 0

1 1 0 0

13
1 0 0 1

1 3 0 0
-1 0 1 0
1 0 0 3

1 1 0 0

26
1 1 0 0

1 3 0 0
-1 0 1 0
1 0 0 3

1 0 0 1

0
0
#
1
2
2 2
-2 2 0 1
-2 1 0 2
1 0 1 0

1 2 0 1

13 2
-2 13 0 1
42 12 0 2
1 11 1 0
-347 11 0 3
-22 10 1 1
1486 10 0 4
189 9 1 2
-3819 9 0 5
-815 8 1 3
6797 8 0 6
1938 7 1 4
-9022 7 0 7
-2795 6 1 5
8777 6 0 8
2795 5 1 6
-6425 5 0 9
-1938 4 1 7
3402 4 0 10
815 3 1 8
-1161 3 0 11
-189 2 1 9
231 2 0 12
22 1 1 10
-24 1 0 13
-1 0 1 11
1 0 0 14

1 13 0 1

#
t13=e{<1 2><13 -2>},x=e{<1 -2><2 2><13 2><26 -2>},s=x^3-4*x^2-4*x+1-26*(x/t13),y=(s+x^3+1)/2
####
27 1 1
0 0 1 0 -7
#
1 0 0
3 4 1
3 1 0
2
1 2 0 0
3 1 0 1
9 0 0 2

1 0 1 0
-4 0 0 1

9 1 0
2
1 1 0 0

1 0 2 0
1 0 1 1
7 0 0 2

27 0 0
0 1 0
0
1
3 -5 1
#
27
-3 0 1 0
12 0 0 1

-15 1 0 0
-4 0 1 0
-20 0 0 1

3 1 0 0
-1 0 1 0
-5 0 0 1

0 1 1 0 0

1 0 0 1 0

1 0 0 0 1

2
1 1
1 3
0
#
1
1
3 2
-3 1 0 0
1 0 1 0
5 0 0 1

1 1 0 0

#
t9=e{<1 3><9 -3>},y=t9[3]+4,x=(y+5)/(t9+3)
####
28 2 2
0 -3 3 -2
1 -3 4 -3 1
#
1 0 0
1 2 1
2 0 0
0 -1 1
4 0 0
1 0 0
7 0 0
1 0 1
14 0 0
0 1 1
28 0 0
1 2 0
0
0
#
4
1 1 0 0

2 3 0 0
-3 2 0 1
3 1 0 2
-1 0 1 0

1 1 0 0
-1 0 0 1

7
1 1 0 0

2 3 0 0
-3 2 0 1
3 1 0 2
-1 0 1 0

1 0 0 1

28
1 1 0 0

1 0 1 0

1 1 0 0
-1 0 0 1

-1 1 0 0
1 0 0 1

-1 0 1 0
1 0 0 3

1 0 0 1

0
0
#
1
2
2 3
3 3 0 3
2 2 1 1
-4 2 0 4
2 1 1 2
2 1 0 5

2 4 0 2
4 3 1 0
-7 3 0 3
2 2 1 1
10 2 0 4
2 1 1 2
-10 1 0 5
4 0 1 3
4 0 0 6

1 3 0 3

7 2
128 7 0 0
-448 6 0 1
864 5 0 2
-64 4 1 0
-1008 4 0 3
128 3 1 1
736 3 0 4
-128 2 1 2
-320 2 0 5
64 1 1 3
64 1 0 6
-16 0 0 7

1 0 0 7

#
F=e{<2 1><4 1><14 1><28 1>},t=e{<1 1><4 -1><7 1><28 -1>}/2,s=-D(t)/(2*F),x=t+1,y=(s+2*t^3+3*t^2+3*t+2)/2
####
29 2 2
-1 0 0 -1
-2 2 2 0 -3 -1
#
1 0 0
1 0 0
29 0 0
1 1 0
0
0
#
29
1 1 0 0

1 3 0 0
-1 0 1 0
1 0 0 3

1 0 0 1

0
0
#
0
7 2 0
-1 1 0
-3 0 0

1 0 0

841 5 0
-1 4 0
-1927 3 0
-840 2 1
-251 2 0
-600 1 1
927 1 0
120 0 1
345 0 0

1 1 0
1 0 0

-24389 7 0
24388 6 0
122445 5 0
24390 4 1
19145 4 0
-504 3 1
-62371 3 0
-41526 2 1
-26739 2 0
-11412 1 1
18558 1 0
4482 0 1
7209 0 0

1 1 0
1 0 0

#
t1=th1{1 2 30},t2=th1{3 2 10},t3=th1{5 2 6},F=q*t2*t3,x=t1/t3,s=-D(x)/F,y=(s+x^3+1)/2
####
30 2 3
0 0 -1 -1 -1
4 28 79 121 110 60 19 3
#
1 0 0
0 2 1
2 0 0
1 0 0
3 0 0
-2 4 1
5 0 0
-2 8 1
6 0 0
-1 1 1
10 0 0
-1 0 1
15 0 0
0 -2 1
30 0 0
1 1 0
0
0
#
2
2 0 0 1

2 4 0 0
2 3 0 1
4 2 0 2
4 1 0 3
-4 0 1 0
8 0 0 4

1 1 0 0

3
-1 1 0 0
-2 0 0 1

1 4 0 0
4 3 0 1
10 2 0 2
12 1 0 3
-1 0 1 0
6 0 0 4

1 1 0 0
1 0 0 1

5
-1 1 0 0
-2 0 0 1

3 3 0 1
9 2 0 2
12 1 0 3
1 0 1 0
6 0 0 4

1 1 0 0
1 0 0 1

6
-2 1 0 0
-2 0 0 1

4 4 0 0
22 3 0 1
36 2 0 2
28 1 0 3
4 0 1 0
8 0 0 4

1 1 0 0
2 0 0 1

10
-2 1 0 0
-2 0 0 1

8 4 0 0
26 3 0 1
40 2 0 2
28 1 0 3
-4 0 1 0
8 0 0 4

1 1 0 0
2 0 0 1

15
1 1 0 0

1 4 0 0
1 3 0 1
1 2 0 2
-1 0 1 0

1 0 0 1

30
2 0 0 1

-2 4 0 0
-2 3 0 1
4 1 0 3
4 0 1 0
8 0 0 4

1 1 0 0

0
0
#
1
3
2 3
3 7 0 2
9 6 0 3
27 5 0 4
1 4 1 1
44 4 0 5
-2 3 1 2
32 3 0 6
-4 2 1 3
8 2 0 7

3 8 0 1
7 7 0 2
26 6 0 3
1 5 1 0
118 5 0 4
340 4 0 5
532 3 0 6
-20 2 1 3
448 2 0 7
-40 1 1 4
192 1 0 8
-16 0 1 5
32 0 0 9

1 6 0 3

3 2
-2 3 0 1
-8 2 0 2
-7 1 0 3
1 0 1 0
-2 0 0 4

1 3 0 1
3 2 0 2
3 1 0 3
1 0 0 4

5 2
-6 5 0 1
-26 4 0 2
-48 3 0 3
1 2 1 0
-46 2 0 4
4 1 1 1
-22 1 0 5
2 0 1 2
-4 0 0 6

1 5 0 1
5 4 0 2
10 3 0 3
10 2 0 4
5 1 0 5
1 0 0 6

#
F=e{<1 -1><2 3><3 1><5 1><6 -1><10 -1><15 -1><30 3>},x=e{<1 2><2 -2><3 -1><5 -1><6 1><10 1><15 2><30 -2>},s=-D(x)/F,y=(s+x^4+x^3+x^2)/2
####
31 2 2
-1 -1 0 -1
-1 -4 -3 4 1 -2
#
1 0 0
1 0 0
31 0 0
1 1 0
0
0
#
31
1 1 0 0

1 3 0 0
1 1 0 2
-1 0 1 0
1 0 0 3

1 0 0 1

0
0
#
0
5 2 0
-6 1 0
-3 0 0

1 0 0

961 5 0
-3846 4 0
4326 3 0
-960 2 1
720 2 0
2160 1 1
-3143 1 0
-720 0 1
-330 0 0

1 1 0
-2 0 0

-29791 8 0
238326 7 0
-654385 6 0
29792 5 1
626552 5 0
-179256 4 1
233327 4 0
342888 3 1
-727206 3 0
-182616 2 1
177941 2 0
-70504 1 1
171848 1 0
40656 0 1
-2508 0 0

1 2 0
-4 1 0
4 0 0

#
t1=th0{1 1 8}^2,t2=th0{2 1 4}^2,F=(t1+4*t2-E{31})/8,x=(t1-t2)/(4*F),s=-D(x)/F,y=(s+x^3+x+1)/2
####
32 1 1
0 0 0 4 0
#
1 0 0
2 4 1
2 0 0
2 -4 1
4 1 0
2
1 1 0 0
2 0 0 1

1 0 2 0
16 0 0 2

8 1 0
2
1 2 0 0
4 0 0 2

1 0 1 0

16 0 0
0 0 1
32 0 0
0 1 0
0
0
#
32
8 2 0 0
8 1 1 0
2 0 2 0
-32 1 0 1
-16 0 1 1

32 2 0 0
16 1 1 0
4 0 2 0
32 1 0 1
32 0 1 1

-4 2 0 0
1 0 2 0
16 1 0 1
-8 0 1 1

1 1 0 0

-1 0 1 0

1 0 0 1

-1 0 1 0 0

0 1 0 1 0

1 0 0 0 1

2
2 1
2 4
0
#
1
1
2 2
1 2 0 0
-4 1 0 1
4 0 0 2

2 1 0 1
1 0 1 1

#
F=e{<4 2><8 2>},x=e{<2 2><4 -1><16 1><32 -2>}+2,y=-D(x)/(2*F)
####
33 2 3
-1 0 -1 0 -1
8 -11 20 -10 11 -2 2
#
1 0 0
1 6 1
3 0 0
1 0 0
11 0 0
1 -3 1
33 0 0
1 1 0
0
0
#
3
1 1 0 0
2 0 0 1

6 4 0 0
3 3 0 1
18 2 0 2
12 1 0 3
-9 0 1 0
15 0 0 4

1 1 0 0
-1 0 0 1

11
1 1 0 0

1 4 0 0
1 2 0 2
-1 0 1 0
1 0 0 4

1 0 0 1

33
1 1 0 0
2 0 0 1

-3 4 0 0
3 3 0 1
9 2 0 2
12 1 0 3
9 0 1 0
6 0 0 4

1 1 0 0
-1 0 0 1

0
0
#
1
2
3 3
18 9 0 3
-39 8 0 4
1 7 1 1
117 7 0 5
-7 6 1 2
-294 6 0 6
3 5 1 3
546 5 0 7
1 4 1 4
-900 4 0 8
-10 3 1 5
1083 3 0 9
78 2 1 6
-912 2 0 10
-110 1 1 7
540 1 0 11
44 0 1 8
-159 0 0 12

2 10 0 2
46 9 0 3
1 8 1 0
231 8 0 4
-6 7 1 1
375 7 0 5
14 6 1 2
1365 6 0 6
-77 5 1 3
960 5 0 7
-171 4 1 4
3366 4 0 8
-292 3 1 5
633 3 0 9
-842 2 1 6
4641 2 0 10
-66 1 1 7
-989 1 0 11
-748 0 1 8
2492 0 0 12

1 9 0 3
-9 8 0 4
36 7 0 5
-84 6 0 6
126 5 0 7
-126 4 0 8
84 3 0 9
-36 2 0 10
9 1 0 11
-1 0 0 12

11 2
1 11 0 0
9 9 0 2
-9 8 0 3
-1 7 1 0
38 7 0 4
-51 6 0 5
-6 5 1 2
93 5 0 6
7 4 1 3
-121 4 0 7
-14 3 1 4
123 3 0 8
18 2 1 5
-112 2 0 9
-12 1 1 6
56 1 0 10
8 0 1 7
-27 0 0 11

1 0 0 11

#
F=e{<3 2><33 2>},x=e{<1 1><3 -1><11 1><33 -1>}+1,s=-D(x)/F,y=(s+x^4+x^2+1)/2
####
34 3 1
1 4 0 0
-1 0 4 0
1 3 0 1
3 1 2 1
-2 2 0 2
1 1 0 3
1 0 0 4

#
1 0 0
0 1 1
2 0 0
-1 1 0
17 0 0
0 -1 1
34 0 0
1 1 0
0
0
#
2
1 0 0 1

-1 0 1 0

1 1 0 0

17
1 1 0 0

-1 0 1 0

1 0 0 1

34
1 0 0 1

1 0 1 0

1 1 0 0

1
1 1
0
#
1
2
2 3
4 3 0 0
18 2 1 0
-4 1 2 0
-18 0 3 0
6 2 0 1
36 1 1 1
2 0 2 1
-28 1 0 2
-10 0 1 2
-30 0 0 3

5 3 0 0
-37 2 1 0
-5 1 2 0
37 0 3 0
33 2 0 1
-108 1 1 1
-57 0 2 1
33 1 0 2
-21 0 1 2
-63 0 0 3

3 3 0 0
5 2 1 0
-3 1 2 0
-5 0 3 0
13 2 0 1
10 1 1 1
-7 0 2 1
13 1 0 2
1 0 1 2
3 0 0 3

17 2
-17600 3 2 0
17920 2 3 0
-19520 1 4 0
18944 0 5 0
-19968 3 1 1
25920 2 2 1
-35328 1 3 1
-4416 0 4 1
-10880 3 0 2
-2560 2 1 2
6848 1 2 2
4096 0 3 2
31552 2 0 3
-44544 1 1 3
7680 0 2 3
10880 1 0 4
-23040 0 1 4
-3264 0 0 5

254 5 0 0
64 4 1 0
120 3 2 0
-64 2 3 0
-374 1 4 0
170 4 0 1
400 3 1 1
1022 2 2 1
-336 1 3 1
-422 3 0 2
632 2 1 2
-510 1 2 2
-280 0 3 2
745 2 0 3
16 1 1 3
-275 0 2 3
-296 0 1 4
-305 0 0 5

#
F17=q*th1{1 2 18}*th1{3 2 6},F34=f{1 0 0 -3 1},[F17 F34 2*F17[2]]
####
35 2 3
-1 0 -1 0 -1
0 1 -2 1 -3 -1 -2 -1
#
1 0 0
1 0 0
5 0 0
0 0 1
7 0 0
0 1 1
35 0 0
1 1 0
0
0
#
5
-1 0 0 1

1 0 1 0

1 1 0 0

7
-1 0 0 1

1 4 0 0
1 2 0 2
-1 0 1 0
1 0 0 4

1 1 0 0

35
1 1 0 0

1 4 0 0
1 2 0 2
-1 0 1 0
1 0 0 4

1 0 0 1

0
0
#
1
2
5 2
-1 5 0 1
4 3 0 3
1 2 1 0
-3 1 1 1
-1 1 0 5
-1 0 1 2

1 5 0 1

7 2
-1 7 0 1
2 6 0 2
7 5 0 3
1 4 1 0
-2 4 0 4
-5 3 1 1
7 3 0 5
2 2 1 2
-5 2 0 6
5 1 1 3
-6 1 0 7
1 0 1 4
-1 0 0 8

1 7 0 1

#
F=e{<1 2><35 2>},x=e{<1 -1><5 1><7 1><35 -1>},s=-D(x)/F,y=(s+x^4+x^2+1)/2
####
36 1 1
0 0 0 0 1
#
1 0 0
2 3 1
2 0 0
2 -3 1
3 1 0
2
1 2 0 0
2 1 0 1
4 0 0 2

1 0 1 0
-3 0 0 1

4 0 0
-1 0 1
6 1 0
2
1 2 0 0
2 1 0 1
4 0 0 2

1 0 1 0
3 0 0 1

9 0 0
0 -1 1
12 1 0
2
1 2 0 0
-1 1 0 1
1 0 0 2

1 0 1 0

18 0 0
0 1 1
36 0 0
0 1 0
0
0
#
4
-2 1 1 1
2 1 0 2

-1 3 0 0
4 0 1 2
-4 0 0 3

1 3 0 0

9
-1 2 0 0
1 1 0 1
2 0 0 2

-3 0 1 1

1 2 0 0
2 1 0 1
1 0 0 2

36
2 3 0 0
6 1 1 1
-6 1 0 2
-12 0 1 2
-4 0 0 3

3 3 0 0
18 2 0 1
12 1 1 1
12 0 1 2
12 0 0 3

1 3 0 0
-6 2 0 1
12 1 0 2
-8 0 0 3

1 1 0 0

-1 0 1 0

1 0 0 1

0 1 1 0 0

1 0 0 1 0

1 0 0 0 1

2
2 1
2 3
1
1
#
1
2
2 2
-2 1 0 0
1 0 1 0
1 0 0 1

1 1 0 0

3 2
1 2 0 0
2 1 0 1
-3 0 1 1
1 0 0 2

1 0 1 1

#
F=e{<6 4>},x=e{<2 2><4 -1><6 -1><12 1><18 1><36 -2>}+2,y=-D(x)/(2*F)
####
37 2 2
0 0 0 -1
-1 3 -6 7 -5 2
#
1 0 0
1 1 1
37 0 0
1 1 0
0
2
1 0 0
1 0 1
#
37
1 1 0 0

1 0 1 0

1 1 0 0
-1 0 0 1

1 1 0 0

1 3 0 0
-1 0 1 0

1 0 0 1

0
0
#
0
-1 2 0
1 1 0
3 0 1

1 1 0
-1 0 0

70 9 0
31338 8 0
35 7 1
-35799 7 0
8297 6 1
18264 6 0
19369 5 1
28747 5 0
-5688 4 1
-60635 4 0
23670 3 1
47092 3 0
-4548 2 1
-32509 2 0
8364 1 1
8052 1 0
-1584 0 1
-4620 0 0

35 6 0
-103 5 0
138 4 0
-115 3 0
57 2 0
-16 1 0
4 0 0

490 14 0
-250187 13 0
245 12 1
-3634791 12 0
-123991 11 1
4463418 11 0
-3570968 10 1
-4446800 10 0
-9265952 9 1
-2725891 9 0
7763079 8 1
4782812 8 0
-14996015 7 1
318285 7 0
8531075 6 1
-6615643 6 0
-5512540 5 1
12495456 5 0
4048506 4 1
-9109944 4 0
-747175 3 1
6122277 3 0
1405233 2 1
-1935864 2 0
-91170 1 1
617274 1 0
149688 0 1
-80892 0 0

245 9 0
-1001 8 0
1860 7 0
-2150 6 0
1698 5 0
-936 4 0
385 3 0
-121 2 0
24 1 0
-4 0 0

#
u=e{<1 2><37 -2>},v=u+(37/u),t1=thQ{37},t2=(3*t1-E{37})/4,w=t1/t2,X=(v-11)/(w-6),Y=X*(w-1),t3=-D(X)/(2*Y-1),F=(t2-t3)/2,x=t2/F,s=-D(x)/F,y=(s+x^3)/2
####
38 4 2
1 0 2 0 0
-1 1 0 1 0
-1 0 1 1 0
-1 0 1 0 1
1 0 0 1 1
1 0 0 0 2

1 3 0 0 0
-2 2 1 0 0
3 2 0 1 0
1 1 1 1 0
-1 0 1 2 0
2 1 1 0 1
-2 1 0 1 1
-2 1 0 0 2

#
1 0 0
-1 -1 -1 1
2 0 0
0 0 1 0
19 0 0
1 1 1 1
38 0 0
0 0 -1 1
0
0
#
2
1 1 0 0 0
-2 0 1 0 0
1 0 0 1 0

-1 1 0 0 0
1 0 0 1 0

1 1 0 0 0
2 0 1 0 0
1 0 0 1 0

-1 1 0 0 0
-1 0 0 1 0
-2 0 0 0 1

19
1 1 0 0 0

1 0 1 0 0

1 0 0 1 0

1 0 1 0 0
-1 0 0 1 0
-1 0 0 0 1

38
1 1 0 0 0
-2 0 1 0 0
1 0 0 1 0

-1 1 0 0 0
1 0 0 1 0

1 1 0 0 0
2 0 1 0 0
1 0 0 1 0

-1 1 0 0 0
-2 0 1 0 0
1 0 0 1 0
2 0 0 0 1

1
1 1
0
#
1
2
2 3
-1357 2 1 0 0
1404 1 2 0 0
-1557 0 3 0 0
1072 0 2 1 0
166 0 1 2 0
10 0 0 3 0
-427 2 0 0 1
381 1 1 0 1
-297 0 2 0 1
988 0 1 1 1
253 0 0 2 1
122 1 0 0 2
135 0 1 0 2
-325 0 0 1 2
-568 0 0 0 3

664 2 1 0 0
176 1 2 0 0
-2492 0 3 0 0
2490 0 2 1 0
-1665 0 1 2 0
18 0 0 3 0
765 2 0 0 1
899 1 1 0 1
3121 0 2 0 1
-6491 0 1 1 1
539 0 0 2 1
1119 1 0 0 2
-4109 0 1 0 2
3427 0 0 1 2
1983 0 0 0 3

178 3 0 0 0
-356 2 1 0 0
712 0 3 0 0
-738 0 2 1 0
-21 1 0 2 0
-408 0 1 2 0
2 0 0 3 0
-64 0 2 0 1
8 1 0 1 1
-62 0 1 1 1
64 0 0 2 1
89 1 0 0 2
294 0 1 0 2
182 0 0 1 2
120 0 0 0 3

19 2
-608 1 3 0 0
3720 0 4 0 0
-12408 0 3 1 0
15856 0 2 2 0
-9336 0 1 3 0
2888 0 0 4 0
560 2 1 0 1
192 1 2 0 1
-5288 0 3 0 1
18200 0 2 1 1
-22088 0 1 2 1
8664 0 0 3 1
-2352 2 0 0 2
3264 1 1 0 2
3608 0 2 0 2
-12288 0 1 1 2
9336 0 0 2 2
-2224 1 0 0 3
112 0 1 0 3
1872 0 0 1 3
-1680 0 0 0 4

21 4 0 0 0
40 3 1 0 0
60 2 2 0 0
22 1 3 0 0
1 0 4 0 0
26 3 0 1 0
36 1 2 1 0
17 0 3 1 0
36 2 0 2 0
13 1 1 2 0
8 0 2 2 0
-3 1 0 3 0
-14 0 1 3 0
-31 3 0 0 1
-80 2 1 0 1
-82 1 2 0 1
-31 0 3 0 1
-51 2 0 1 1
-30 1 1 1 1
-17 0 2 1 1
-37 1 0 2 1
-12 0 1 2 1
3 0 0 3 1
14 2 0 0 2
44 1 1 0 2
19 0 2 0 2
21 1 0 1 2
-2 0 1 1 2
15 0 0 2 2
26 1 0 0 3
-18 0 1 0 3
-12 0 0 0 4

#
F19=(3*th0{1 1 5}^2-E{19})/8,F38a=F19[2],F38b=f{1 0 1 -16 22},F38c=f{1 1 1 0 1},[F38a (F38b-F19+F38a)/3 (2*F38b+F19-F38a)/3 -(2*F19+F38b+3*F38c-2*F38a)/6]
####
39 2 3
-1 -1 -1 -1 -1
0 -2 0 2 -7 2 0 -2
#
1 0 0
1 0 0
3 0 0
0 0 1
13 0 0
0 1 1
39 0 0
1 1 0
0
0
#
3
1 0 0 1

1 0 1 0

1 1 0 0

13
1 0 0 1

1 4 0 0
1 3 0 1
1 2 0 2
1 1 0 3
-1 0 1 0
1 0 0 4

1 1 0 0

39
1 1 0 0

1 4 0 0
1 3 0 1
1 2 0 2
1 1 0 3
-1 0 1 0
1 0 0 4

1 0 0 1

0
0
#
1
2
3 2
-2 3 0 1
-2 2 0 2
-2 1 0 3
1 0 1 0

1 3 0 1

13 2
-2 13 0 1
18 12 0 2
-32 11 0 3
1 10 1 0
-87 10 0 4
-10 9 1 1
219 9 0 5
25 8 1 2
87 8 0 6
22 7 1 3
-325 7 0 7
-111 6 1 4
134 6 0 8
145 5 0 9
111 4 1 6
-160 4 0 10
-22 3 1 7
6 3 0 11
-25 2 1 8
34 2 0 12
10 1 1 9
-11 1 0 13
-1 0 1 10
1 0 0 14

1 13 0 1

#
t13=e{<1 2><13 -2>},x=e{<1 -1><3 1><13 1><39 -1>},s=x*((t13*x)^2-13)/t13,y=(s+x^4+x^3+x^2+x+1)/2
####
40 2 3
-1 0 0 0 -1
0 0 2 0 -1 0 2
#
1 0 0
1 3 1
2 0 0
-1 3 1
4 0 0
1 0 0
5 0 0
-1 -1 1
8 0 0
0 0 1
10 0 0
1 -1 1
20 0 0
0 1 1
40 0 0
1 1 0
0
0
#
5
-1 0 0 1

1 4 0 0
-1 0 1 0
1 0 0 4

1 1 0 0

8
-1 1 0 0
1 0 0 1

3 4 0 0
6 2 0 2
-4 0 1 0
3 0 0 4

1 1 0 0
1 0 0 1

40
1 1 0 0
1 0 0 1

-1 4 0 0
6 2 0 2
4 0 1 0
-1 0 0 4

1 1 0 0
-1 0 0 1

-1 1 0 0

1 0 1 0

1 0 0 1

0
0
#
1
2
2 3
1 3 0 3
1 1 1 1

2 4 0 2
1 2 1 0
2 2 0 4
1 0 1 2

1 3 0 3

5 2
-4 5 0 1
2 4 0 2
1 2 1 0
-3 2 0 4
1 0 1 2
-1 0 0 6

1 5 0 1

#
F=e{<2 -1><4 5><8 -2><10 1><20 -1><40 2>},x=e{<2 1><4 -3><8 2><10 -1><20 3><40 -2>},s=-D(x)/F,y=(s+x^4+1)/2
####
41 2 3
0 -1 0 0 -1
-2 -5 -4 2 5 2 -2 -1
#
1 0 0
1 0 0
41 0 0
1 1 0
0
0
#
41
1 1 0 0

1 4 0 0
1 1 0 3
-1 0 1 0

1 0 0 1

0
0
#
0
5 3 0
-2 2 0
-6 1 0
-2 0 0

1 0 0

1681 7 0
-3363 6 0
-1923 5 0
5523 4 0
-1680 3 1
1435 3 0
1920 2 1
-1469 2 0
480 1 1
-1556 1 0
-480 0 1
-460 0 0

1 1 0
-1 0 0

-68921 10 0
206762 9 0
138345 8 0
-533725 7 0
68922 6 1
-171233 6 0
-138348 5 1
372807 5 0
-85050 4 1
307104 4 0
152712 3 1
-16179 3 0
66150 2 1
-159162 2 0
-22428 1 1
-74980 1 0
-14616 0 1
-2240 0 0

1 1 0
-1 0 0

#
t1=th1{3 2 14},t2=th1{7 2 6},t3=th1{5 6 10},F=q*t2*t3,x=t1/t2,s=-D(x)/F,y=(s+x^4+x)/2
####
42 3 1
1 4 2 0
1 4 1 1
2 3 2 1
-1 2 2 2
8 1 3 2
-4 0 4 2
-1 3 0 3
-4 2 1 3
10 1 2 3
-4 0 3 3
-1 2 0 4
7 1 1 4
-9 0 2 4
3 1 0 5
-6 0 1 5
-2 0 0 6

#
1 0 1
2 -1 2
2 0 0
-2 -2 1
3 0 1
0 1 0
6 0 1
1 0 0
7 0 1
-4 -1 2
14 0 0
1 1 1
21 0 1
0 1 0
42 0 1
1 0 0
2
6 42
1 0 1 0

1 0 0 1

3 21
1 2 0 0
-2 0 1 1

1 0 1 1

0
#
2
-4 1 1 0
-2 1 0 1
-4 0 1 1
-2 0 0 2

1 2 0 0
1 1 0 1
-2 0 1 1
-3 0 0 2

4 0 1 1
2 0 0 2

3
-1 2 1 0
-2 2 0 1
-7 1 1 1
6 0 2 1
-5 1 0 2
5 0 1 2
4 0 0 3

-1 2 1 0
-2 2 0 1
-1 1 1 1
-2 1 0 2
2 0 1 2
4 0 0 3

2 2 1 0
1 2 0 1
2 1 1 1
1 1 0 2
-4 0 1 2
-2 0 0 3

6
-2 2 1 0
2 2 0 1
10 1 1 1
-12 0 2 1
8 1 0 2
-2 0 1 2
-4 0 0 3

-2 2 1 0
-1 2 0 1
-2 1 1 1
-12 0 2 1
-1 1 0 2
-8 0 1 2
-1 0 0 3

4 2 1 0
2 2 0 1
4 1 1 1
2 1 0 2
-8 0 1 2
-4 0 0 3

7
-1 1 0 0
-1 0 0 1

-1 0 1 0
-1 0 0 1

1 0 0 1

14
4 1 1 0
2 1 0 1

-1 2 0 0
-1 1 0 1
-2 0 1 1
1 0 0 2

4 0 1 1
2 0 0 2

21
-1 2 1 0
1 2 0 1
5 1 1 1
-6 0 2 1
4 1 0 2
-1 0 1 2
-2 0 0 3

-1 2 1 0
1 2 0 1
-1 1 1 1
1 1 0 2
2 0 1 2
-2 0 0 3

2 2 1 0
1 2 0 1
2 1 1 1
1 1 0 2
-4 0 1 2
-2 0 0 3

42
-2 2 1 0
-4 2 0 1
-14 1 1 1
12 0 2 1
-10 1 0 2
10 0 1 2
8 0 0 3

-2 2 1 0
-1 2 0 1
-2 1 1 1
12 0 2 1
-1 1 0 2
16 0 1 2
5 0 0 3

4 2 1 0
2 2 0 1
4 1 1 1
2 1 0 2
-8 0 1 2
-4 0 0 3

1
3 1
0
#
1
3
2 3
-2 2 1 0
-2 2 0 1
2 1 1 1
-4 0 2 1
4 1 0 2
-6 0 1 2
1 0 0 3

1 2 1 0
1 2 0 1
-1 1 1 1
2 0 2 1
5 1 0 2
-11 0 1 2
-4 0 0 3

1 2 1 0
1 2 0 1
-1 1 1 1
2 0 2 1
-2 1 0 2
3 0 1 2
3 0 0 3

3 3
-4 3 1 0
-13 2 2 0
-4 3 0 1
75 2 1 1
-65 1 2 1
44 0 3 1
22 2 0 2
161 1 1 2
-123 0 2 2
-33 1 0 3
38 0 1 3
-98 0 0 4

80 3 1 0
29 2 2 0
10 3 0 1
215 2 1 1
-79 1 2 1
-12 0 3 1
-118 2 0 2
-7 1 1 2
311 0 2 2
-355 1 0 3
360 0 1 3
-56 0 0 4

-2 3 1 0
-17 2 2 0
-2 3 0 1
-1 2 1 1
-57 1 2 1
36 0 3 1
18 2 0 2
-35 1 1 2
5 0 2 2
-13 1 0 3
68 0 1 3

7 2
-1 3 0 0
-6 2 1 0
8 1 2 0
-3 2 0 1
8 1 1 1
-20 0 2 1
5 1 0 2
-14 0 1 2
-4 0 0 3

1 2 1 0
-1 1 2 0
2 0 2 1
-1 1 0 2
2 0 1 2

#
F1=e{<3 1><6 1><21 1><42 1>},F2=q*th1{1 2 22}*th1{3 6 10},F3=F2[2],t7=E{7},F4=(2*thQ{42}-t7+2*t7[2]+3*t7[3]-6*t7[6])/4,[(F4-2*F1-F2+2*F3)/4 (F4-2*F1-F2-2*F3)/4 F1]
####
43 3 1
1 4 0 0
2 3 1 0
2 2 2 0
1 1 3 0
-2 2 1 1
-2 1 2 1
-1 0 3 1
4 2 0 2
4 1 1 2
2 0 2 2
-3 0 1 3
4 0 0 4

#
1 0 0
0 1 0
43 0 0
-1 1 0
0
1
-2 4 3
#
43
-1 1 0 0
-1 0 1 0

1 0 1 0

1 0 0 1

1
1 1
0
#
0
1 1
1 0 0

2 3 0
4 2 1
-2 2 0
3 1 2
-4 1 1
4 1 0
-3 0 2
4 0 1
-3 0 0

-7 2 0
-7 1 1
-7 0 2
4 0 1
-12 0 0

1 0 0

3696 3 2
2328 3 1
576 3 0
7394 2 3
7877 2 2
-1366 2 1
-940 2 0
7394 1 4
4181 1 3
5954 1 2
2564 1 1
552 1 0
3698 0 5
1851 0 4
3213 0 3
11172 0 2
-5949 0 1
-2020 0 0

2 0 1
1 0 0

318032 3 5
638080 3 4
333028 3 3
6508 3 2
-144512 3 1
-54916 3 0
636060 2 6
1592160 2 5
728547 2 4
-342723 2 3
-832530 2 2
-332043 2 1
-15876 2 0
636060 1 7
1274128 1 6
1044563 1 5
851817 1 4
-571850 1 3
-400527 1 2
-246404 1 1
-101712 1 0
318028 0 8
636052 0 7
395523 0 6
1740194 0 5
-445286 0 4
-782546 0 3
-946486 0 2
-421800 0 1
-12600 0 0

4 0 2
4 0 1
1 0 0

#
t1=th0{1 1 11}^2,t2=q*th3{1 1 11}^2,F43=f{0 1 1 0 0},[-(F43+t2)/2 t2 (E{43}+24*t2-7*t1)/16]
####
44 4 2
1 1 1 0 0
-3 0 0 2 0
-2 0 0 1 1
-1 0 0 0 2

9 2 0 1 0
-30 1 1 1 0
9 0 2 1 0
-16 1 1 0 1
8 0 0 1 2
7 0 0 0 3

#
1 0 0
3 1 1 0
2 0 0
-3 -1 1 0
4 0 0
0 1 0 0
11 0 0
-1 -3 1 0
22 0 0
1 3 1 0
44 0 0
1 0 0 0
0
0
#
4
-1 1 0 0 0
-3 0 1 0 0
6 0 0 1 0
2 0 0 0 1

-3 1 0 0 0
-1 0 1 0 0
-6 0 0 1 0
-2 0 0 0 1

1 1 0 0 0
-1 0 1 0 0
-2 0 0 1 0
-2 0 0 0 1

4 0 0 0 1

11
-1 0 1 0 0

-1 1 0 0 0

1 0 0 1 0

1 0 0 0 1

44
3 1 0 0 0
1 0 1 0 0
6 0 0 1 0
2 0 0 0 1

1 1 0 0 0
3 0 1 0 0
-6 0 0 1 0
-2 0 0 0 1

1 1 0 0 0
-1 0 1 0 0
-2 0 0 1 0
-2 0 0 0 1

4 0 0 0 1

-1 1 0 0 0

-1 0 1 0 0

1 0 0 1 0

1 0 0 0 1

1
1 1
0
#
1
2
2 3
1 1 0 0 0
-1 0 1 0 0
-2 0 0 1 0

1 3 0 0 0
-3 2 0 1 0
-7 0 2 1 0
-6 1 0 2 0
-9 0 1 2 0
34 0 0 3 0
-12 1 0 1 1
-6 0 1 1 1
36 0 0 2 1
-4 1 0 0 2
-1 0 1 0 2
18 0 0 1 2
2 0 0 0 3

1 0 0 0 1

11 2
1 2 0 0 0
-11 0 2 0 0
-32 1 0 1 0
8 0 1 1 0
90 0 0 2 0
-8 1 0 0 1
76 0 0 1 1
22 0 0 0 2

4 1 0 1 0
-1 0 1 1 0
1 1 0 0 1

#
F1=e{<1 2><11 2>},F2=F1[2],F3=F1[4],F44=f{0 1 0 3 -1},[(F1+F44)/2+F2+F3 (F44-F1)/2-(F2+F3) F3 F2]
####
45 3 1
1 2 2 0
1 3 0 1
-1 0 3 1
-1 1 1 2
5 0 0 4

#
1 0 0
1 2 1
3 1 0
2
2 1 0 0
1 0 1 0
2 0 0 1

1 0 2 0
2 0 1 1
4 0 0 2

5 0 0
-2 -1 1
9 0 0
1 0 0
15 1 0
2
1 1 0 0
2 0 1 0
-2 0 0 1

1 0 2 0
-1 0 1 1
1 0 0 2

45 0 0
0 1 0
0
0
#
5
1 0 1 0

1 1 0 0

-1 0 0 1

9
1 1 0 0
2 0 1 0
4 0 0 1

2 1 0 0
1 0 1 0
-4 0 0 1

1 1 0 0
-1 0 1 0
1 0 0 1

45
2 1 0 0
1 0 1 0
-4 0 0 1

1 1 0 0
2 0 1 0
4 0 0 1

-1 1 0 0
1 0 1 0
-1 0 0 1

-1 -1 1 0 0

0 1 0 1 0

1 0 0 0 1

2
1 1
1 3
0
#
1
2
3 3
-2 3 0 0
1 2 1 0
-5 1 2 0
2 2 0 1
7 1 1 1
-6 0 2 1
-20 1 0 2
-12 0 1 2

3 3 0 0
1 2 1 0
-5 1 2 0
-5 0 3 0
7 2 0 1
-18 1 1 1
-1 0 2 1
-25 1 0 2
-7 0 1 2
-35 0 0 3

1 3 0 0
2 2 1 0
-6 2 0 1
-6 1 1 1
-2 0 2 1
10 1 0 2
6 0 1 2
-10 0 0 3

5 2
-1 2 1 0
1 0 2 1
1 1 0 2
-3 0 0 3

1 0 0 3

#
F1=e{<1 1><3 1><5 1><15 1>},F2=F1[3],F3=F1<-3>,[(F3-F1-F2)/2 (F3+F1+F2)/2 F2]
####
46 2 5
-1 0 0 -1 0 -1 -1
-2 2 3 6 -16 33 -29 21 -7 1 1 -1
#
1 0 0
1 6 1
2 0 0
1 0 0
23 0 0
1 -2 1
46 0 0
1 1 0
0
0
#
2
1 1 0 0
1 0 0 1

6 6 0 0
6 5 0 1
16 4 0 2
4 3 0 3
14 2 0 4
-2 1 0 5
-8 0 1 0
4 0 0 6

1 1 0 0
-1 0 0 1

23
1 1 0 0

1 6 0 0
1 5 0 1
1 3 0 3
-1 0 1 0
1 0 0 6

1 0 0 1

46
1 1 0 0
1 0 0 1

-2 6 0 0
-2 5 0 1
16 4 0 2
-4 3 0 3
14 2 0 4
-2 1 0 5
8 0 1 0
-4 0 0 6

1 1 0 0
-1 0 0 1

0
0
#
1
2
2 3
1 3 0 0
1 1 0 2
2 0 0 3

1 8 0 1
4 7 0 2
4 6 0 3
6 5 0 4
11 4 0 5
1 3 1 0
-2 3 0 6
-3 2 1 1
16 2 0 7
-1 1 1 2
-5 0 1 3
8 0 0 9

1 2 0 1
-2 1 0 2
1 0 0 3

23 2
1 23 0 0
1 22 0 1
19 20 0 3
-4 19 0 4
3 18 0 5
-1 17 1 0
138 17 0 6
-1 16 1 1
-183 16 0 7
1 15 1 2
195 15 0 8
-15 14 1 3
295 14 0 9
1 13 1 4
-941 13 0 10
15 12 1 5
1426 12 0 11
-91 11 1 6
-931 11 0 12
89 10 1 7
-667 10 0 13
11 9 1 8
2267 9 0 14
-219 8 1 9
-2844 8 0 15
355 7 1 10
1720 7 0 16
-197 6 1 11
-304 6 0 17
-69 5 1 12
-455 5 0 18
269 4 1 13
271 4 0 19
-201 3 1 14
43 3 0 20
59 2 1 15
-64 2 0 21
-6 1 1 16
15 1 0 22
-1 0 0 23

1 0 0 23

#
F=e{<1 -1><2 3><23 -1><46 3>},x=e{<1 1><2 -1><23 1><46 -1>}+1,s=-D(x)/F,y=(s+x^6+x^5+x^3+1)/2
####
47 2 4
-1 0 -1 -1 -1 -1
-3 7 -10 7 -4 -5 4 -7 2 -2
#
1 0 0
1 0 0
47 0 0
1 1 0
0
0
#
47
1 1 0 0

1 5 0 0
1 4 0 1
1 3 0 2
1 2 0 3
-1 0 1 0
1 0 0 5

1 0 0 1

0
0
#
0
23 4 0
-34 3 0
47 2 0
-32 1 0
8 0 0

1 0 0

2209 8 0
-4420 7 0
8358 6 0
-10956 5 0
8305 4 0
-2208 3 1
-4152 3 0
2448 2 1
-1128 2 0
-2256 1 1
2488 1 0
768 0 1
-1184 0 0

1 0 0

-103823 12 0
415290 11 0
-933393 10 0
1796224 9 0
-2168673 8 0
103824 7 1
2215530 7 0
-311976 6 1
-1116371 6 0
503496 5 1
-120600 5 0
-627480 4 1
1161156 4 0
438984 3 1
-1299388 3 0
-235872 2 1
869568 2 0
48384 1 1
-327360 1 0
2016 0 1
58744 0 0

1 0 0

#
F=e{<1 2><47 2>},x=(th0{1 1 12}-th0{2 1 6})/(2*e{<1 1><47 1>})+1,s=-D(x)/F,y=(s+x^5+x^4+x^3+x^2+1)/2
####
48 2 3
-1 0 0 0 -1
0 0 0 0 3
#
1 0 0
1 3 1
2 0 0
-1 3 1
3 0 0
-1 -1 1
4 1 0
2
1 2 0 0
1 0 0 2

1 0 1 0
-3 0 0 4

6 0 0
1 -1 1
8 0 0
1 0 0
12 1 0
2
1 2 0 0
1 0 0 2

1 0 1 0
1 0 0 4

16 0 0
0 0 1
24 0 0
0 1 1
48 0 0
1 1 0
0
0
#
3
-1 0 0 1

1 4 0 0
-1 0 1 0
1 0 0 4

1 1 0 0

16
-1 1 0 0
1 0 0 1

3 4 0 0
6 2 0 2
-4 0 1 0
3 0 0 4

1 1 0 0
1 0 0 1

48
1 1 0 0
1 0 0 1

-1 4 0 0
6 2 0 2
4 0 1 0
-1 0 0 4

1 1 0 0
-1 0 0 1

-1 1 0 0

1 0 1 0

1 0 0 1

0 -1 1 0 0

1 0 0 1 0

1 0 0 0 1

0
0
#
1
2
2 3
1 3 0 3
1 1 1 1

1 2 1 0
1 0 1 2

1 3 0 3

3 2
-2 3 0 1
1 0 1 0
-1 0 0 4

1 3 0 1

#
F=e{<8 4><12 2><16 -2><24 -2><48 2>},x=e{<4 1><8 -3><12 -1><16 2><24 3><48 -2>},s=-D(x)/F,y=(s+x^4+1)/2
####
49 1 1
1 -1 0 -2 -1
#
1 0 0
2 -1 1
7 1 0
4
1 0 3 0
-26 2 0 1
50 1 1 1
25 0 2 1
-28 1 0 2
-60 0 1 2
-69 0 0 3

1 1 2 0
3 2 0 1
-21 1 1 1
-11 0 2 1
1 1 0 2
17 0 1 2
19 0 0 3

1 2 1 0
2 2 0 1
7 1 1 1
4 0 2 1
3 1 0 2
-3 0 1 2
-3 0 0 3

1 3 0 0
-1 2 0 1
-1 1 1 1
-1 0 2 1
-2 1 0 2
-1 0 0 3

49 0 0
0 1 0
0
0
#
49
2 2 0 0
-1 1 0 1
-6 0 0 2

-1 2 0 0
4 1 0 1
7 0 1 1
3 0 0 2

1 2 0 0
-4 1 0 1
4 0 0 2

1
2 1
0
#
1
1
7 2
1 4 0 0
-8 3 0 1
24 2 0 2
-32 1 0 3
16 0 0 4

4 3 0 1
1 2 1 1
-2 2 0 2
3 1 1 2
-5 1 0 3
-3 0 1 3
-7 0 0 4

#
t=e{<1 1><49 -1>},t7=e{<1 4><7 -4>},x=t+2,y=(t^4/t7-(4*t^3+22*t^2+35*t+7))/(t^2+7*t+7)
####
50 2 2
-1 0 0 -1
0 -1 0 -3 0 -1
#
1 0 0
1 0 0
2 0 0
0 0 1
5 1 0
2
1 4 0 0
-1 3 0 1
1 2 0 2
-1 1 0 3
1 0 0 4

-2 3 0 0
1 2 0 1
-1 1 0 2
1 0 1 0
1 0 0 3

10 1 0
2
1 4 0 0
-1 3 0 1
1 2 0 2
-1 1 0 3
1 0 0 4

1 3 0 0
-1 2 0 1
1 1 0 2
1 0 1 0
-2 0 0 3

25 0 0
0 1 1
50 0 0
1 1 0
0
0
#
2
1 0 0 1

1 0 1 0

1 1 0 0

25
1 0 0 1

1 3 0 0
-1 0 1 0
1 0 0 3

1 1 0 0

50
1 1 0 0

1 3 0 0
-1 0 1 0
1 0 0 3

1 0 0 1

0
0
#
1
2
2 2
-1 2 0 1
-1 1 0 2
1 0 1 0

1 2 0 1

5 2
-1 4 0 1
2 3 0 2
1 2 1 0
-3 2 0 3
-3 1 1 1
4 1 0 4
1 0 1 2
-5 0 0 5

1 4 0 1
-1 3 0 2
1 2 0 3
-1 1 0 4
1 0 0 5

#
t25=e{<1 1><25 -1>},x=e{<1 -1><2 1><25 1><50 -1>},s=x^3-2*x^2-2*x+1-(10*x/t25),y=(s+x^3+1)/2
####
51 3 1
4 6 0 0
-5 5 1 0
1 3 3 0
-3 5 0 1
1 4 1 1
-2 3 2 1
2 2 3 1
7 4 0 2
2 3 1 2
-3 2 2 2
-1 1 3 2
1 0 4 2
-9 3 0 3
-1 2 1 3
3 1 2 3
7 2 0 4
-1 1 1 4
-1 0 2 4
-3 1 0 5
1 0 0 6

#
1 0 1
1 1 1
3 0 1
0 1 0
17 0 0
1 -2 1
51 0 0
1 1 0
0
0
#
3
1 2 0 0
2 1 1 0
-1 0 2 0
-1 1 0 1
-1 0 0 2

-5 2 0 0
2 1 1 0
-1 0 2 0
-1 1 0 1
-3 0 1 1
-1 0 0 2

4 2 0 0
-1 1 1 0
-1 0 2 0
-4 1 0 1
2 0 0 2

17
1 3 0 0
-1 2 1 0
-1 2 0 1
1 1 0 2

3 3 0 0
-1 2 1 0
-3 2 0 1
1 1 1 1
1 1 0 2
-1 0 1 2

1 2 0 1
-1 1 1 1
-1 1 0 2
1 0 0 3

51
1 3 0 0
2 2 1 0
-1 1 2 0
-2 2 0 1
-2 1 1 1
1 0 2 1
1 0 0 3

4 3 0 0
-4 2 1 0
2 1 2 0
-5 2 0 1
1 1 1 1
1 0 2 1
3 1 0 2
-3 0 1 2
1 0 0 3

4 3 0 0
-1 2 1 0
-1 1 2 0
-8 2 0 1
1 1 1 1
1 0 2 1
6 1 0 2
-2 0 0 3

1
3 1
0
#
1
2
3 3
-42 5 0 0
51 4 1 0
-10 3 2 0
1 2 3 0
-22 4 0 1
-91 3 1 1
35 2 2 1
3 1 3 1
7 0 4 1
-43 3 0 2
-38 2 1 2
-4 1 2 2
23 0 3 2
8 2 0 3
-17 1 1 3
-24 0 2 3
-26 1 0 4
-17 0 1 4
17 0 0 5

-316 5 0 0
153 4 1 0
115 3 2 0
-54 2 3 0
-2 4 0 1
86 3 1 1
150 2 2 1
-111 1 3 1
13 0 4 1
-466 3 0 2
-192 2 1 2
216 1 2 2
-1 0 3 2
265 2 0 3
-102 1 1 3
38 0 2 3
-109 1 0 4
-51 0 1 4
17 0 0 5

11 5 0 0
-17 4 1 0
1 3 2 0
5 2 3 0
-8 4 0 1
21 3 1 1
-12 2 2 1
-2 1 3 1
1 0 4 1
6 3 0 2
-20 2 1 2
-3 1 2 2
-4 0 3 2
-11 2 0 3
-1 0 2 3
6 1 0 4

17 2
-12 5 1 0
39 4 2 0
-6 3 3 0
-33 2 4 0
6 1 5 0
6 0 6 0
-33 5 0 1
69 4 1 1
-54 3 2 1
-33 2 3 1
24 1 4 1
9 0 5 1
-42 4 0 2
63 3 1 2
99 2 2 2
-24 1 3 2
-18 0 4 2
12 3 0 3
-99 2 1 3
-27 1 2 3
21 2 0 4
33 1 1 4
-6 1 0 5
18 0 1 5
-12 0 0 6

3 5 0 1
-2 4 1 1
-1 3 2 1
-2 3 1 2
-2 2 2 2
3 2 1 3
-1 1 2 3
-1 0 3 3
-3 2 0 4
-2 1 1 4
-1 0 1 5

#
F1=q*th1{1 2 18}*th1{3 2 6},F2=F1[3],t3=E{3},F3=(t3+17*t3[17]-6*th0{1 1 13}^2-12*th0{3 3 5}^2)/12,F4=e{<1 1><3 1><17 1><51 1>},[F2 (F2-F1-F3)/4 F2-F4]
####
52 3 1
1 4 2 0
1 3 3 0
1 2 4 0
1 1 5 0
-1 4 0 2
3 3 1 2
-1 2 2 2
-1 0 4 2
-1 1 1 4
-2 0 2 4
-1 0 0 6

#
1 0 1
1 0 0
2 0 1
1 0 0
4 0 0
0 1 0
13 0 0
1 1 1
26 0 0
-1 -1 1
52 0 0
-1 1 0
1
1 2
1 0 1 0
1 0 0 1

1 0 0 1

0
#
4
1 2 1 0
1 0 3 0
1 2 0 1
-2 1 1 1
-1 0 2 1
1 0 1 2
-1 0 0 3

2 2 1 0
-2 2 0 1
1 1 1 1
-1 0 2 1
1 1 0 2
-1 0 0 3

-2 1 2 0
1 1 1 1
1 0 2 1
-1 1 0 2
1 0 0 3

13
1 1 1 0
1 0 2 0
1 0 0 2

1 1 1 0
-1 0 2 0

-1 1 0 1
1 0 1 1

52
1 2 1 0
1 0 3 0
1 2 0 1
-2 1 1 1
-1 0 2 1
1 0 1 2
-1 0 0 3

1 2 1 0
2 1 2 0
1 0 3 0
1 2 0 1
1 1 1 1
2 0 2 1
1 1 0 2
1 0 1 2
2 0 0 3

-1 2 1 0
1 0 3 0
-1 2 0 1
1 1 1 1
-1 1 0 2
1 0 1 2

-1 1 0 0

-1 0 1 0

1 0 0 1

1
3 1
0
#
1
2
2 3
-1 2 1 0
1 1 2 0
1 2 0 1
-1 1 1 1

4 3 6 0
2 2 7 0
6 1 8 0
-8 3 5 1
-6 2 6 1
-6 1 7 1
33 3 4 2
-3 2 5 2
16 1 6 2
-6 0 7 2
8 5 1 3
-1 3 3 3
13 2 4 3
-2 1 5 3
6 0 6 3
8 5 0 4
-24 4 1 4
57 3 2 4
2 2 3 4
18 1 4 4
-22 0 5 4
8 4 0 5
-3 3 1 5
26 2 2 5
14 1 3 5
18 0 4 5
6 3 0 6
15 2 1 6
20 1 2 6
-26 0 3 6
7 2 0 7
10 1 1 7
18 0 2 7
12 1 0 8
-10 0 1 8
6 0 0 9

1 2 1 0
1 1 2 0
1 2 0 1
1 0 2 1
1 1 0 2
1 0 0 3

13 2
-104 4 1 0
16 3 2 0
16 1 4 0
104 0 5 0
-104 4 0 1
104 3 1 1
-40 2 2 1
8 1 3 1
-120 3 0 2
168 2 1 2
-104 1 2 2
88 0 3 2
-64 2 0 3
40 1 1 3
-8 0 2 3
24 1 0 4
-16 0 1 4
-8 0 0 5

13 4 0 1
-13 3 1 1
5 2 2 1
-1 1 3 1
8 2 0 3
-5 1 1 3
1 0 2 3
1 0 0 5

#
x26=e{<1 -2><2 2><13 2><26 -2>},t2=E{2},F1=(t2-13*t2[13]+12*E{13}[2]-36*q*th2{1 2 14}*th2{7 2 2})/(24*(x26-1)),F2=x26*F1,F3=F1[2],F4=(t2+2*t2[2]+13*t2[13]+26*t2[26]-6*th0{1 0 13}^2-36*th0{2 2 7}^2)/96,[F2[2]+F3+F4 F1+F3+F4 F3]
####
53 4 2
-1 1 1 0 0
1 0 2 0 0
-2 1 0 1 0
2 0 1 1 0
2 0 0 2 0
1 1 0 0 1
-1 0 1 0 1
-1 0 0 1 1
2 0 0 0 2

2 1 2 0 0
-2 0 3 0 0
-4 2 0 1 0
2 1 1 1 0
-2 0 2 1 0
4 2 0 0 1
1 1 1 0 1
-1 0 2 0 1
4 1 0 1 1
-6 0 1 1 1
1 1 0 0 2
-1 0 1 0 2
3 0 0 1 2
-6 0 0 0 3

#
1 0 0
1 1 0 0
53 0 0
1 0 0 0
0
0
#
53
1 1 0 0 0

1 1 0 0 0
-1 0 1 0 0
-2 0 0 1 0
1 0 0 0 1

1 0 0 1 0

1 0 0 0 1

1
1 1
0
#
0
1 3
1 0 1 0
2 0 0 1
-1 0 0 0

4 0 3 1
-4 0 3 0
9 0 2 2
-15 0 2 1
3 0 2 0
10 0 1 3
-20 0 1 2
12 0 1 1
-6 0 1 0
6 0 0 4
-15 0 0 3
12 0 0 2
-8 0 0 1
1 0 0 0

7 1 0 1
6 1 0 0
-5 0 0 2
2 0 0 1
3 0 0 0

-1 0 0 1
1 0 0 0

-1 4 0 0
241 3 0 0
-2393 2 0 0
16847 1 0 3
-14767 1 0 2
13017 1 0 1
-7423 1 0 0
-2808 0 4 0
2568 0 3 0
-5616 0 2 2
3048 0 2 1
-9072 0 2 0
-8424 0 1 3
13488 0 1 2
-2712 0 1 1
4416 0 1 0
-11232 0 0 4
4824 0 0 3
-28298 0 0 2
15508 0 0 1
-8082 0 0 0

1 0 0 1
-2 0 0 0

1 6 0 0
503 5 0 0
-17146 4 0 0
135586 3 0 0
-552369 2 0 0
893268 1 0 5
-3129965 1 0 4
6002518 1 0 3
-5436404 1 0 2
4537921 1 0 1
-1315011 1 0 0
-148878 0 6 0
148374 0 5 0
-1173888 0 4 0
601254 0 3 0
-446634 0 2 4
449154 0 2 3
-1954440 0 2 2
1551348 0 2 1
-2414484 0 2 0
-1339902 0 1 5
2982600 0 1 4
-3766428 0 1 3
5351526 0 1 2
-1814976 0 1 1
354978 0 1 0
-2382049 0 0 6
6258423 0 0 5
-8187392 0 0 4
8718539 0 0 3
-9801907 0 0 2
5900142 0 0 1
-1890774 0 0 0

1 0 0 1
-2 0 0 0

#
t1=th1{1 2 54},t2=th1{3 2 18},t3=th1{9 2 6},F1=q*t1*t2,F2=q*t2*t3,F3=(13*thQ{53}-E{53})/18,F4=f{1 -1 1 0 0},[F1 (5*F1-3*F2-F3-F4)/2 -4*F1+2*F2+F3 -4*F1+F2+F3]
####
54 4 2
1 0 2 0 0
-1 1 0 1 0
1 0 1 0 1

1 2 1 0 0
-1 1 2 0 0
-2 0 2 1 0
-4 0 1 2 0
1 2 0 0 1
-2 1 1 0 1
3 0 2 0 1
-1 1 0 0 2
3 0 1 0 2
1 0 0 0 3

#
1 0 0
4 2 1 0
2 0 0
1 -1 1 0
3 1 0
3
1 0 1 0 0
-2 0 0 1 0

1 1 0 0 0
-4 0 0 1 0
-2 0 0 0 1

12 0 0 2 0
6 0 0 1 1
1 0 0 0 2

6 1 0
3
1 0 1 0 0
1 0 0 1 0

1 1 0 0 0
-1 0 0 1 0
1 0 0 0 1

3 0 0 2 0
-3 0 0 1 1
1 0 0 0 2

9 1 0
3
1 1 0 0 0

1 0 1 0 0
1 0 0 0 1

4 0 0 2 0
-2 0 0 1 1
1 0 0 0 2

18 1 0
3
1 0 1 0 0

1 0 0 1 0

1 2 0 0 0
-1 1 0 0 1
1 0 0 0 2

27 0 0
0 0 1 0
54 0 0
1 0 0 0
0
0
#
2
4 0 0 1 0

-2 0 1 0 0
-2 0 0 0 1

1 1 0 0 0

2 0 0 0 1

27
1 1 0 0 0
-4 0 1 0 0
4 0 0 1 0
-2 0 0 0 1

-1 1 0 0 0
1 0 1 0 0
2 0 0 1 0
-1 0 0 0 1

1 1 0 0 0
2 0 1 0 0
1 0 0 1 0
1 0 0 0 1

3 0 0 0 1

54
4 1 0 0 0
8 0 1 0 0
4 0 0 1 0
4 0 0 0 1

2 1 0 0 0
-2 0 1 0 0
-4 0 0 1 0
-4 0 0 0 1

1 1 0 0 0
-4 0 1 0 0
4 0 0 1 0
-2 0 0 0 1

6 0 0 0 1

0 1 1 0 0 0

-1 -1 0 1 0 0

-1 -1 0 0 1 0

1 2 0 1 0 0
0 1 0 0 0 1

2
1 1
1 3
0
#
1
2
2 3
1 2 0 1 0
-1 1 1 1 0
1 1 0 2 0
-1 1 0 1 1
1 0 1 1 1
1 0 0 1 2

1 0 3 0 0
1 0 2 1 0
4 0 0 3 0

1 0 2 1 0

3 2
1 0 1 0 0
-2 0 0 1 0
1 0 0 0 1

1 0 0 1 0

#
F1=e{<3 2><9 2>},F2=F1[2],F3=f{1 -1 1 1 -1},F4=F3<-3>,[(F1+F3+F4)/3 (4*F2+F3-F4)/6 (2*F2-F3+F4)/6 (F4-F1-2*F2)/3]
####
55 3 1
1 4 2 0
-2 3 3 0
1 2 4 0
2 3 2 1
5 2 3 1
2 1 4 1
1 3 1 2
-2 2 2 2
6 1 3 2
1 0 4 2
1 3 0 3
-1 2 1 3
-16 1 2 3
-1 0 3 3
4 2 0 4
12 0 2 4
10 1 0 5
2 0 1 5
7 0 0 6

#
1 0 1
0 1 0
5 0 1
1 0 0
11 0 0
-1 0 1
55 0 0
1 1 0
0
0
#
5
-3 1 1 0
-1 1 0 1
12 0 1 1
4 0 0 2

1 2 0 0
-1 1 1 0
4 1 0 1
-1 0 1 1
8 0 0 2

3 1 1 0
1 1 0 1
3 0 1 1
1 0 0 2

11
3 2 1 0
1 2 0 1
3 1 1 1
1 1 0 2

1 2 0 1
-1 1 1 1
4 1 0 2
-1 0 1 2
8 0 0 3

3 1 1 1
1 1 0 2
3 0 1 2
1 0 0 3

55
-1 1 0 1
4 0 0 2

1 1 1 0
1 0 1 1

1 1 0 1
1 0 0 2

1
3 1
0
#
1
2
5 3
-363 3 3 0
363 2 4 0
7 4 1 1
-505 3 2 1
1594 2 3 1
-3274 1 4 1
16 4 0 2
-112 3 1 2
-1391 2 2 2
-2328 1 3 2
2363 0 4 2
91 3 0 3
-620 2 1 3
4928 1 2 3
-285 0 3 3
50 2 0 4
-1686 1 1 4
-2236 0 2 4
-1719 1 0 5
-1185 0 1 5
-1694 0 0 6

-726 3 3 0
1815 2 4 0
-246 4 1 1
-1561 3 2 1
4102 2 3 1
-11370 1 4 1
60 4 0 2
-420 3 1 2
-5428 2 2 2
-12118 1 3 2
9315 0 4 2
-173 3 0 3
-2809 2 1 3
25377 1 2 3
-1946 0 3 3
-3624 2 0 4
11283 1 1 4
-23631 0 2 4
-11014 1 0 5
-1207 0 1 5
-7623 0 0 6

8 4 1 1
97 3 2 1
145 2 3 1
-250 1 4 1
1 4 0 2
-7 3 1 2
-34 2 2 2
-85 1 3 2
125 0 4 2
-17 3 0 3
-69 2 1 3
66 1 2 3
20 0 3 3
-12 2 0 4
-60 1 1 4
72 0 2 4
6 1 0 5
-6 0 1 5

11 2
3 4 0 0
-15 3 1 0
9 3 0 1
-40 2 1 1
14 2 0 2
-35 1 1 2
-12 1 0 3
-10 0 1 3
-20 0 0 4

1 2 2 0
2 1 3 0
-3 0 4 0
-1 1 2 1
-5 0 3 1
1 1 1 2
-2 0 2 2
1 1 0 3
1 0 0 4

#
F1=e{<1 2><11 2>},t1=th0{1 1 14},t2=th0{2 1 7},t3=th0{4 3 4},F2=(t2*(2*t1+t2-2*t3)-t3^2)/4,F3=e{<1 1><5 1><11 1><55 1>},[F1+F3 F2-2*F3 -F3]
####
56 3 1
1 5 1 0
-1 3 3 0
-2 4 0 2
3 3 1 2
-1 2 2 2
-3 1 3 2
-1 0 4 2
-3 2 0 4
8 1 1 4
3 0 2 4
-4 0 0 6

#
1 0 0
-1 3 1
2 0 0
1 -3 1
4 0 0
1 1 0
7 0 1
-1 -1 1
8 0 0
1 0 0
14 0 1
1 1 1
28 0 0
-1 1 0
56 0 1
0 1 0
0
0
#
7
1 2 1 0
-1 1 0 2

-1 3 0 0
1 0 1 2

1 1 1 1
-1 0 0 3

8
-1 2 0 0
-2 1 1 0
1 0 2 0
2 0 0 2

3 2 0 0
2 1 1 0
1 0 2 0
-4 1 0 1
-4 0 1 1
2 0 0 2

1 2 0 0
-2 1 1 0
-1 0 2 0
2 0 0 2

56
1 3 0 0
2 2 1 0
-1 1 2 0
1 2 0 1
2 1 1 1
-1 0 2 1
-2 1 0 2
-2 0 0 3

1 3 0 0
-2 2 1 0
3 1 2 0
1 2 0 1
2 1 1 1
-1 0 2 1
2 1 0 2
-4 0 1 2
-2 0 0 3

-1 3 0 0
2 2 1 0
1 1 2 0
-1 2 0 1
2 1 1 1
1 0 2 1
-2 1 0 2
-2 0 0 3

-1 1 0 0

-1 0 1 0

1 0 0 1

1
3 1
0
#
1
2
2 3
-1 2 0 0
-1 1 1 0
1 1 0 1
1 0 1 1

2 4 0 2
4 3 1 2
4 2 2 2
4 1 3 2
2 0 4 2
4 3 0 3
12 2 1 3
12 1 2 3
4 0 3 3
4 2 0 4
8 1 1 4
4 0 2 4

2 1 0 1
2 0 1 1

7 2
-7 4 0 0
2 3 1 0
7 2 2 0
-2 1 3 0
-8 2 1 1
-12 1 2 1
-8 0 3 1
-11 2 0 2
20 1 1 2
11 0 2 2
16 1 0 3
12 0 1 3
-20 0 0 4

2 2 1 1
3 1 2 1
2 0 3 1
-4 1 0 3
-3 0 1 3

#
F1=e{<1 1><2 1><7 1><14 1>},F2=F1[4],F3=e{<1 1><7 1><8 1><56 1>},F4=(th0{1 0 14}^2-th0{2 0 7}^2)/4,[-F2-F3 (F1+F1[2]+F4)/2+F2+F3 F2]
####
57 3 1
1 2 4 0
1 1 4 1
3 4 0 2
-8 3 1 2
5 2 2 2
6 3 0 3
-12 2 1 3
5 1 2 3
-6 1 1 4
-1 0 2 4
-3 1 0 5
-1 0 1 5
-6 0 0 6

#
1 0 0
1 0 1
3 0 1
0 1 0
19 0 0
-2 0 1
57 0 1
0 1 0
1
57 3
1 1 0 0

1 0 0 1

0
#
3
1 1 2 0
-3 2 0 1
6 1 1 1
2 0 2 1
-3 1 0 2
3 0 1 2
6 0 0 3

6 1 1 1
3 0 1 2

-2 1 2 0
-1 0 2 1

19
-1 1 0 0
-1 0 0 1

-1 0 1 0

1 0 0 1

57
1 1 2 0
3 2 0 1
-6 1 1 1
-1 0 2 1
3 1 0 2
-3 0 1 2
-6 0 0 3

-6 1 1 1
-3 0 1 2

-2 1 2 0
-1 0 2 1

1
3 1
0
#
1
2
3 3
5 2 2 0
5 1 3 0
18 3 0 1
-25 2 1 1
18 1 2 1
27 2 0 2
20 1 1 2
19 0 2 2
18 1 0 3
14 0 1 3
72 0 0 4

-10 2 2 0
-10 1 3 0
40 3 0 1
12 2 1 1
2 1 2 1
-19 0 3 1
60 2 0 2
-78 1 1 2
-19 0 2 2
192 1 0 3
-123 0 1 3
-49 0 0 4

1 2 2 0
1 1 3 0
-4 3 0 1
14 2 1 1
-4 1 2 1
-6 2 0 2
23 1 1 2
15 1 0 3
-1 0 1 3
22 0 0 4

19 2
-342 5 1 0
1845 4 2 0
-718 3 3 0
-5564 2 4 0
-228 1 5 0
19 0 6 0
2079 5 0 1
-11097 4 1 1
13266 3 2 1
5097 2 3 1
709 1 4 1
228 0 5 1
2619 3 1 2
-11709 2 2 2
-5934 1 3 2
1219 0 4 2
-7101 3 0 3
15975 2 1 3
16767 1 2 3
3850 0 3 3
13473 2 0 4
-41337 1 1 4
5184 0 2 4
11907 1 0 5
6237 0 1 5
-20358 0 0 6

114 5 1 0
-83 4 2 0
-16 3 3 0
35 2 4 0
-19 1 5 0
-9 5 0 1
537 4 1 1
-416 3 2 1
-53 2 3 1
35 1 4 1
-19 0 5 1
9 4 0 2
548 3 1 2
-424 2 2 2
-173 1 3 2
-200 3 0 3
-58 2 1 3
-200 1 2 3
-155 0 3 3
-796 2 0 4
-433 1 1 4
-125 0 2 4
-799 1 0 5
-330 0 1 5
-428 0 0 6

#
t19=(3*th0{1 1 5}^2-E{19})/8,F1=t19[3],F2=q*th1{1 2 58}*th1{3 6 22},F3=f{0 -1 1 -2 2},F4=f{1 0 1 -7 5},[-(F3+2*F4+2*F1-3*F2)/4 F2-F4 F1]
####
58 3 1
1 5 1 0
-10 4 2 0
33 3 3 0
-37 2 4 0
17 1 5 0
-2 0 6 0
-2 4 1 1
9 3 2 1
-10 2 3 1
6 1 4 1
2 0 5 1
-1 4 0 2
11 3 1 2
-36 2 2 2
36 1 3 2
-3 0 4 2
1 3 0 3
-2 2 1 3
12 1 2 3
4 0 3 3
-1 2 0 4
22 1 1 4
-3 0 2 4
3 1 0 5
2 0 1 5
-2 0 0 6

#
1 0 0
1 0 1
2 0 0
-1 -1 1
29 0 0
-1 -2 1
58 0 0
1 0 0
0
0
#
2
-1 1 0 0
-3 0 1 0
-3 0 0 1

-2 1 0 0
-2 0 0 1

1 1 0 0
1 0 1 0
3 0 0 1

29
-1 1 0 0

-1 1 0 0
-1 0 0 1

1 1 0 0
-1 0 1 0

58
1 1 0 0
3 0 1 0
3 0 0 1

2 0 1 0

1 1 0 0
-3 0 1 0
-1 0 0 1

1
1 1
0
#
1
2
2 3
1 3 0 0
-5 2 1 0
2 1 2 0
-2 0 3 0
-2 1 1 1
-5 0 2 1
1 1 0 2
-5 0 1 2
-2 0 0 3

1 9 0 0
-9095 4 5 0
50821 3 6 0
-65304 2 7 0
32195 1 8 0
-3884 0 9 0
-1 8 0 1
-13196 4 4 1
68979 3 5 1
-84752 2 6 1
45035 1 7 1
-62 0 8 1
-16 7 0 2
-2133 4 3 2
23090 3 4 2
-72160 2 5 2
79563 1 6 2
-1911 0 7 2
-21 6 0 3
2699 4 2 3
4779 3 3 3
-49406 2 4 3
88337 1 5 3
2049 0 6 3
61 5 0 4
759 4 1 4
-198 3 2 4
9571 2 3 4
60935 1 4 4
1234 0 5 4
272 4 0 5
-2667 3 1 5
14329 2 2 5
36800 1 3 5
-1706 0 4 5
-202 3 0 6
547 2 1 6
100 1 2 6
-1029 0 3 6
127 2 0 7
-7201 1 1 7
-3234 0 2 7
-804 1 0 8
-398 0 1 8
583 0 0 9

2 2 1 0
-7 1 2 0
1 0 3 0
1 2 0 1
-8 1 1 1
-2 0 2 1
-2 1 0 2
-2 0 1 2
1 0 0 3

29 2
-8 7 0 0
-4600 4 3 0
55656 3 4 0
-180088 2 5 0
119592 1 6 0
-15592 0 7 0
112 6 0 1
-8304 4 2 1
63184 3 3 1
-141000 2 4 1
25808 1 5 1
24288 0 6 1
-456 5 0 2
-1320 4 1 2
36560 3 2 2
-135664 2 3 2
136304 1 4 2
-25432 0 5 2
16 4 0 3
18096 3 1 3
-102016 2 2 3
61664 1 3 3
23072 0 4 3
3616 3 0 4
-39944 2 1 4
27000 1 2 4
-12096 0 3 4
-6328 2 0 5
12832 1 1 5
392 0 2 5
3408 1 0 6
-2208 0 1 6
-360 0 0 7

7507 4 3 0
-46181 3 4 0
60308 2 5 0
-29931 1 6 0
3578 0 7 0
-8 6 0 1
11092 4 2 1
-61501 3 3 1
74661 2 4 1
-39655 1 5 1
-540 0 6 1
-88 5 0 2
2901 4 1 2
-27696 3 2 2
71993 2 3 2
-75983 1 4 2
1473 0 5 2
-464 4 0 3
-15585 3 1 3
52333 2 2 3
-82396 1 3 3
-4015 0 4 3
-4573 3 0 4
-847 2 1 4
-63077 1 2 4
-2699 0 3 4
-3552 2 0 5
-42829 1 1 5
-891 0 2 5
-7109 1 0 6
-588 0 1 6
2338 0 0 7

#
t1=th1{1 2 30},t2=th1{3 2 10},t3=th1{5 2 6},F1=q*t2*(t1-t3),F2=F1[2],F3=f{1 1 1 5 9},[F1+F2 (F1+2*F2-F3)/2 (F3-F1)/2]
####
59 2 5
0 0 -1 0 -1 0 -1
-2 -1 5 -6 -1 10 -16 10 0 -7 5 -2
#
1 0 0
1 0 0
59 0 0
1 1 0
0
0
#
59
1 1 0 0

1 6 0 0
1 4 0 2
1 2 0 4
-1 0 1 0

1 0 0 1

0
0
#
0
29 5 0
-75 4 0
70 3 0
-5 2 0
-25 1 0
10 0 0

1 0 0

3481 10 0
-13926 9 0
27373 8 0
-27974 7 0
8160 6 0
13086 5 0
-3480 4 1
-16831 4 0
7200 3 1
6786 3 0
-5040 2 1
981 2 0
240 1 1
-2948 1 0
600 0 1
820 0 0

1 0 0

-205379 15 0
1437651 14 0
-4517319 13 0
8243862 12 0
-8486787 11 0
2525277 10 0
205380 9 1
6161324 9 0
-1027404 8 1
-10258329 8 0
2039184 7 1
7242327 7 0
-1925028 6 1
-1256998 6 0
453600 5 1
-2325009 5 0
721980 4 1
2237175 4 0
-696024 3 1
-587921 3 0
183708 2 1
-272166 2 0
27972 1 1
186780 1 0
-23688 0 1
-12880 0 0

1 0 0

#
F=e{<1 2><59 2>},x=q*th3{3 1 5}*th3{5 1 3}/F,s=-D(x)/F,y=(s+x^6+x^4+x^2)/2
####
61 4 2
1 0 2 0 0
-1 1 0 1 0
1 1 0 0 1
1 0 0 1 1

-1 2 1 0 0
1 2 0 1 0
-2 1 1 1 0
1 1 0 2 0
-1 0 1 2 0
-1 2 0 0 1
1 1 1 0 1
-5 1 0 1 1
1 0 1 1 1
-1 0 0 2 1
2 1 0 0 2
-1 0 1 0 2
2 0 0 1 2
1 0 0 0 3

#
1 0 0
0 0 1 0
61 0 0
1 0 0 0
0
0
#
61
1 0 0 1 0

1 0 1 0 0

1 1 0 0 0

1 0 0 0 1

1
1 1
0
#
0
1 2
1 0 0 1
-1 0 0 0

1 0 4 0
-4 0 3 1
1 0 3 0
3 0 2 2
-8 0 2 1
5 0 2 0
-4 0 1 3
3 0 1 2
-4 0 1 1
2 0 1 0
-3 0 0 2
4 0 0 1
-2 0 0 0

-3 1 1 0
-5 1 0 0
-3 0 2 0
-3 0 1 1
-1 0 1 0
-5 0 0 1
5 0 0 0

1 0 1 0

2 4 0 0
473 3 0 0
2661 2 0 0
7487 1 2 0
-306 1 1 0
2846 1 0 0
16362 0 4 0
-11308 0 3 1
12147 0 3 0
21628 0 2 2
-4357 0 2 1
17920 0 2 0
-23188 0 1 3
59640 0 1 2
-55654 0 1 1
31948 0 1 0
7442 0 0 4
-26047 0 0 3
54953 0 0 2
-43686 0 0 1
26265 0 0 0

6 0 2 0
7 0 1 0
2 0 0 0

4 6 0 0
-2036 5 0 0
-56371 4 0 0
-196244 3 0 0
-738023 2 0 0
-115587 1 2 0
-382929 1 1 0
-1556614 1 0 0
-2406602 0 4 2
3308125 0 4 1
-3309609 0 4 0
-444578 0 3 3
-6824459 0 3 2
6569153 0 3 1
-6309052 0 3 0
-4110590 0 2 4
6361637 0 2 3
-9707344 0 2 2
7396016 0 2 1
-7986684 0 2 0
967252 0 1 5
-14438228 0 1 4
28051936 0 1 3
-34886061 0 1 2
22064818 0 1 1
-8948212 0 1 0
-907924 0 0 6
4539620 0 0 5
-16510285 0 0 4
27266948 0 0 3
-31826347 0 0 2
17595428 0 0 1
-6768168 0 0 0

18 0 3 0
33 0 2 0
20 0 1 0
4 0 0 0

#
t1=th1{1 2 62},t2=th1{5 14 22},t3=th1{7 6 10},F1=q*t1*t3,F2=q*t2*t3,F3=(5*thQ{61}-E{61})/2,F4=f{1 0 0 -2 1},[(F3-3*F1+F2+4*F4)/8 -F2 (F3-3*F1+F2-4*F4)/8 F1+F2]
####
63 3 1
1 5 1 0
-2 4 2 0
3 3 3 0
-2 2 4 0
1 1 5 0
-2 3 0 3
1 2 1 3
1 1 2 3
-2 0 3 3
1 0 0 6

#
1 0 1
1 1 1
3 1 1
2
1 1 0 0
-1 0 1 0

1 0 2 0
1 0 1 1
1 0 0 2

7 0 1
1 1 1
9 0 0
0 1 0
21 1 1
2
1 1 0 0
-1 0 1 0

1 0 2 0
1 0 1 1
1 0 0 2

63 0 0
1 0 0
2
1 7
1 0 1 0
-1 0 0 1

1 1 0 0
-1 0 0 1

3 21
1 4 0 0
-2 1 3 0
6 0 4 0
-2 1 0 3
-3 0 1 3

-3 0 4 0
1 1 0 3
2 0 1 3

0
#
7
1 0 1 0

1 1 0 0

1 0 0 1

9
1 2 0 0
-1 1 1 0
1 0 2 0
-1 1 0 1
2 0 1 1
-2 0 0 2

1 2 0 0
-1 1 1 0
1 0 2 0
2 1 0 1
-1 0 1 1
-2 0 0 2

1 2 0 0
-1 1 1 0
1 0 2 0
-1 1 0 1
-1 0 1 1
1 0 0 2

63
1 2 0 0
-1 1 1 0
1 0 2 0
2 1 0 1
-1 0 1 1
-2 0 0 2

1 2 0 0
-1 1 1 0
1 0 2 0
-1 1 0 1
2 0 1 1
-2 0 0 2

1 2 0 0
-1 1 1 0
1 0 2 0
-1 1 0 1
-1 0 1 1
1 0 0 2

1 0 1 0 0

1 0 0 1 0

0 1 0 0 1

1 0 3 0 0
0 1 2 1 0
0 -1 1 2 0
1 1 0 3 0
-1 0 2 0 1
1 0 0 2 1
2 2 1 0 2
-2 -2 0 1 2
-2 -1 0 0 3

-1 -1 3 0 0
0 1 2 1 0
0 -1 1 2 0
-1 0 0 3 0
-1 0 2 0 1
1 0 0 2 1
2 2 1 0 2
-2 -2 0 1 2
2 1 0 0 3

1 0 3 0 0
-2 0 2 1 0
2 0 1 2 0
-1 0 0 3 0
1 1 2 0 1
-1 -1 0 2 1
0 1 1 0 2
0 -1 0 1 2

0 1 3 0 0
-1 -1 2 1 0
1 1 1 2 0
-1 0 0 3 0
-1 0 2 0 1
1 0 0 2 1
0 -2 1 0 2
0 2 0 1 2
1 -1 0 0 3

1 0 3 0 0
-1 -1 2 1 0
1 1 1 2 0
0 -1 0 3 0
-1 0 2 0 1
1 0 0 2 1
0 -2 1 0 2
0 2 0 1 2
-1 1 0 0 3

1 0 3 0 0
-2 0 2 1 0
2 0 1 2 0
-1 0 0 3 0
0 -1 2 0 1
0 1 0 2 1
-1 -1 1 0 2
1 1 0 1 2

2
2 1
3 3
0
#
1
2
3 3
8 3 1 0
-6 2 2 0
6 1 3 0
2 0 4 0
-7 3 0 1
15 2 1 1
-10 1 2 1
4 0 3 1
-7 1 1 2
7 0 2 2
5 1 0 3
-15 0 1 3
-2 0 0 4

-7 4 0 0
17 3 1 0
-18 2 2 0
11 1 3 0
-1 0 4 0
3 2 1 1
5 1 2 1
5 0 3 1
21 2 0 2
-28 1 1 2
7 0 2 2
1 1 0 3
-3 0 1 3
-13 0 0 4

-4 3 1 0
3 2 2 0
-3 1 3 0
-1 0 4 0
3 2 1 1
-2 1 2 1
-2 0 3 1
7 1 1 2
-7 0 2 2
1 1 0 3
4 0 1 3
1 0 0 4

7 2
1 3 0 0
3 2 1 0
-3 1 2 0
4 0 3 0
-3 2 0 1
-2 0 0 3

1 2 0 1

#
F1=(th0{1 1 16}-th0{4 1 4})*th0{2 1 8}/2,F2=q*th1{1 2 22}*th1{3 6 10},F3=F2[3],F4=e{<3 2><21 2>},[(F1-F2-F3+F4)/2 (F1-F2-F3-F4)/2 F3]
####
64 3 1
4 3 1 0
1 1 3 0
-1 0 0 4

#
1 0 0
1 2 2
2 0 0
-1 -2 2
4 1 0
2
2 1 0 0
-1 0 1 0

2 1 1 0
1 0 0 2

8 1 0
2
2 1 0 0
1 0 1 0

4 2 2 0
1 0 0 4

16 1 0
2
1 0 0 1

4 2 0 0
1 0 2 0

32 0 0
1 0 0
64 0 0
0 1 0
0
0
#
64
2 1 0 0
1 0 1 0
-2 0 0 1

4 1 0 0
2 0 1 0
4 0 0 1

-4 1 0 0
2 0 1 0

-1 1 0 0

-1 0 1 0

1 0 0 1

0 -1 1 0 0

0 -1 0 1 0

1 0 0 0 1

0 0 0 1 1 0 0

0 0 0 -1 0 1 0

1 0 0 0 0 0 1

3
1 1
1 4
1 8
0
#
1
1
2 3
1 0 0 2

2 1 0 1
1 0 1 1

1 1 1 0

#
F1=e{<4 2><8 2>},F2=F1<-8>,[(F2-F1)/4 (F2+F1)/2 F1[2]]
####
71 2 6
-1 0 0 -1 -1 -1 0 -1
-3 1 10 7 -18 -31 0 36 27 -7 -20 -10 -1 1
#
1 0 0
1 0 0
71 0 0
1 1 0
0
0
#
71
1 1 0 0

1 7 0 0
1 5 0 2
1 4 0 3
1 3 0 4
-1 0 1 0
1 0 0 7

1 0 0 1

0
0
#
0
35 6 0
82 5 0
25 4 0
-90 3 0
-65 2 0
20 1 0
20 0 0

1 0 0

5041 12 0
15124 11 0
10322 10 0
-28096 9 0
-60997 8 0
-20432 7 0
58058 6 0
-5040 5 1
63044 5 0
-9840 4 1
1193 4 0
-2400 3 1
-28952 3 0
6480 2 1
-13360 2 0
3120 1 1
2552 1 0
-480 0 1
2368 0 0

1 0 0

-357911 18 0
-1789554 17 0
-2505879 16 0
3919370 15 0
18460122 14 0
22300926 13 0
-4822075 12 0
357912 11 1
-40649730 11 0
1431144 10 1
-34295910 10 0
1413000 9 1
12934710 9 0
-1981584 8 1
38744841 8 0
-5061456 7 1
16116774 7 0
-2145024 6 1
-12730915 6 0
2905848 5 1
-13741368 5 0
2911320 4 1
-1239096 4 0
20232 3 1
3459028 3 0
-770256 2 1
1201608 2 0
-174240 1 1
-252240 1 0
34272 0 1
-112616 0 0

1 0 0

#
F=e{<1 2><71 2>},x=(th0{2 1 9}-th0{3 1 6})/(2*e{<1 1><71 1>}),s=-D(x)/F,y=(s+x^7+x^5+x^4+x^3+1)/2
####
81 4 2
3 1 1 0 0
-1 1 0 1 0
1 0 0 0 2

3 3 0 0 0
-3 0 3 0 0
3 0 2 1 0
-1 0 1 2 0
1 0 0 0 3

#
1 0 0
1 1 3 0
3 1 0
3
-3 0 1 0 0
1 0 0 1 0

1 0 0 0 1

1 2 0 0 0
1 1 1 0 0
1 0 2 0 0

9 1 0
3
1 0 0 1 0

3 1 1 0 0
-1 1 0 1 0
1 0 0 0 2

3 3 0 0 0
-3 0 3 0 0
3 0 2 1 0
-1 0 1 2 0
1 0 0 0 3

27 1 0
3
1 1 0 0 0

1 0 0 0 1

3 0 2 0 0
-3 0 1 1 0
1 0 0 2 0

81 0 0
0 0 1 0
0
0
#
81
-3 0 1 0 0
1 0 0 1 0

-3 1 0 0 0
1 0 0 1 0

3 0 0 1 0

3 0 0 0 1

0 1 1 0 0 0

-1 -1 0 1 0 0

-1 -1 0 0 1 0

1 0 0 0 0 1

2
1 1
1 3
0
#
1
1
3 3
1 1 0 1 0

4 2 0 0 0
-3 0 1 0 1
1 0 0 1 1

1 2 0 0 0

#
F1=e{<3 2><9 2>},F2=F1[3],t9=e{<1 3><9 -3>},F3=F2*(t9[3]+9)/(t9+3),F4=e{<3 1><9 2><27 1>},[F2 (F3-F1)/3 F3 F4]
####
